                    2          0
             1               0.0000000               3.0377769              -7.4840178
             2              -0.1871427               3.0377769              -6.7356162
             3              -0.3742853               3.0377769              -5.9872141
             4              -0.5614280               3.0377769              -5.2388124
             5              -0.7485707               3.0377769              -4.4904108
             6              -0.9357134               3.0377769              -3.7420089
             7              -1.1228560               3.0377769              -2.9936070
             8              -1.3099988               3.0377769              -2.2452054
             9              -1.4971414               3.0377769              -1.4968038
            10              -1.6842840               3.0377769              -0.7484016
            11              -1.8714268               3.0377769               0.0000000
            12               0.0000000               3.0377769              -7.4840178
            13               0.1871427               3.0377769              -6.7356162
            14               0.3742853               3.0377769              -5.9872141
            15               0.5614280               3.0377769              -5.2388124
            16               0.7485707               3.0377769              -4.4904108
            17               0.9357134               3.0377769              -3.7420089
            18               1.1228560               3.0377769              -2.9936070
            19               1.3099988               3.0377769              -2.2452054
            20               1.4971414               3.0377769              -1.4968038
            21               1.6842840               3.0377769              -0.7484016
            22               1.8714268               3.0377769               0.0000000
            23               0.0000000               3.0377769              -7.4840178
            24               0.1871427               3.0377769              -6.7356162
            25               0.3742853               3.0377769              -5.9872141
            26               0.5614280               3.0377769              -5.2388124
            27               0.7485707               3.0377769              -4.4904108
            28               0.9357134               3.0377769              -3.7420089
            29               1.1228560               3.0377769              -2.9936070
            30               1.3099988               3.0377769              -2.2452054
            31               1.4971414               3.0377769              -1.4968038
            32               1.6842840               3.0377769              -0.7484016
            33               1.8714268               3.0377769               0.0000000
            34               0.0000000               2.2783327              -7.4840178
            35               0.1871427               2.2783327              -6.7356162
            36               0.3742853               2.2783327              -5.9872141
            37               0.5614280               2.2783327              -5.2388124
            38               0.7485707               2.2783327              -4.4904108
            39               0.9357134               2.2783327              -3.7420089
            40               1.1228560               2.2783327              -2.9936070
            41               1.3099988               2.2783327              -2.2452054
            42               1.4971414               2.2783327              -1.4968038
            43               1.6842840               2.2783327              -0.7484016
            44               1.8714268               2.2783327               0.0000000
            45               0.0000000               1.5188885              -7.4840178
            46               0.1871427               1.5188885              -6.7356162
            47               0.3742853               1.5188885              -5.9872141
            48               0.5614280               1.5188885              -5.2388124
            49               0.7485707               1.5188885              -4.4904108
            50               0.9357134               1.5188885              -3.7420089
            51               1.1228560               1.5188885              -2.9936070
            52               1.3099988               1.5188885              -2.2452054
            53               1.4971414               1.5188885              -1.4968038
            54               1.6842840               1.5188885              -0.7484016
            55               1.8714268               1.5188885               0.0000000
            56               0.0000000               0.7594442              -7.4840178
            57               0.1871427               0.7594442              -6.7356162
            58               0.3742853               0.7594442              -5.9872141
            59               0.5614280               0.7594442              -5.2388124
            60               0.7485707               0.7594442              -4.4904108
            61               0.9357134               0.7594442              -3.7420089
            62               1.1228560               0.7594442              -2.9936070
            63               1.3099988               0.7594442              -2.2452054
            64               1.4971414               0.7594442              -1.4968038
            65               1.6842840               0.7594442              -0.7484016
            66               1.8714268               0.7594442               0.0000000
            67               0.0000000               0.0000000              -7.4840178
            68               0.1871427               0.0000000              -6.7356162
            69               0.3742853               0.0000000              -5.9872141
            70               0.5614280               0.0000000              -5.2388124
            71               0.7485707               0.0000000              -4.4904108
            72               0.9357134               0.0000000              -3.7420089
            73               1.1228560               0.0000000              -2.9936070
            74               1.3099988               0.0000000              -2.2452054
            75               1.4971414               0.0000000              -1.4968038
            76               1.6842840               0.0000000              -0.7484016
            77               1.8714268               0.0000000               0.0000000
            78               0.0000000              -0.7594442              -7.4840178
            79               0.1871427              -0.7594442              -6.7356162
            80               0.3742853              -0.7594442              -5.9872141
            81               0.5614280              -0.7594442              -5.2388124
            82               0.7485707              -0.7594442              -4.4904108
            83               0.9357134              -0.7594442              -3.7420089
            84               1.1228560              -0.7594442              -2.9936070
            85               1.3099988              -0.7594442              -2.2452054
            86               1.4971414              -0.7594442              -1.4968038
            87               1.6842840              -0.7594442              -0.7484016
            88               1.8714268              -0.7594442               0.0000000
            89               0.0000000              -1.5188885              -7.4840178
            90               0.1871427              -1.5188885              -6.7356162
            91               0.3742853              -1.5188885              -5.9872141
            92               0.5614280              -1.5188885              -5.2388124
            93               0.7485707              -1.5188885              -4.4904108
            94               0.9357134              -1.5188885              -3.7420089
            95               1.1228560              -1.5188885              -2.9936070
            96               1.3099988              -1.5188885              -2.2452054
            97               1.4971414              -1.5188885              -1.4968038
            98               1.6842840              -1.5188885              -0.7484016
            99               1.8714268              -1.5188885               0.0000000
           100               0.0000000              -2.2783327              -7.4840178
           101               0.1871427              -2.2783327              -6.7356162
           102               0.3742853              -2.2783327              -5.9872141
           103               0.5614280              -2.2783327              -5.2388124
           104               0.7485707              -2.2783327              -4.4904108
           105               0.9357134              -2.2783327              -3.7420089
           106               1.1228560              -2.2783327              -2.9936070
           107               1.3099988              -2.2783327              -2.2452054
           108               1.4971414              -2.2783327              -1.4968038
           109               1.6842840              -2.2783327              -0.7484016
           110               1.8714268              -2.2783327               0.0000000
           111               0.0000000              -3.0377769              -7.4840178
           112               0.1871427              -3.0377769              -6.7356162
           113               0.3742853              -3.0377769              -5.9872141
           114               0.5614280              -3.0377769              -5.2388124
           115               0.7485707              -3.0377769              -4.4904108
           116               0.9357134              -3.0377769              -3.7420089
           117               1.1228560              -3.0377769              -2.9936070
           118               1.3099988              -3.0377769              -2.2452054
           119               1.4971414              -3.0377769              -1.4968038
           120               1.6842840              -3.0377769              -0.7484016
           121               1.8714268              -3.0377769               0.0000000
           122               0.0000000              -3.0377769              -7.4840178
           123               0.1871427              -3.0377769              -6.7356162
           124               0.3742853              -3.0377769              -5.9872141
           125               0.5614280              -3.0377769              -5.2388124
           126               0.7485707              -3.0377769              -4.4904108
           127               0.9357134              -3.0377769              -3.7420089
           128               1.1228560              -3.0377769              -2.9936070
           129               1.3099988              -3.0377769              -2.2452054
           130               1.4971414              -3.0377769              -1.4968038
           131               1.6842840              -3.0377769              -0.7484016
           132               1.8714268              -3.0377769               0.0000000
           133               0.0000000              -3.0377769              -7.4840178
           134              -0.1871427              -3.0377769              -6.7356162
           135              -0.3742853              -3.0377769              -5.9872141
           136              -0.5614280              -3.0377769              -5.2388124
           137              -0.7485707              -3.0377769              -4.4904108
           138              -0.9357134              -3.0377769              -3.7420089
           139              -1.1228560              -3.0377769              -2.9936070
           140              -1.3099988              -3.0377769              -2.2452054
           141              -1.4971414              -3.0377769              -1.4968038
           142              -1.6842840              -3.0377769              -0.7484016
           143              -1.8714268              -3.0377769               0.0000000
           144               0.0000000              -3.0377769              -7.4840178
           145              -0.1871427              -3.0377769              -6.7356162
           146              -0.3742853              -3.0377769              -5.9872141
           147              -0.5614280              -3.0377769              -5.2388124
           148              -0.7485707              -3.0377769              -4.4904108
           149              -0.9357134              -3.0377769              -3.7420089
           150              -1.1228560              -3.0377769              -2.9936070
           151              -1.3099988              -3.0377769              -2.2452054
           152              -1.4971414              -3.0377769              -1.4968038
           153              -1.6842840              -3.0377769              -0.7484016
           154              -1.8714268              -3.0377769               0.0000000
           155               0.0000000              -2.2783327              -7.4840178
           156              -0.1871427              -2.2783327              -6.7356162
           157              -0.3742853              -2.2783327              -5.9872141
           158              -0.5614280              -2.2783327              -5.2388124
           159              -0.7485707              -2.2783327              -4.4904108
           160              -0.9357134              -2.2783327              -3.7420089
           161              -1.1228560              -2.2783327              -2.9936070
           162              -1.3099988              -2.2783327              -2.2452054
           163              -1.4971414              -2.2783327              -1.4968038
           164              -1.6842840              -2.2783327              -0.7484016
           165              -1.8714268              -2.2783327               0.0000000
           166               0.0000000              -1.5188885              -7.4840178
           167              -0.1871427              -1.5188885              -6.7356162
           168              -0.3742853              -1.5188885              -5.9872141
           169              -0.5614280              -1.5188885              -5.2388124
           170              -0.7485707              -1.5188885              -4.4904108
           171              -0.9357134              -1.5188885              -3.7420089
           172              -1.1228560              -1.5188885              -2.9936070
           173              -1.3099988              -1.5188885              -2.2452054
           174              -1.4971414              -1.5188885              -1.4968038
           175              -1.6842840              -1.5188885              -0.7484016
           176              -1.8714268              -1.5188885               0.0000000
           177               0.0000000              -0.7594442              -7.4840178
           178              -0.1871427              -0.7594442              -6.7356162
           179              -0.3742853              -0.7594442              -5.9872141
           180              -0.5614280              -0.7594442              -5.2388124
           181              -0.7485707              -0.7594442              -4.4904108
           182              -0.9357134              -0.7594442              -3.7420089
           183              -1.1228560              -0.7594442              -2.9936070
           184              -1.3099988              -0.7594442              -2.2452054
           185              -1.4971414              -0.7594442              -1.4968038
           186              -1.6842840              -0.7594442              -0.7484016
           187              -1.8714268              -0.7594442               0.0000000
           188               0.0000000               0.0000000              -7.4840178
           189              -0.1871427               0.0000000              -6.7356162
           190              -0.3742853               0.0000000              -5.9872141
           191              -0.5614280               0.0000000              -5.2388124
           192              -0.7485707               0.0000000              -4.4904108
           193              -0.9357134               0.0000000              -3.7420089
           194              -1.1228560               0.0000000              -2.9936070
           195              -1.3099988               0.0000000              -2.2452054
           196              -1.4971414               0.0000000              -1.4968038
           197              -1.6842840               0.0000000              -0.7484016
           198              -1.8714268               0.0000000               0.0000000
           199               0.0000000               0.7594442              -7.4840178
           200              -0.1871427               0.7594442              -6.7356162
           201              -0.3742853               0.7594442              -5.9872141
           202              -0.5614280               0.7594442              -5.2388124
           203              -0.7485707               0.7594442              -4.4904108
           204              -0.9357134               0.7594442              -3.7420089
           205              -1.1228560               0.7594442              -2.9936070
           206              -1.3099988               0.7594442              -2.2452054
           207              -1.4971414               0.7594442              -1.4968038
           208              -1.6842840               0.7594442              -0.7484016
           209              -1.8714268               0.7594442               0.0000000
           210               0.0000000               1.5188885              -7.4840178
           211              -0.1871427               1.5188885              -6.7356162
           212              -0.3742853               1.5188885              -5.9872141
           213              -0.5614280               1.5188885              -5.2388124
           214              -0.7485707               1.5188885              -4.4904108
           215              -0.9357134               1.5188885              -3.7420089
           216              -1.1228560               1.5188885              -2.9936070
           217              -1.3099988               1.5188885              -2.2452054
           218              -1.4971414               1.5188885              -1.4968038
           219              -1.6842840               1.5188885              -0.7484016
           220              -1.8714268               1.5188885               0.0000000
           221               0.0000000               2.2783327              -7.4840178
           222              -0.1871427               2.2783327              -6.7356162
           223              -0.3742853               2.2783327              -5.9872141
           224              -0.5614280               2.2783327              -5.2388124
           225              -0.7485707               2.2783327              -4.4904108
           226              -0.9357134               2.2783327              -3.7420089
           227              -1.1228560               2.2783327              -2.9936070
           228              -1.3099988               2.2783327              -2.2452054
           229              -1.4971414               2.2783327              -1.4968038
           230              -1.6842840               2.2783327              -0.7484016
           231              -1.8714268               2.2783327               0.0000000
           232               0.0000000               3.0377769              -7.4840178
           233              -0.1871427               3.0377769              -6.7356162
           234              -0.3742853               3.0377769              -5.9872141
           235              -0.5614280               3.0377769              -5.2388124
           236              -0.7485707               3.0377769              -4.4904108
           237              -0.9357134               3.0377769              -3.7420089
           238              -1.1228560               3.0377769              -2.9936070
           239              -1.3099988               3.0377769              -2.2452054
           240              -1.4971414               3.0377769              -1.4968038
           241              -1.6842840               3.0377769              -0.7484016
           242              -1.8714268               3.0377769               0.0000000
             0          0.00          0.00          0.00
               1               2              13              12
               2               3              14              13
               3               4              15              14
               4               5              16              15
               5               6              17              16
               6               7              18              17
               7               8              19              18
               8               9              20              19
               9              10              21              20
              10              11              22              21
              23              24              35              34
              24              25              36              35
              25              26              37              36
              26              27              38              37
              27              28              39              38
              28              29              40              39
              29              30              41              40
              30              31              42              41
              31              32              43              42
              32              33              44              43
              34              35              46              45
              35              36              47              46
              36              37              48              47
              37              38              49              48
              38              39              50              49
              39              40              51              50
              40              41              52              51
              41              42              53              52
              42              43              54              53
              43              44              55              54
              45              46              57              56
              46              47              58              57
              47              48              59              58
              48              49              60              59
              49              50              61              60
              50              51              62              61
              51              52              63              62
              52              53              64              63
              53              54              65              64
              54              55              66              65
              56              57              68              67
              57              58              69              68
              58              59              70              69
              59              60              71              70
              60              61              72              71
              61              62              73              72
              62              63              74              73
              63              64              75              74
              64              65              76              75
              65              66              77              76
              67              68              79              78
              68              69              80              79
              69              70              81              80
              70              71              82              81
              71              72              83              82
              72              73              84              83
              73              74              85              84
              74              75              86              85
              75              76              87              86
              76              77              88              87
              78              79              90              89
              79              80              91              90
              80              81              92              91
              81              82              93              92
              82              83              94              93
              83              84              95              94
              84              85              96              95
              85              86              97              96
              86              87              98              97
              87              88              99              98
              89              90             101             100
              90              91             102             101
              91              92             103             102
              92              93             104             103
              93              94             105             104
              94              95             106             105
              95              96             107             106
              96              97             108             107
              97              98             109             108
              98              99             110             109
             100             101             112             111
             101             102             113             112
             102             103             114             113
             103             104             115             114
             104             105             116             115
             105             106             117             116
             106             107             118             117
             107             108             119             118
             108             109             120             119
             109             110             121             120
             122             123             134             133
             123             124             135             134
             124             125             136             135
             125             126             137             136
             126             127             138             137
             127             128             139             138
             128             129             140             139
             129             130             141             140
             130             131             142             141
             131             132             143             142
             144             145             156             155
             145             146             157             156
             146             147             158             157
             147             148             159             158
             148             149             160             159
             149             150             161             160
             150             151             162             161
             151             152             163             162
             152             153             164             163
             153             154             165             164
             155             156             167             166
             156             157             168             167
             157             158             169             168
             158             159             170             169
             159             160             171             170
             160             161             172             171
             161             162             173             172
             162             163             174             173
             163             164             175             174
             164             165             176             175
             166             167             178             177
             167             168             179             178
             168             169             180             179
             169             170             181             180
             170             171             182             181
             171             172             183             182
             172             173             184             183
             173             174             185             184
             174             175             186             185
             175             176             187             186
             177             178             189             188
             178             179             190             189
             179             180             191             190
             180             181             192             191
             181             182             193             192
             182             183             194             193
             183             184             195             194
             184             185             196             195
             185             186             197             196
             186             187             198             197
             188             189             200             199
             189             190             201             200
             190             191             202             201
             191             192             203             202
             192             193             204             203
             193             194             205             204
             194             195             206             205
             195             196             207             206
             196             197             208             207
             197             198             209             208
             199             200             211             210
             200             201             212             211
             201             202             213             212
             202             203             214             213
             203             204             215             214
             204             205             216             215
             205             206             217             216
             206             207             218             217
             207             208             219             218
             208             209             220             219
             210             211             222             221
             211             212             223             222
             212             213             224             223
             213             214             225             224
             214             215             226             225
             215             216             227             226
             216             217             228             227
             217             218             229             228
             218             219             230             229
             219             220             231             230
             221             222             233             232
             222             223             234             233
             223             224             235             234
             224             225             236             235
             225             226             237             236
             226             227             238             237
             227             228             239             238
             228             229             240             239
             229             230             241             240
             230             231             242             241
          0          0          0          0
