                    2          0
             1               1.6776576               0.6499280              -7.6385136
             2               1.6776576               0.6499280              -6.7897897
             3               1.6776576               0.6499280              -5.9410663
             4               1.6776576               0.6499280              -5.0923424
             5               1.6776576               0.6499280              -4.2436190
             6               1.6776576               0.6499280              -3.3948951
             7               1.6776576               0.6499280              -2.5461712
             8               1.6776576               0.6499280              -1.6974473
             9               1.6776576               0.6499280              -0.8487239
            10               1.6776576               0.6499280               0.0000000
            11               1.7991502               0.0000000              -7.6385136
            12               1.7991502               0.0000000              -6.7897897
            13               1.7991502               0.0000000              -5.9410663
            14               1.7991502               0.0000000              -5.0923424
            15               1.7991502               0.0000000              -4.2436190
            16               1.7991502               0.0000000              -3.3948951
            17               1.7991502               0.0000000              -2.5461712
            18               1.7991502               0.0000000              -1.6974473
            19               1.7991502               0.0000000              -0.8487239
            20               1.7991502               0.0000000               0.0000000
            21               1.3295881               1.2120796              -7.6385136
            22               1.3295881               1.2120796              -6.7897897
            23               1.3295881               1.2120796              -5.9410663
            24               1.3295881               1.2120796              -5.0923424
            25               1.3295881               1.2120796              -4.2436190
            26               1.3295881               1.2120796              -3.3948951
            27               1.3295881               1.2120796              -2.5461712
            28               1.3295881               1.2120796              -1.6974473
            29               1.3295881               1.2120796              -0.8487239
            30               1.3295881               1.2120796               0.0000000
            31               1.6776576               0.6499280              -7.6385136
            32               1.6776576               0.6499280              -6.7897897
            33               1.6776576               0.6499280              -5.9410663
            34               1.6776576               0.6499280              -5.0923424
            35               1.6776576               0.6499280              -4.2436190
            36               1.6776576               0.6499280              -3.3948951
            37               1.6776576               0.6499280              -2.5461712
            38               1.6776576               0.6499280              -1.6974473
            39               1.6776576               0.6499280              -0.8487239
            40               1.6776576               0.6499280               0.0000000
            41               0.8019502               1.6105332              -7.6385136
            42               0.8019502               1.6105332              -6.7897897
            43               0.8019502               1.6105332              -5.9410663
            44               0.8019502               1.6105332              -5.0923424
            45               0.8019502               1.6105332              -4.2436190
            46               0.8019502               1.6105332              -3.3948951
            47               0.8019502               1.6105332              -2.5461712
            48               0.8019502               1.6105332              -1.6974473
            49               0.8019502               1.6105332              -0.8487239
            50               0.8019502               1.6105332               0.0000000
            51               1.3295881               1.2120796              -7.6385136
            52               1.3295881               1.2120796              -6.7897897
            53               1.3295881               1.2120796              -5.9410663
            54               1.3295881               1.2120796              -5.0923424
            55               1.3295881               1.2120796              -4.2436190
            56               1.3295881               1.2120796              -3.3948951
            57               1.3295881               1.2120796              -2.5461712
            58               1.3295881               1.2120796              -1.6974473
            59               1.3295881               1.2120796              -0.8487239
            60               1.3295881               1.2120796               0.0000000
            61               0.1660046               1.7914753              -7.6385136
            62               0.1660046               1.7914753              -6.7897897
            63               0.1660046               1.7914753              -5.9410663
            64               0.1660046               1.7914753              -5.0923424
            65               0.1660046               1.7914753              -4.2436190
            66               0.1660046               1.7914753              -3.3948951
            67               0.1660046               1.7914753              -2.5461712
            68               0.1660046               1.7914753              -1.6974473
            69               0.1660046               1.7914753              -0.8487239
            70               0.1660046               1.7914753               0.0000000
            71               0.8019502               1.6105332              -7.6385136
            72               0.8019502               1.6105332              -6.7897897
            73               0.8019502               1.6105332              -5.9410663
            74               0.8019502               1.6105332              -5.0923424
            75               0.8019502               1.6105332              -4.2436190
            76               0.8019502               1.6105332              -3.3948951
            77               0.8019502               1.6105332              -2.5461712
            78               0.8019502               1.6105332              -1.6974473
            79               0.8019502               1.6105332              -0.8487239
            80               0.8019502               1.6105332               0.0000000
            81              -0.4923608               1.7304688              -7.6385136
            82              -0.4923608               1.7304688              -6.7897897
            83              -0.4923608               1.7304688              -5.9410663
            84              -0.4923608               1.7304688              -5.0923424
            85              -0.4923608               1.7304688              -4.2436190
            86              -0.4923608               1.7304688              -3.3948951
            87              -0.4923608               1.7304688              -2.5461712
            88              -0.4923608               1.7304688              -1.6974473
            89              -0.4923608               1.7304688              -0.8487239
            90              -0.4923608               1.7304688               0.0000000
            91               0.1660046               1.7914753              -7.6385136
            92               0.1660046               1.7914753              -6.7897897
            93               0.1660046               1.7914753              -5.9410663
            94               0.1660046               1.7914753              -5.0923424
            95               0.1660046               1.7914753              -4.2436190
            96               0.1660046               1.7914753              -3.3948951
            97               0.1660046               1.7914753              -2.5461712
            98               0.1660046               1.7914753              -1.6974473
            99               0.1660046               1.7914753              -0.8487239
           100               0.1660046               1.7914753               0.0000000
           101              -1.0842302               1.4357527              -7.6385136
           102              -1.0842302               1.4357527              -6.7897897
           103              -1.0842302               1.4357527              -5.9410663
           104              -1.0842302               1.4357527              -5.0923424
           105              -1.0842302               1.4357527              -4.2436190
           106              -1.0842302               1.4357527              -3.3948951
           107              -1.0842302               1.4357527              -2.5461712
           108              -1.0842302               1.4357527              -1.6974473
           109              -1.0842302               1.4357527              -0.8487239
           110              -1.0842302               1.4357527               0.0000000
           111              -0.4923608               1.7304688              -7.6385136
           112              -0.4923608               1.7304688              -6.7897897
           113              -0.4923608               1.7304688              -5.9410663
           114              -0.4923608               1.7304688              -5.0923424
           115              -0.4923608               1.7304688              -4.2436190
           116              -0.4923608               1.7304688              -3.3948951
           117              -0.4923608               1.7304688              -2.5461712
           118              -0.4923608               1.7304688              -1.6974473
           119              -0.4923608               1.7304688              -0.8487239
           120              -0.4923608               1.7304688               0.0000000
           121              -1.5296683               0.9471305              -7.6385136
           122              -1.5296683               0.9471305              -6.7897897
           123              -1.5296683               0.9471305              -5.9410663
           124              -1.5296683               0.9471305              -5.0923424
           125              -1.5296683               0.9471305              -4.2436190
           126              -1.5296683               0.9471305              -3.3948951
           127              -1.5296683               0.9471305              -2.5461712
           128              -1.5296683               0.9471305              -1.6974473
           129              -1.5296683               0.9471305              -0.8487239
           130              -1.5296683               0.9471305               0.0000000
           131              -1.0842302               1.4357527              -7.6385136
           132              -1.0842302               1.4357527              -6.7897897
           133              -1.0842302               1.4357527              -5.9410663
           134              -1.0842302               1.4357527              -5.0923424
           135              -1.0842302               1.4357527              -4.2436190
           136              -1.0842302               1.4357527              -3.3948951
           137              -1.0842302               1.4357527              -2.5461712
           138              -1.0842302               1.4357527              -1.6974473
           139              -1.0842302               1.4357527              -0.8487239
           140              -1.0842302               1.4357527               0.0000000
           141              -1.7685162               0.3305930              -7.6385136
           142              -1.7685162               0.3305930              -6.7897897
           143              -1.7685162               0.3305930              -5.9410663
           144              -1.7685162               0.3305930              -5.0923424
           145              -1.7685162               0.3305930              -4.2436190
           146              -1.7685162               0.3305930              -3.3948951
           147              -1.7685162               0.3305930              -2.5461712
           148              -1.7685162               0.3305930              -1.6974473
           149              -1.7685162               0.3305930              -0.8487239
           150              -1.7685162               0.3305930               0.0000000
           151              -1.5296683               0.9471305              -7.6385136
           152              -1.5296683               0.9471305              -6.7897897
           153              -1.5296683               0.9471305              -5.9410663
           154              -1.5296683               0.9471305              -5.0923424
           155              -1.5296683               0.9471305              -4.2436190
           156              -1.5296683               0.9471305              -3.3948951
           157              -1.5296683               0.9471305              -2.5461712
           158              -1.5296683               0.9471305              -1.6974473
           159              -1.5296683               0.9471305              -0.8487239
           160              -1.5296683               0.9471305               0.0000000
           161              -1.7685162              -0.3305930              -7.6385136
           162              -1.7685162              -0.3305930              -6.7897897
           163              -1.7685162              -0.3305930              -5.9410663
           164              -1.7685162              -0.3305930              -5.0923424
           165              -1.7685162              -0.3305930              -4.2436190
           166              -1.7685162              -0.3305930              -3.3948951
           167              -1.7685162              -0.3305930              -2.5461712
           168              -1.7685162              -0.3305930              -1.6974473
           169              -1.7685162              -0.3305930              -0.8487239
           170              -1.7685162              -0.3305930               0.0000000
           171              -1.7685162               0.3305930              -7.6385136
           172              -1.7685162               0.3305930              -6.7897897
           173              -1.7685162               0.3305930              -5.9410663
           174              -1.7685162               0.3305930              -5.0923424
           175              -1.7685162               0.3305930              -4.2436190
           176              -1.7685162               0.3305930              -3.3948951
           177              -1.7685162               0.3305930              -2.5461712
           178              -1.7685162               0.3305930              -1.6974473
           179              -1.7685162               0.3305930              -0.8487239
           180              -1.7685162               0.3305930               0.0000000
           181              -1.5296683              -0.9471305              -7.6385136
           182              -1.5296683              -0.9471305              -6.7897897
           183              -1.5296683              -0.9471305              -5.9410663
           184              -1.5296683              -0.9471305              -5.0923424
           185              -1.5296683              -0.9471305              -4.2436190
           186              -1.5296683              -0.9471305              -3.3948951
           187              -1.5296683              -0.9471305              -2.5461712
           188              -1.5296683              -0.9471305              -1.6974473
           189              -1.5296683              -0.9471305              -0.8487239
           190              -1.5296683              -0.9471305               0.0000000
           191              -1.7685162              -0.3305930              -7.6385136
           192              -1.7685162              -0.3305930              -6.7897897
           193              -1.7685162              -0.3305930              -5.9410663
           194              -1.7685162              -0.3305930              -5.0923424
           195              -1.7685162              -0.3305930              -4.2436190
           196              -1.7685162              -0.3305930              -3.3948951
           197              -1.7685162              -0.3305930              -2.5461712
           198              -1.7685162              -0.3305930              -1.6974473
           199              -1.7685162              -0.3305930              -0.8487239
           200              -1.7685162              -0.3305930               0.0000000
           201              -1.0842302              -1.4357527              -7.6385136
           202              -1.0842302              -1.4357527              -6.7897897
           203              -1.0842302              -1.4357527              -5.9410663
           204              -1.0842302              -1.4357527              -5.0923424
           205              -1.0842302              -1.4357527              -4.2436190
           206              -1.0842302              -1.4357527              -3.3948951
           207              -1.0842302              -1.4357527              -2.5461712
           208              -1.0842302              -1.4357527              -1.6974473
           209              -1.0842302              -1.4357527              -0.8487239
           210              -1.0842302              -1.4357527               0.0000000
           211              -1.5296683              -0.9471305              -7.6385136
           212              -1.5296683              -0.9471305              -6.7897897
           213              -1.5296683              -0.9471305              -5.9410663
           214              -1.5296683              -0.9471305              -5.0923424
           215              -1.5296683              -0.9471305              -4.2436190
           216              -1.5296683              -0.9471305              -3.3948951
           217              -1.5296683              -0.9471305              -2.5461712
           218              -1.5296683              -0.9471305              -1.6974473
           219              -1.5296683              -0.9471305              -0.8487239
           220              -1.5296683              -0.9471305               0.0000000
           221              -0.4923608              -1.7304688              -7.6385136
           222              -0.4923608              -1.7304688              -6.7897897
           223              -0.4923608              -1.7304688              -5.9410663
           224              -0.4923608              -1.7304688              -5.0923424
           225              -0.4923608              -1.7304688              -4.2436190
           226              -0.4923608              -1.7304688              -3.3948951
           227              -0.4923608              -1.7304688              -2.5461712
           228              -0.4923608              -1.7304688              -1.6974473
           229              -0.4923608              -1.7304688              -0.8487239
           230              -0.4923608              -1.7304688               0.0000000
           231              -1.0842302              -1.4357527              -7.6385136
           232              -1.0842302              -1.4357527              -6.7897897
           233              -1.0842302              -1.4357527              -5.9410663
           234              -1.0842302              -1.4357527              -5.0923424
           235              -1.0842302              -1.4357527              -4.2436190
           236              -1.0842302              -1.4357527              -3.3948951
           237              -1.0842302              -1.4357527              -2.5461712
           238              -1.0842302              -1.4357527              -1.6974473
           239              -1.0842302              -1.4357527              -0.8487239
           240              -1.0842302              -1.4357527               0.0000000
           241               0.1660046              -1.7914753              -7.6385136
           242               0.1660046              -1.7914753              -6.7897897
           243               0.1660046              -1.7914753              -5.9410663
           244               0.1660046              -1.7914753              -5.0923424
           245               0.1660046              -1.7914753              -4.2436190
           246               0.1660046              -1.7914753              -3.3948951
           247               0.1660046              -1.7914753              -2.5461712
           248               0.1660046              -1.7914753              -1.6974473
           249               0.1660046              -1.7914753              -0.8487239
           250               0.1660046              -1.7914753               0.0000000
           251              -0.4923608              -1.7304688              -7.6385136
           252              -0.4923608              -1.7304688              -6.7897897
           253              -0.4923608              -1.7304688              -5.9410663
           254              -0.4923608              -1.7304688              -5.0923424
           255              -0.4923608              -1.7304688              -4.2436190
           256              -0.4923608              -1.7304688              -3.3948951
           257              -0.4923608              -1.7304688              -2.5461712
           258              -0.4923608              -1.7304688              -1.6974473
           259              -0.4923608              -1.7304688              -0.8487239
           260              -0.4923608              -1.7304688               0.0000000
           261               0.8019502              -1.6105332              -7.6385136
           262               0.8019502              -1.6105332              -6.7897897
           263               0.8019502              -1.6105332              -5.9410663
           264               0.8019502              -1.6105332              -5.0923424
           265               0.8019502              -1.6105332              -4.2436190
           266               0.8019502              -1.6105332              -3.3948951
           267               0.8019502              -1.6105332              -2.5461712
           268               0.8019502              -1.6105332              -1.6974473
           269               0.8019502              -1.6105332              -0.8487239
           270               0.8019502              -1.6105332               0.0000000
           271               0.1660046              -1.7914753              -7.6385136
           272               0.1660046              -1.7914753              -6.7897897
           273               0.1660046              -1.7914753              -5.9410663
           274               0.1660046              -1.7914753              -5.0923424
           275               0.1660046              -1.7914753              -4.2436190
           276               0.1660046              -1.7914753              -3.3948951
           277               0.1660046              -1.7914753              -2.5461712
           278               0.1660046              -1.7914753              -1.6974473
           279               0.1660046              -1.7914753              -0.8487239
           280               0.1660046              -1.7914753               0.0000000
           281               1.3295881              -1.2120796              -7.6385136
           282               1.3295881              -1.2120796              -6.7897897
           283               1.3295881              -1.2120796              -5.9410663
           284               1.3295881              -1.2120796              -5.0923424
           285               1.3295881              -1.2120796              -4.2436190
           286               1.3295881              -1.2120796              -3.3948951
           287               1.3295881              -1.2120796              -2.5461712
           288               1.3295881              -1.2120796              -1.6974473
           289               1.3295881              -1.2120796              -0.8487239
           290               1.3295881              -1.2120796               0.0000000
           291               0.8019502              -1.6105332              -7.6385136
           292               0.8019502              -1.6105332              -6.7897897
           293               0.8019502              -1.6105332              -5.9410663
           294               0.8019502              -1.6105332              -5.0923424
           295               0.8019502              -1.6105332              -4.2436190
           296               0.8019502              -1.6105332              -3.3948951
           297               0.8019502              -1.6105332              -2.5461712
           298               0.8019502              -1.6105332              -1.6974473
           299               0.8019502              -1.6105332              -0.8487239
           300               0.8019502              -1.6105332               0.0000000
           301               1.6776576              -0.6499280              -7.6385136
           302               1.6776576              -0.6499280              -6.7897897
           303               1.6776576              -0.6499280              -5.9410663
           304               1.6776576              -0.6499280              -5.0923424
           305               1.6776576              -0.6499280              -4.2436190
           306               1.6776576              -0.6499280              -3.3948951
           307               1.6776576              -0.6499280              -2.5461712
           308               1.6776576              -0.6499280              -1.6974473
           309               1.6776576              -0.6499280              -0.8487239
           310               1.6776576              -0.6499280               0.0000000
           311               1.3295881              -1.2120796              -7.6385136
           312               1.3295881              -1.2120796              -6.7897897
           313               1.3295881              -1.2120796              -5.9410663
           314               1.3295881              -1.2120796              -5.0923424
           315               1.3295881              -1.2120796              -4.2436190
           316               1.3295881              -1.2120796              -3.3948951
           317               1.3295881              -1.2120796              -2.5461712
           318               1.3295881              -1.2120796              -1.6974473
           319               1.3295881              -1.2120796              -0.8487239
           320               1.3295881              -1.2120796               0.0000000
           321               1.7991502               0.0000000              -7.6385136
           322               1.7991502               0.0000000              -6.7897897
           323               1.7991502               0.0000000              -5.9410663
           324               1.7991502               0.0000000              -5.0923424
           325               1.7991502               0.0000000              -4.2436190
           326               1.7991502               0.0000000              -3.3948951
           327               1.7991502               0.0000000              -2.5461712
           328               1.7991502               0.0000000              -1.6974473
           329               1.7991502               0.0000000              -0.8487239
           330               1.7991502               0.0000000               0.0000000
           331               1.6776576              -0.6499280              -7.6385136
           332               1.6776576              -0.6499280              -6.7897897
           333               1.6776576              -0.6499280              -5.9410663
           334               1.6776576              -0.6499280              -5.0923424
           335               1.6776576              -0.6499280              -4.2436190
           336               1.6776576              -0.6499280              -3.3948951
           337               1.6776576              -0.6499280              -2.5461712
           338               1.6776576              -0.6499280              -1.6974473
           339               1.6776576              -0.6499280              -0.8487239
           340               1.6776576              -0.6499280               0.0000000
           341               0.0000000               0.0000000              -7.6385136
           342               0.0000000               0.0000000              -7.6385136
           343               0.8995751               0.0000000              -7.6385136
           344               0.8388288               0.3249640              -7.6385136
           345               1.7991502               0.0000000              -7.6385136
           346               1.6776576               0.6499280              -7.6385136
           347               0.0000000               0.0000000              -7.6385136
           348               0.0000000               0.0000000              -7.6385136
           349               0.8388288               0.3249640              -7.6385136
           350               0.6647940               0.6060398              -7.6385136
           351               1.6776576               0.6499280              -7.6385136
           352               1.3295881               1.2120796              -7.6385136
           353               0.0000000               0.0000000              -7.6385136
           354               0.0000000               0.0000000              -7.6385136
           355               0.6647940               0.6060398              -7.6385136
           356               0.4009751               0.8052666              -7.6385136
           357               1.3295881               1.2120796              -7.6385136
           358               0.8019502               1.6105332              -7.6385136
           359               0.0000000               0.0000000              -7.6385136
           360               0.0000000               0.0000000              -7.6385136
           361               0.4009751               0.8052666              -7.6385136
           362               0.0830023               0.8957376              -7.6385136
           363               0.8019502               1.6105332              -7.6385136
           364               0.1660046               1.7914753              -7.6385136
           365               0.0000000               0.0000000              -7.6385136
           366               0.0000000               0.0000000              -7.6385136
           367               0.0830023               0.8957376              -7.6385136
           368              -0.2461804               0.8652344              -7.6385136
           369               0.1660046               1.7914753              -7.6385136
           370              -0.4923608               1.7304688              -7.6385136
           371               0.0000000               0.0000000              -7.6385136
           372               0.0000000               0.0000000              -7.6385136
           373              -0.2461804               0.8652344              -7.6385136
           374              -0.5421151               0.7178764              -7.6385136
           375              -0.4923608               1.7304688              -7.6385136
           376              -1.0842302               1.4357527              -7.6385136
           377               0.0000000               0.0000000              -7.6385136
           378               0.0000000               0.0000000              -7.6385136
           379              -0.5421151               0.7178764              -7.6385136
           380              -0.7648342               0.4735653              -7.6385136
           381              -1.0842302               1.4357527              -7.6385136
           382              -1.5296683               0.9471305              -7.6385136
           383               0.0000000               0.0000000              -7.6385136
           384               0.0000000               0.0000000              -7.6385136
           385              -0.7648342               0.4735653              -7.6385136
           386              -0.8842581               0.1652965              -7.6385136
           387              -1.5296683               0.9471305              -7.6385136
           388              -1.7685162               0.3305930              -7.6385136
           389               0.0000000               0.0000000              -7.6385136
           390               0.0000000               0.0000000              -7.6385136
           391              -0.8842581               0.1652965              -7.6385136
           392              -0.8842581              -0.1652965              -7.6385136
           393              -1.7685162               0.3305930              -7.6385136
           394              -1.7685162              -0.3305930              -7.6385136
           395               0.0000000               0.0000000              -7.6385136
           396               0.0000000               0.0000000              -7.6385136
           397              -0.8842581              -0.1652965              -7.6385136
           398              -0.7648342              -0.4735653              -7.6385136
           399              -1.7685162              -0.3305930              -7.6385136
           400              -1.5296683              -0.9471305              -7.6385136
           401               0.0000000               0.0000000              -7.6385136
           402               0.0000000               0.0000000              -7.6385136
           403              -0.7648342              -0.4735653              -7.6385136
           404              -0.5421151              -0.7178764              -7.6385136
           405              -1.5296683              -0.9471305              -7.6385136
           406              -1.0842302              -1.4357527              -7.6385136
           407               0.0000000               0.0000000              -7.6385136
           408               0.0000000               0.0000000              -7.6385136
           409              -0.5421151              -0.7178764              -7.6385136
           410              -0.2461804              -0.8652344              -7.6385136
           411              -1.0842302              -1.4357527              -7.6385136
           412              -0.4923608              -1.7304688              -7.6385136
           413               0.0000000               0.0000000              -7.6385136
           414               0.0000000               0.0000000              -7.6385136
           415              -0.2461804              -0.8652344              -7.6385136
           416               0.0830023              -0.8957376              -7.6385136
           417              -0.4923608              -1.7304688              -7.6385136
           418               0.1660046              -1.7914753              -7.6385136
           419               0.0000000               0.0000000              -7.6385136
           420               0.0000000               0.0000000              -7.6385136
           421               0.0830023              -0.8957376              -7.6385136
           422               0.4009751              -0.8052666              -7.6385136
           423               0.1660046              -1.7914753              -7.6385136
           424               0.8019502              -1.6105332              -7.6385136
           425               0.0000000               0.0000000              -7.6385136
           426               0.0000000               0.0000000              -7.6385136
           427               0.4009751              -0.8052666              -7.6385136
           428               0.6647940              -0.6060398              -7.6385136
           429               0.8019502              -1.6105332              -7.6385136
           430               1.3295881              -1.2120796              -7.6385136
           431               0.0000000               0.0000000              -7.6385136
           432               0.0000000               0.0000000              -7.6385136
           433               0.6647940              -0.6060398              -7.6385136
           434               0.8388288              -0.3249640              -7.6385136
           435               1.3295881              -1.2120796              -7.6385136
           436               1.6776576              -0.6499280              -7.6385136
           437               0.0000000               0.0000000              -7.6385136
           438               0.0000000               0.0000000              -7.6385136
           439               0.8388288              -0.3249640              -7.6385136
           440               0.8995751               0.0000000              -7.6385136
           441               1.6776576              -0.6499280              -7.6385136
           442               1.7991502               0.0000000              -7.6385136
             0          0.00          0.00          0.00
               1               2              12              11
               2               3              13              12
               3               4              14              13
               4               5              15              14
               5               6              16              15
               6               7              17              16
               7               8              18              17
               8               9              19              18
               9              10              20              19
              21              22              32              31
              22              23              33              32
              23              24              34              33
              24              25              35              34
              25              26              36              35
              26              27              37              36
              27              28              38              37
              28              29              39              38
              29              30              40              39
              41              42              52              51
              42              43              53              52
              43              44              54              53
              44              45              55              54
              45              46              56              55
              46              47              57              56
              47              48              58              57
              48              49              59              58
              49              50              60              59
              61              62              72              71
              62              63              73              72
              63              64              74              73
              64              65              75              74
              65              66              76              75
              66              67              77              76
              67              68              78              77
              68              69              79              78
              69              70              80              79
              81              82              92              91
              82              83              93              92
              83              84              94              93
              84              85              95              94
              85              86              96              95
              86              87              97              96
              87              88              98              97
              88              89              99              98
              89              90             100              99
             101             102             112             111
             102             103             113             112
             103             104             114             113
             104             105             115             114
             105             106             116             115
             106             107             117             116
             107             108             118             117
             108             109             119             118
             109             110             120             119
             121             122             132             131
             122             123             133             132
             123             124             134             133
             124             125             135             134
             125             126             136             135
             126             127             137             136
             127             128             138             137
             128             129             139             138
             129             130             140             139
             141             142             152             151
             142             143             153             152
             143             144             154             153
             144             145             155             154
             145             146             156             155
             146             147             157             156
             147             148             158             157
             148             149             159             158
             149             150             160             159
             161             162             172             171
             162             163             173             172
             163             164             174             173
             164             165             175             174
             165             166             176             175
             166             167             177             176
             167             168             178             177
             168             169             179             178
             169             170             180             179
             181             182             192             191
             182             183             193             192
             183             184             194             193
             184             185             195             194
             185             186             196             195
             186             187             197             196
             187             188             198             197
             188             189             199             198
             189             190             200             199
             201             202             212             211
             202             203             213             212
             203             204             214             213
             204             205             215             214
             205             206             216             215
             206             207             217             216
             207             208             218             217
             208             209             219             218
             209             210             220             219
             221             222             232             231
             222             223             233             232
             223             224             234             233
             224             225             235             234
             225             226             236             235
             226             227             237             236
             227             228             238             237
             228             229             239             238
             229             230             240             239
             241             242             252             251
             242             243             253             252
             243             244             254             253
             244             245             255             254
             245             246             256             255
             246             247             257             256
             247             248             258             257
             248             249             259             258
             249             250             260             259
             261             262             272             271
             262             263             273             272
             263             264             274             273
             264             265             275             274
             265             266             276             275
             266             267             277             276
             267             268             278             277
             268             269             279             278
             269             270             280             279
             281             282             292             291
             282             283             293             292
             283             284             294             293
             284             285             295             294
             285             286             296             295
             286             287             297             296
             287             288             298             297
             288             289             299             298
             289             290             300             299
             301             302             312             311
             302             303             313             312
             303             304             314             313
             304             305             315             314
             305             306             316             315
             306             307             317             316
             307             308             318             317
             308             309             319             318
             309             310             320             319
             321             322             332             331
             322             323             333             332
             323             324             334             333
             324             325             335             334
             325             326             336             335
             326             327             337             336
             327             328             338             337
             328             329             339             338
             329             330             340             339
             341             342             344             343
             343             344             346             345
             347             348             350             349
             349             350             352             351
             353             354             356             355
             355             356             358             357
             359             360             362             361
             361             362             364             363
             365             366             368             367
             367             368             370             369
             371             372             374             373
             373             374             376             375
             377             378             380             379
             379             380             382             381
             383             384             386             385
             385             386             388             387
             389             390             392             391
             391             392             394             393
             395             396             398             397
             397             398             400             399
             401             402             404             403
             403             404             406             405
             407             408             410             409
             409             410             412             411
             413             414             416             415
             415             416             418             417
             419             420             422             421
             421             422             424             423
             425             426             428             427
             427             428             430             429
             431             432             434             433
             433             434             436             435
             437             438             440             439
             439             440             442             441
          0          0          0          0
