                    2          0
             1              -4.0763745               1.6835359              -3.4394739
             2              -4.0763745               1.6835359              -2.7515790
             3              -4.0763745               1.6835359              -2.0636845
             4              -4.0763745               1.6835359              -1.3757896
             5              -4.0763745               1.6835359              -0.6878948
             6              -4.0763745               1.6835359              -0.0000002
             7              -3.2610996               1.6835359              -3.4394739
             8              -3.2610996               1.6835359              -2.7515790
             9              -3.2610996               1.6835359              -2.0636845
            10              -3.2610996               1.6835359              -1.3757896
            11              -3.2610996               1.6835359              -0.6878948
            12              -3.2610996               1.6835359              -0.0000002
            13              -2.4458246               1.6835359              -3.4394739
            14              -2.4458246               1.6835359              -2.7515790
            15              -2.4458246               1.6835359              -2.0636845
            16              -2.4458246               1.6835359              -1.3757896
            17              -2.4458246               1.6835359              -0.6878948
            18              -2.4458246               1.6835359              -0.0000002
            19              -1.6305497               1.6835359              -3.4394739
            20              -1.6305497               1.6835359              -2.7515790
            21              -1.6305497               1.6835359              -2.0636845
            22              -1.6305497               1.6835359              -1.3757896
            23              -1.6305497               1.6835359              -0.6878948
            24              -1.6305497               1.6835359              -0.0000002
            25              -0.8152750               1.6835359              -3.4394739
            26              -0.8152750               1.6835359              -2.7515790
            27              -0.8152750               1.6835359              -2.0636845
            28              -0.8152750               1.6835359              -1.3757896
            29              -0.8152750               1.6835359              -0.6878948
            30              -0.8152750               1.6835359              -0.0000002
            31               0.0000000               1.6835359              -3.4394739
            32               0.0000000               1.6835359              -2.7515790
            33               0.0000000               1.6835359              -2.0636845
            34               0.0000000               1.6835359              -1.3757896
            35               0.0000000               1.6835359              -0.6878948
            36               0.0000000               1.6835359              -0.0000002
            37               0.8152752               1.6835359              -3.4394739
            38               0.8152752               1.6835359              -2.7515790
            39               0.8152752               1.6835359              -2.0636845
            40               0.8152752               1.6835359              -1.3757896
            41               0.8152752               1.6835359              -0.6878948
            42               0.8152752               1.6835359              -0.0000002
            43               1.6305499               1.6835359              -3.4394739
            44               1.6305499               1.6835359              -2.7515790
            45               1.6305499               1.6835359              -2.0636845
            46               1.6305499               1.6835359              -1.3757896
            47               1.6305499               1.6835359              -0.6878948
            48               1.6305499               1.6835359              -0.0000002
            49               2.4458246               1.6835359              -3.4394739
            50               2.4458246               1.6835359              -2.7515790
            51               2.4458246               1.6835359              -2.0636845
            52               2.4458246               1.6835359              -1.3757896
            53               2.4458246               1.6835359              -0.6878948
            54               2.4458246               1.6835359              -0.0000002
            55               3.2610993               1.6835359              -3.4394739
            56               3.2610993               1.6835359              -2.7515790
            57               3.2610993               1.6835359              -2.0636845
            58               3.2610993               1.6835359              -1.3757896
            59               3.2610993               1.6835359              -0.6878948
            60               3.2610993               1.6835359              -0.0000002
            61               4.0763745               1.6835359              -3.4394739
            62               4.0763745               1.6835359              -2.7515790
            63               4.0763745               1.6835359              -2.0636845
            64               4.0763745               1.6835359              -1.3757896
            65               4.0763745               1.6835359              -0.6878948
            66               4.0763745               1.6835359              -0.0000002
            67               4.0763745               1.6835359              -3.4394739
            68               4.0763745               1.6835359              -2.7515790
            69               4.0763745               1.6835359              -2.0636845
            70               4.0763745               1.6835359              -1.3757896
            71               4.0763745               1.6835359              -0.6878948
            72               4.0763745               1.6835359              -0.0000002
            73               4.0763745               1.0101216              -3.4394739
            74               4.0763745               1.0101216              -2.7515790
            75               4.0763745               1.0101216              -2.0636845
            76               4.0763745               1.0101216              -1.3757896
            77               4.0763745               1.0101216              -0.6878948
            78               4.0763745               1.0101216              -0.0000002
            79               4.0763745               0.3367072              -3.4394739
            80               4.0763745               0.3367072              -2.7515790
            81               4.0763745               0.3367072              -2.0636845
            82               4.0763745               0.3367072              -1.3757896
            83               4.0763745               0.3367072              -0.6878948
            84               4.0763745               0.3367072              -0.0000002
            85               4.0763745              -0.3367072              -3.4394739
            86               4.0763745              -0.3367072              -2.7515790
            87               4.0763745              -0.3367072              -2.0636845
            88               4.0763745              -0.3367072              -1.3757896
            89               4.0763745              -0.3367072              -0.6878948
            90               4.0763745              -0.3367072              -0.0000002
            91               4.0763745              -1.0101215              -3.4394739
            92               4.0763745              -1.0101215              -2.7515790
            93               4.0763745              -1.0101215              -2.0636845
            94               4.0763745              -1.0101215              -1.3757896
            95               4.0763745              -1.0101215              -0.6878948
            96               4.0763745              -1.0101215              -0.0000002
            97               4.0763745              -1.6835359              -3.4394739
            98               4.0763745              -1.6835359              -2.7515790
            99               4.0763745              -1.6835359              -2.0636845
           100               4.0763745              -1.6835359              -1.3757896
           101               4.0763745              -1.6835359              -0.6878948
           102               4.0763745              -1.6835359              -0.0000002
           103               4.0763745              -1.6835359              -3.4394739
           104               4.0763745              -1.6835359              -2.7515790
           105               4.0763745              -1.6835359              -2.0636845
           106               4.0763745              -1.6835359              -1.3757896
           107               4.0763745              -1.6835359              -0.6878948
           108               4.0763745              -1.6835359              -0.0000002
           109               3.2610996              -1.6835359              -3.4394739
           110               3.2610996              -1.6835359              -2.7515790
           111               3.2610996              -1.6835359              -2.0636845
           112               3.2610996              -1.6835359              -1.3757896
           113               3.2610996              -1.6835359              -0.6878948
           114               3.2610996              -1.6835359              -0.0000002
           115               2.4458246              -1.6835359              -3.4394739
           116               2.4458246              -1.6835359              -2.7515790
           117               2.4458246              -1.6835359              -2.0636845
           118               2.4458246              -1.6835359              -1.3757896
           119               2.4458246              -1.6835359              -0.6878948
           120               2.4458246              -1.6835359              -0.0000002
           121               1.6305497              -1.6835359              -3.4394739
           122               1.6305497              -1.6835359              -2.7515790
           123               1.6305497              -1.6835359              -2.0636845
           124               1.6305497              -1.6835359              -1.3757896
           125               1.6305497              -1.6835359              -0.6878948
           126               1.6305497              -1.6835359              -0.0000002
           127               0.8152750              -1.6835359              -3.4394739
           128               0.8152750              -1.6835359              -2.7515790
           129               0.8152750              -1.6835359              -2.0636845
           130               0.8152750              -1.6835359              -1.3757896
           131               0.8152750              -1.6835359              -0.6878948
           132               0.8152750              -1.6835359              -0.0000002
           133               0.0000000              -1.6835359              -3.4394739
           134               0.0000000              -1.6835359              -2.7515790
           135               0.0000000              -1.6835359              -2.0636845
           136               0.0000000              -1.6835359              -1.3757896
           137               0.0000000              -1.6835359              -0.6878948
           138               0.0000000              -1.6835359              -0.0000002
           139              -0.8152752              -1.6835359              -3.4394739
           140              -0.8152752              -1.6835359              -2.7515790
           141              -0.8152752              -1.6835359              -2.0636845
           142              -0.8152752              -1.6835359              -1.3757896
           143              -0.8152752              -1.6835359              -0.6878948
           144              -0.8152752              -1.6835359              -0.0000002
           145              -1.6305499              -1.6835359              -3.4394739
           146              -1.6305499              -1.6835359              -2.7515790
           147              -1.6305499              -1.6835359              -2.0636845
           148              -1.6305499              -1.6835359              -1.3757896
           149              -1.6305499              -1.6835359              -0.6878948
           150              -1.6305499              -1.6835359              -0.0000002
           151              -2.4458246              -1.6835359              -3.4394739
           152              -2.4458246              -1.6835359              -2.7515790
           153              -2.4458246              -1.6835359              -2.0636845
           154              -2.4458246              -1.6835359              -1.3757896
           155              -2.4458246              -1.6835359              -0.6878948
           156              -2.4458246              -1.6835359              -0.0000002
           157              -3.2610993              -1.6835359              -3.4394739
           158              -3.2610993              -1.6835359              -2.7515790
           159              -3.2610993              -1.6835359              -2.0636845
           160              -3.2610993              -1.6835359              -1.3757896
           161              -3.2610993              -1.6835359              -0.6878948
           162              -3.2610993              -1.6835359              -0.0000002
           163              -4.0763745              -1.6835359              -3.4394739
           164              -4.0763745              -1.6835359              -2.7515790
           165              -4.0763745              -1.6835359              -2.0636845
           166              -4.0763745              -1.6835359              -1.3757896
           167              -4.0763745              -1.6835359              -0.6878948
           168              -4.0763745              -1.6835359              -0.0000002
           169              -4.0763745              -1.6835359              -3.4394739
           170              -4.0763745              -1.6835359              -2.7515790
           171              -4.0763745              -1.6835359              -2.0636845
           172              -4.0763745              -1.6835359              -1.3757896
           173              -4.0763745              -1.6835359              -0.6878948
           174              -4.0763745              -1.6835359              -0.0000002
           175              -4.0763745              -1.0101216              -3.4394739
           176              -4.0763745              -1.0101216              -2.7515790
           177              -4.0763745              -1.0101216              -2.0636845
           178              -4.0763745              -1.0101216              -1.3757896
           179              -4.0763745              -1.0101216              -0.6878948
           180              -4.0763745              -1.0101216              -0.0000002
           181              -4.0763745              -0.3367072              -3.4394739
           182              -4.0763745              -0.3367072              -2.7515790
           183              -4.0763745              -0.3367072              -2.0636845
           184              -4.0763745              -0.3367072              -1.3757896
           185              -4.0763745              -0.3367072              -0.6878948
           186              -4.0763745              -0.3367072              -0.0000002
           187              -4.0763745               0.3367072              -3.4394739
           188              -4.0763745               0.3367072              -2.7515790
           189              -4.0763745               0.3367072              -2.0636845
           190              -4.0763745               0.3367072              -1.3757896
           191              -4.0763745               0.3367072              -0.6878948
           192              -4.0763745               0.3367072              -0.0000002
           193              -4.0763745               1.0101215              -3.4394739
           194              -4.0763745               1.0101215              -2.7515790
           195              -4.0763745               1.0101215              -2.0636845
           196              -4.0763745               1.0101215              -1.3757896
           197              -4.0763745               1.0101215              -0.6878948
           198              -4.0763745               1.0101215              -0.0000002
           199              -4.0763745               1.6835359              -3.4394739
           200              -4.0763745               1.6835359              -2.7515790
           201              -4.0763745               1.6835359              -2.0636845
           202              -4.0763745               1.6835359              -1.3757896
           203              -4.0763745               1.6835359              -0.6878948
           204              -4.0763745               1.6835359              -0.0000002
           205               4.0763745              -1.6835359              -3.4394739
           206               3.2610996              -1.6835359              -3.4394739
           207               2.4458246              -1.6835359              -3.4394739
           208               1.6305497              -1.6835359              -3.4394739
           209               0.8152750              -1.6835359              -3.4394739
           210               0.0000000              -1.6835359              -3.4394739
           211              -0.8152752              -1.6835359              -3.4394739
           212              -1.6305499              -1.6835359              -3.4394739
           213              -2.4458246              -1.6835359              -3.4394739
           214              -3.2610993              -1.6835359              -3.4394739
           215              -4.0763745              -1.6835359              -3.4394739
           216               4.0763745              -1.0101216              -3.4394739
           217               3.2610996              -1.0101216              -3.4394739
           218               2.4458246              -1.0101216              -3.4394739
           219               1.6305497              -1.0101216              -3.4394739
           220               0.8152750              -1.0101216              -3.4394739
           221               0.0000000              -1.0101216              -3.4394739
           222              -0.8152752              -1.0101216              -3.4394739
           223              -1.6305499              -1.0101216              -3.4394739
           224              -2.4458246              -1.0101216              -3.4394739
           225              -3.2610993              -1.0101216              -3.4394739
           226              -4.0763745              -1.0101216              -3.4394739
           227               4.0763745              -0.3367072              -3.4394739
           228               3.2610996              -0.3367072              -3.4394739
           229               2.4458246              -0.3367072              -3.4394739
           230               1.6305497              -0.3367072              -3.4394739
           231               0.8152750              -0.3367072              -3.4394739
           232               0.0000000              -0.3367072              -3.4394739
           233              -0.8152752              -0.3367072              -3.4394739
           234              -1.6305499              -0.3367072              -3.4394739
           235              -2.4458246              -0.3367072              -3.4394739
           236              -3.2610993              -0.3367072              -3.4394739
           237              -4.0763745              -0.3367072              -3.4394739
           238               4.0763745               0.3367072              -3.4394739
           239               3.2610996               0.3367072              -3.4394739
           240               2.4458246               0.3367072              -3.4394739
           241               1.6305497               0.3367072              -3.4394739
           242               0.8152750               0.3367072              -3.4394739
           243               0.0000000               0.3367072              -3.4394739
           244              -0.8152752               0.3367072              -3.4394739
           245              -1.6305499               0.3367072              -3.4394739
           246              -2.4458246               0.3367072              -3.4394739
           247              -3.2610993               0.3367072              -3.4394739
           248              -4.0763745               0.3367072              -3.4394739
           249               4.0763745               1.0101215              -3.4394739
           250               3.2610996               1.0101215              -3.4394739
           251               2.4458246               1.0101215              -3.4394739
           252               1.6305497               1.0101215              -3.4394739
           253               0.8152750               1.0101215              -3.4394739
           254               0.0000000               1.0101215              -3.4394739
           255              -0.8152752               1.0101215              -3.4394739
           256              -1.6305499               1.0101215              -3.4394739
           257              -2.4458246               1.0101215              -3.4394739
           258              -3.2610993               1.0101215              -3.4394739
           259              -4.0763745               1.0101215              -3.4394739
           260               4.0763745               1.6835359              -3.4394739
           261               3.2610996               1.6835359              -3.4394739
           262               2.4458246               1.6835359              -3.4394739
           263               1.6305497               1.6835359              -3.4394739
           264               0.8152750               1.6835359              -3.4394739
           265               0.0000000               1.6835359              -3.4394739
           266              -0.8152752               1.6835359              -3.4394739
           267              -1.6305499               1.6835359              -3.4394739
           268              -2.4458246               1.6835359              -3.4394739
           269              -3.2610993               1.6835359              -3.4394739
           270              -4.0763745               1.6835359              -3.4394739
             0          0.00          0.00          0.00
               1               2               8               7
               2               3               9               8
               3               4              10               9
               4               5              11              10
               5               6              12              11
               7               8              14              13
               8               9              15              14
               9              10              16              15
              10              11              17              16
              11              12              18              17
              13              14              20              19
              14              15              21              20
              15              16              22              21
              16              17              23              22
              17              18              24              23
              19              20              26              25
              20              21              27              26
              21              22              28              27
              22              23              29              28
              23              24              30              29
              25              26              32              31
              26              27              33              32
              27              28              34              33
              28              29              35              34
              29              30              36              35
              31              32              38              37
              32              33              39              38
              33              34              40              39
              34              35              41              40
              35              36              42              41
              37              38              44              43
              38              39              45              44
              39              40              46              45
              40              41              47              46
              41              42              48              47
              43              44              50              49
              44              45              51              50
              45              46              52              51
              46              47              53              52
              47              48              54              53
              49              50              56              55
              50              51              57              56
              51              52              58              57
              52              53              59              58
              53              54              60              59
              55              56              62              61
              56              57              63              62
              57              58              64              63
              58              59              65              64
              59              60              66              65
              67              68              74              73
              68              69              75              74
              69              70              76              75
              70              71              77              76
              71              72              78              77
              73              74              80              79
              74              75              81              80
              75              76              82              81
              76              77              83              82
              77              78              84              83
              79              80              86              85
              80              81              87              86
              81              82              88              87
              82              83              89              88
              83              84              90              89
              85              86              92              91
              86              87              93              92
              87              88              94              93
              88              89              95              94
              89              90              96              95
              91              92              98              97
              92              93              99              98
              93              94             100              99
              94              95             101             100
              95              96             102             101
             103             104             110             109
             104             105             111             110
             105             106             112             111
             106             107             113             112
             107             108             114             113
             109             110             116             115
             110             111             117             116
             111             112             118             117
             112             113             119             118
             113             114             120             119
             115             116             122             121
             116             117             123             122
             117             118             124             123
             118             119             125             124
             119             120             126             125
             121             122             128             127
             122             123             129             128
             123             124             130             129
             124             125             131             130
             125             126             132             131
             127             128             134             133
             128             129             135             134
             129             130             136             135
             130             131             137             136
             131             132             138             137
             133             134             140             139
             134             135             141             140
             135             136             142             141
             136             137             143             142
             137             138             144             143
             139             140             146             145
             140             141             147             146
             141             142             148             147
             142             143             149             148
             143             144             150             149
             145             146             152             151
             146             147             153             152
             147             148             154             153
             148             149             155             154
             149             150             156             155
             151             152             158             157
             152             153             159             158
             153             154             160             159
             154             155             161             160
             155             156             162             161
             157             158             164             163
             158             159             165             164
             159             160             166             165
             160             161             167             166
             161             162             168             167
             169             170             176             175
             170             171             177             176
             171             172             178             177
             172             173             179             178
             173             174             180             179
             175             176             182             181
             176             177             183             182
             177             178             184             183
             178             179             185             184
             179             180             186             185
             181             182             188             187
             182             183             189             188
             183             184             190             189
             184             185             191             190
             185             186             192             191
             187             188             194             193
             188             189             195             194
             189             190             196             195
             190             191             197             196
             191             192             198             197
             193             194             200             199
             194             195             201             200
             195             196             202             201
             196             197             203             202
             197             198             204             203
             205             206             217             216
             206             207             218             217
             207             208             219             218
             208             209             220             219
             209             210             221             220
             210             211             222             221
             211             212             223             222
             212             213             224             223
             213             214             225             224
             214             215             226             225
             216             217             228             227
             217             218             229             228
             218             219             230             229
             219             220             231             230
             220             221             232             231
             221             222             233             232
             222             223             234             233
             223             224             235             234
             224             225             236             235
             225             226             237             236
             227             228             239             238
             228             229             240             239
             229             230             241             240
             230             231             242             241
             231             232             243             242
             232             233             244             243
             233             234             245             244
             234             235             246             245
             235             236             247             246
             236             237             248             247
             238             239             250             249
             239             240             251             250
             240             241             252             251
             241             242             253             252
             242             243             254             253
             243             244             255             254
             244             245             256             255
             245             246             257             256
             246             247             258             257
             247             248             259             258
             249             250             261             260
             250             251             262             261
             251             252             263             262
             252             253             264             263
             253             254             265             264
             254             255             266             265
             255             256             267             266
             256             257             268             267
             257             258             269             268
             258             259             270             269
          0          0          0          0
