                    2          0
             1               0.0000000               1.8446162              -7.2377915
             2              -0.1431482               1.8446162              -6.6810384
             3              -0.2862964               1.8446162              -6.1242852
             4              -0.4294446               1.8446162              -5.5675321
             5              -0.5725929               1.8446162              -5.0107784
             6              -0.7157411               1.8446162              -4.4540253
             7              -0.8588893               1.8446162              -3.8972723
             8              -1.0020375               1.8446162              -3.3405192
             9              -1.1451857               1.8446162              -2.7837658
            10              -1.2883339               1.8446162              -2.2270131
            11              -1.4314822               1.8446162              -1.6702595
            12              -1.5746303               1.8446162              -1.1135063
            13              -1.7177786               1.8446162              -0.5567532
            14              -1.8609267               1.8446162               0.0000005
            15               0.0000000               1.8446162              -7.2377915
            16               0.1431482               1.8446162              -6.6810384
            17               0.2862964               1.8446162              -6.1242852
            18               0.4294446               1.8446162              -5.5675321
            19               0.5725929               1.8446162              -5.0107784
            20               0.7157411               1.8446162              -4.4540253
            21               0.8588893               1.8446162              -3.8972723
            22               1.0020375               1.8446162              -3.3405192
            23               1.1451857               1.8446162              -2.7837658
            24               1.2883339               1.8446162              -2.2270131
            25               1.4314822               1.8446162              -1.6702595
            26               1.5746303               1.8446162              -1.1135063
            27               1.7177786               1.8446162              -0.5567532
            28               1.8609267               1.8446162               0.0000005
            29               0.0000000               1.8446162              -7.2377915
            30               0.1431482               1.8446162              -6.6810384
            31               0.2862964               1.8446162              -6.1242852
            32               0.4294446               1.8446162              -5.5675321
            33               0.5725929               1.8446162              -5.0107784
            34               0.7157411               1.8446162              -4.4540253
            35               0.8588893               1.8446162              -3.8972723
            36               1.0020375               1.8446162              -3.3405192
            37               1.1451857               1.8446162              -2.7837658
            38               1.2883339               1.8446162              -2.2270131
            39               1.4314822               1.8446162              -1.6702595
            40               1.5746303               1.8446162              -1.1135063
            41               1.7177786               1.8446162              -0.5567532
            42               1.8609267               1.8446162               0.0000005
            43               0.0000000               1.2297442              -7.2377915
            44               0.1431482               1.2297442              -6.6810384
            45               0.2862964               1.2297442              -6.1242852
            46               0.4294446               1.2297442              -5.5675321
            47               0.5725929               1.2297442              -5.0107784
            48               0.7157411               1.2297442              -4.4540253
            49               0.8588893               1.2297442              -3.8972723
            50               1.0020375               1.2297442              -3.3405192
            51               1.1451857               1.2297442              -2.7837658
            52               1.2883339               1.2297442              -2.2270131
            53               1.4314822               1.2297442              -1.6702595
            54               1.5746303               1.2297442              -1.1135063
            55               1.7177786               1.2297442              -0.5567532
            56               1.8609267               1.2297442               0.0000005
            57               0.0000000               0.6148721              -7.2377915
            58               0.1431482               0.6148721              -6.6810384
            59               0.2862964               0.6148721              -6.1242852
            60               0.4294446               0.6148721              -5.5675321
            61               0.5725929               0.6148721              -5.0107784
            62               0.7157411               0.6148721              -4.4540253
            63               0.8588893               0.6148721              -3.8972723
            64               1.0020375               0.6148721              -3.3405192
            65               1.1451857               0.6148721              -2.7837658
            66               1.2883339               0.6148721              -2.2270131
            67               1.4314822               0.6148721              -1.6702595
            68               1.5746303               0.6148721              -1.1135063
            69               1.7177786               0.6148721              -0.5567532
            70               1.8609267               0.6148721               0.0000005
            71               0.0000000              -0.0000001              -7.2377915
            72               0.1431482              -0.0000001              -6.6810384
            73               0.2862964              -0.0000001              -6.1242852
            74               0.4294446              -0.0000001              -5.5675321
            75               0.5725929              -0.0000001              -5.0107784
            76               0.7157411              -0.0000001              -4.4540253
            77               0.8588893              -0.0000001              -3.8972723
            78               1.0020375              -0.0000001              -3.3405192
            79               1.1451857              -0.0000001              -2.7837658
            80               1.2883339              -0.0000001              -2.2270131
            81               1.4314822              -0.0000001              -1.6702595
            82               1.5746303              -0.0000001              -1.1135063
            83               1.7177786              -0.0000001              -0.5567532
            84               1.8609267              -0.0000001               0.0000005
            85               0.0000000              -0.6148720              -7.2377915
            86               0.1431482              -0.6148720              -6.6810384
            87               0.2862964              -0.6148720              -6.1242852
            88               0.4294446              -0.6148720              -5.5675321
            89               0.5725929              -0.6148720              -5.0107784
            90               0.7157411              -0.6148720              -4.4540253
            91               0.8588893              -0.6148720              -3.8972723
            92               1.0020375              -0.6148720              -3.3405192
            93               1.1451857              -0.6148720              -2.7837658
            94               1.2883339              -0.6148720              -2.2270131
            95               1.4314822              -0.6148720              -1.6702595
            96               1.5746303              -0.6148720              -1.1135063
            97               1.7177786              -0.6148720              -0.5567532
            98               1.8609267              -0.6148720               0.0000005
            99               0.0000000              -1.2297440              -7.2377915
           100               0.1431482              -1.2297440              -6.6810384
           101               0.2862964              -1.2297440              -6.1242852
           102               0.4294446              -1.2297440              -5.5675321
           103               0.5725929              -1.2297440              -5.0107784
           104               0.7157411              -1.2297440              -4.4540253
           105               0.8588893              -1.2297440              -3.8972723
           106               1.0020375              -1.2297440              -3.3405192
           107               1.1451857              -1.2297440              -2.7837658
           108               1.2883339              -1.2297440              -2.2270131
           109               1.4314822              -1.2297440              -1.6702595
           110               1.5746303              -1.2297440              -1.1135063
           111               1.7177786              -1.2297440              -0.5567532
           112               1.8609267              -1.2297440               0.0000005
           113               0.0000000              -1.8446164              -7.2377915
           114               0.1431482              -1.8446164              -6.6810384
           115               0.2862964              -1.8446164              -6.1242852
           116               0.4294446              -1.8446164              -5.5675321
           117               0.5725929              -1.8446164              -5.0107784
           118               0.7157411              -1.8446164              -4.4540253
           119               0.8588893              -1.8446164              -3.8972723
           120               1.0020375              -1.8446164              -3.3405192
           121               1.1451857              -1.8446164              -2.7837658
           122               1.2883339              -1.8446164              -2.2270131
           123               1.4314822              -1.8446164              -1.6702595
           124               1.5746303              -1.8446164              -1.1135063
           125               1.7177786              -1.8446164              -0.5567532
           126               1.8609267              -1.8446164               0.0000005
           127               0.0000000              -1.8446162              -7.2377915
           128               0.1431482              -1.8446162              -6.6810384
           129               0.2862964              -1.8446162              -6.1242852
           130               0.4294446              -1.8446162              -5.5675321
           131               0.5725929              -1.8446162              -5.0107784
           132               0.7157411              -1.8446162              -4.4540253
           133               0.8588893              -1.8446162              -3.8972723
           134               1.0020375              -1.8446162              -3.3405192
           135               1.1451857              -1.8446162              -2.7837658
           136               1.2883339              -1.8446162              -2.2270131
           137               1.4314822              -1.8446162              -1.6702595
           138               1.5746303              -1.8446162              -1.1135063
           139               1.7177786              -1.8446162              -0.5567532
           140               1.8609267              -1.8446162               0.0000005
           141               0.0000000              -1.8446162              -7.2377915
           142              -0.1431482              -1.8446162              -6.6810384
           143              -0.2862964              -1.8446162              -6.1242852
           144              -0.4294446              -1.8446162              -5.5675321
           145              -0.5725929              -1.8446162              -5.0107784
           146              -0.7157411              -1.8446162              -4.4540253
           147              -0.8588893              -1.8446162              -3.8972723
           148              -1.0020375              -1.8446162              -3.3405192
           149              -1.1451857              -1.8446162              -2.7837658
           150              -1.2883339              -1.8446162              -2.2270131
           151              -1.4314822              -1.8446162              -1.6702595
           152              -1.5746303              -1.8446162              -1.1135063
           153              -1.7177786              -1.8446162              -0.5567532
           154              -1.8609267              -1.8446162               0.0000005
           155               0.0000000              -1.8446162              -7.2377915
           156              -0.1431482              -1.8446162              -6.6810384
           157              -0.2862964              -1.8446162              -6.1242852
           158              -0.4294446              -1.8446162              -5.5675321
           159              -0.5725929              -1.8446162              -5.0107784
           160              -0.7157411              -1.8446162              -4.4540253
           161              -0.8588893              -1.8446162              -3.8972723
           162              -1.0020375              -1.8446162              -3.3405192
           163              -1.1451857              -1.8446162              -2.7837658
           164              -1.2883339              -1.8446162              -2.2270131
           165              -1.4314822              -1.8446162              -1.6702595
           166              -1.5746303              -1.8446162              -1.1135063
           167              -1.7177786              -1.8446162              -0.5567532
           168              -1.8609267              -1.8446162               0.0000005
           169               0.0000000              -1.2297442              -7.2377915
           170              -0.1431482              -1.2297442              -6.6810384
           171              -0.2862964              -1.2297442              -6.1242852
           172              -0.4294446              -1.2297442              -5.5675321
           173              -0.5725929              -1.2297442              -5.0107784
           174              -0.7157411              -1.2297442              -4.4540253
           175              -0.8588893              -1.2297442              -3.8972723
           176              -1.0020375              -1.2297442              -3.3405192
           177              -1.1451857              -1.2297442              -2.7837658
           178              -1.2883339              -1.2297442              -2.2270131
           179              -1.4314822              -1.2297442              -1.6702595
           180              -1.5746303              -1.2297442              -1.1135063
           181              -1.7177786              -1.2297442              -0.5567532
           182              -1.8609267              -1.2297442               0.0000005
           183               0.0000000              -0.6148721              -7.2377915
           184              -0.1431482              -0.6148721              -6.6810384
           185              -0.2862964              -0.6148721              -6.1242852
           186              -0.4294446              -0.6148721              -5.5675321
           187              -0.5725929              -0.6148721              -5.0107784
           188              -0.7157411              -0.6148721              -4.4540253
           189              -0.8588893              -0.6148721              -3.8972723
           190              -1.0020375              -0.6148721              -3.3405192
           191              -1.1451857              -0.6148721              -2.7837658
           192              -1.2883339              -0.6148721              -2.2270131
           193              -1.4314822              -0.6148721              -1.6702595
           194              -1.5746303              -0.6148721              -1.1135063
           195              -1.7177786              -0.6148721              -0.5567532
           196              -1.8609267              -0.6148721               0.0000005
           197               0.0000000               0.0000001              -7.2377915
           198              -0.1431482               0.0000001              -6.6810384
           199              -0.2862964               0.0000001              -6.1242852
           200              -0.4294446               0.0000001              -5.5675321
           201              -0.5725929               0.0000001              -5.0107784
           202              -0.7157411               0.0000001              -4.4540253
           203              -0.8588893               0.0000001              -3.8972723
           204              -1.0020375               0.0000001              -3.3405192
           205              -1.1451857               0.0000001              -2.7837658
           206              -1.2883339               0.0000001              -2.2270131
           207              -1.4314822               0.0000001              -1.6702595
           208              -1.5746303               0.0000001              -1.1135063
           209              -1.7177786               0.0000001              -0.5567532
           210              -1.8609267               0.0000001               0.0000005
           211               0.0000000               0.6148720              -7.2377915
           212              -0.1431482               0.6148720              -6.6810384
           213              -0.2862964               0.6148720              -6.1242852
           214              -0.4294446               0.6148720              -5.5675321
           215              -0.5725929               0.6148720              -5.0107784
           216              -0.7157411               0.6148720              -4.4540253
           217              -0.8588893               0.6148720              -3.8972723
           218              -1.0020375               0.6148720              -3.3405192
           219              -1.1451857               0.6148720              -2.7837658
           220              -1.2883339               0.6148720              -2.2270131
           221              -1.4314822               0.6148720              -1.6702595
           222              -1.5746303               0.6148720              -1.1135063
           223              -1.7177786               0.6148720              -0.5567532
           224              -1.8609267               0.6148720               0.0000005
           225               0.0000000               1.2297440              -7.2377915
           226              -0.1431482               1.2297440              -6.6810384
           227              -0.2862964               1.2297440              -6.1242852
           228              -0.4294446               1.2297440              -5.5675321
           229              -0.5725929               1.2297440              -5.0107784
           230              -0.7157411               1.2297440              -4.4540253
           231              -0.8588893               1.2297440              -3.8972723
           232              -1.0020375               1.2297440              -3.3405192
           233              -1.1451857               1.2297440              -2.7837658
           234              -1.2883339               1.2297440              -2.2270131
           235              -1.4314822               1.2297440              -1.6702595
           236              -1.5746303               1.2297440              -1.1135063
           237              -1.7177786               1.2297440              -0.5567532
           238              -1.8609267               1.2297440               0.0000005
           239               0.0000000               1.8446164              -7.2377915
           240              -0.1431482               1.8446164              -6.6810384
           241              -0.2862964               1.8446164              -6.1242852
           242              -0.4294446               1.8446164              -5.5675321
           243              -0.5725929               1.8446164              -5.0107784
           244              -0.7157411               1.8446164              -4.4540253
           245              -0.8588893               1.8446164              -3.8972723
           246              -1.0020375               1.8446164              -3.3405192
           247              -1.1451857               1.8446164              -2.7837658
           248              -1.2883339               1.8446164              -2.2270131
           249              -1.4314822               1.8446164              -1.6702595
           250              -1.5746303               1.8446164              -1.1135063
           251              -1.7177786               1.8446164              -0.5567532
           252              -1.8609267               1.8446164               0.0000005
             0          0.00          0.00          0.00
               1               2              16              15
               2               3              17              16
               3               4              18              17
               4               5              19              18
               5               6              20              19
               6               7              21              20
               7               8              22              21
               8               9              23              22
               9              10              24              23
              10              11              25              24
              11              12              26              25
              12              13              27              26
              13              14              28              27
              29              30              44              43
              30              31              45              44
              31              32              46              45
              32              33              47              46
              33              34              48              47
              34              35              49              48
              35              36              50              49
              36              37              51              50
              37              38              52              51
              38              39              53              52
              39              40              54              53
              40              41              55              54
              41              42              56              55
              43              44              58              57
              44              45              59              58
              45              46              60              59
              46              47              61              60
              47              48              62              61
              48              49              63              62
              49              50              64              63
              50              51              65              64
              51              52              66              65
              52              53              67              66
              53              54              68              67
              54              55              69              68
              55              56              70              69
              57              58              72              71
              58              59              73              72
              59              60              74              73
              60              61              75              74
              61              62              76              75
              62              63              77              76
              63              64              78              77
              64              65              79              78
              65              66              80              79
              66              67              81              80
              67              68              82              81
              68              69              83              82
              69              70              84              83
              71              72              86              85
              72              73              87              86
              73              74              88              87
              74              75              89              88
              75              76              90              89
              76              77              91              90
              77              78              92              91
              78              79              93              92
              79              80              94              93
              80              81              95              94
              81              82              96              95
              82              83              97              96
              83              84              98              97
              85              86             100              99
              86              87             101             100
              87              88             102             101
              88              89             103             102
              89              90             104             103
              90              91             105             104
              91              92             106             105
              92              93             107             106
              93              94             108             107
              94              95             109             108
              95              96             110             109
              96              97             111             110
              97              98             112             111
              99             100             114             113
             100             101             115             114
             101             102             116             115
             102             103             117             116
             103             104             118             117
             104             105             119             118
             105             106             120             119
             106             107             121             120
             107             108             122             121
             108             109             123             122
             109             110             124             123
             110             111             125             124
             111             112             126             125
             127             128             142             141
             128             129             143             142
             129             130             144             143
             130             131             145             144
             131             132             146             145
             132             133             147             146
             133             134             148             147
             134             135             149             148
             135             136             150             149
             136             137             151             150
             137             138             152             151
             138             139             153             152
             139             140             154             153
             155             156             170             169
             156             157             171             170
             157             158             172             171
             158             159             173             172
             159             160             174             173
             160             161             175             174
             161             162             176             175
             162             163             177             176
             163             164             178             177
             164             165             179             178
             165             166             180             179
             166             167             181             180
             167             168             182             181
             169             170             184             183
             170             171             185             184
             171             172             186             185
             172             173             187             186
             173             174             188             187
             174             175             189             188
             175             176             190             189
             176             177             191             190
             177             178             192             191
             178             179             193             192
             179             180             194             193
             180             181             195             194
             181             182             196             195
             183             184             198             197
             184             185             199             198
             185             186             200             199
             186             187             201             200
             187             188             202             201
             188             189             203             202
             189             190             204             203
             190             191             205             204
             191             192             206             205
             192             193             207             206
             193             194             208             207
             194             195             209             208
             195             196             210             209
             197             198             212             211
             198             199             213             212
             199             200             214             213
             200             201             215             214
             201             202             216             215
             202             203             217             216
             203             204             218             217
             204             205             219             218
             205             206             220             219
             206             207             221             220
             207             208             222             221
             208             209             223             222
             209             210             224             223
             211             212             226             225
             212             213             227             226
             213             214             228             227
             214             215             229             228
             215             216             230             229
             216             217             231             230
             217             218             232             231
             218             219             233             232
             219             220             234             233
             220             221             235             234
             221             222             236             235
             222             223             237             236
             223             224             238             237
             225             226             240             239
             226             227             241             240
             227             228             242             241
             228             229             243             242
             229             230             244             243
             230             231             245             244
             231             232             246             245
             232             233             247             246
             233             234             248             247
             234             235             249             248
             235             236             250             249
             236             237             251             250
             237             238             252             251
          0          0          0          0
