                    2          0
             1               0.0000000               4.1710281              -6.4796147
             2              -0.1842425               4.1710281              -5.7596574
             3              -0.3684850               4.1710281              -5.0397005
             4              -0.5527275               4.1710281              -4.3197432
             5              -0.7369699               4.1710281              -3.5997860
             6              -0.9212124               4.1710281              -2.8798287
             7              -1.1054549               4.1710281              -2.1598716
             8              -1.2896974               4.1710281              -1.4399142
             9              -1.4739399               4.1710281              -0.7199574
            10              -1.6581824               4.1710281               0.0000000
            11               0.0000000               4.1710281              -6.4796147
            12               0.1842425               4.1710281              -5.7596574
            13               0.3684850               4.1710281              -5.0397005
            14               0.5527275               4.1710281              -4.3197432
            15               0.7369699               4.1710281              -3.5997860
            16               0.9212124               4.1710281              -2.8798287
            17               1.1054549               4.1710281              -2.1598716
            18               1.2896974               4.1710281              -1.4399142
            19               1.4739399               4.1710281              -0.7199574
            20               1.6581824               4.1710281               0.0000000
            21               0.0000000               4.1710281              -6.4796147
            22               0.1842425               4.1710281              -5.7596574
            23               0.3684850               4.1710281              -5.0397005
            24               0.5527275               4.1710281              -4.3197432
            25               0.7369699               4.1710281              -3.5997860
            26               0.9212124               4.1710281              -2.8798287
            27               1.1054549               4.1710281              -2.1598716
            28               1.2896974               4.1710281              -1.4399142
            29               1.4739399               4.1710281              -0.7199574
            30               1.6581824               4.1710281               0.0000000
            31               0.0000000               3.3368225              -6.4796147
            32               0.1842425               3.3368225              -5.7596574
            33               0.3684850               3.3368225              -5.0397005
            34               0.5527275               3.3368225              -4.3197432
            35               0.7369699               3.3368225              -3.5997860
            36               0.9212124               3.3368225              -2.8798287
            37               1.1054549               3.3368225              -2.1598716
            38               1.2896974               3.3368225              -1.4399142
            39               1.4739399               3.3368225              -0.7199574
            40               1.6581824               3.3368225               0.0000000
            41               0.0000000               2.5026169              -6.4796147
            42               0.1842425               2.5026169              -5.7596574
            43               0.3684850               2.5026169              -5.0397005
            44               0.5527275               2.5026169              -4.3197432
            45               0.7369699               2.5026169              -3.5997860
            46               0.9212124               2.5026169              -2.8798287
            47               1.1054549               2.5026169              -2.1598716
            48               1.2896974               2.5026169              -1.4399142
            49               1.4739399               2.5026169              -0.7199574
            50               1.6581824               2.5026169               0.0000000
            51               0.0000000               1.6684113              -6.4796147
            52               0.1842425               1.6684113              -5.7596574
            53               0.3684850               1.6684113              -5.0397005
            54               0.5527275               1.6684113              -4.3197432
            55               0.7369699               1.6684113              -3.5997860
            56               0.9212124               1.6684113              -2.8798287
            57               1.1054549               1.6684113              -2.1598716
            58               1.2896974               1.6684113              -1.4399142
            59               1.4739399               1.6684113              -0.7199574
            60               1.6581824               1.6684113               0.0000000
            61               0.0000000               0.8342056              -6.4796147
            62               0.1842425               0.8342056              -5.7596574
            63               0.3684850               0.8342056              -5.0397005
            64               0.5527275               0.8342056              -4.3197432
            65               0.7369699               0.8342056              -3.5997860
            66               0.9212124               0.8342056              -2.8798287
            67               1.1054549               0.8342056              -2.1598716
            68               1.2896974               0.8342056              -1.4399142
            69               1.4739399               0.8342056              -0.7199574
            70               1.6581824               0.8342056               0.0000000
            71               0.0000000               0.0000000              -6.4796147
            72               0.1842425               0.0000000              -5.7596574
            73               0.3684850               0.0000000              -5.0397005
            74               0.5527275               0.0000000              -4.3197432
            75               0.7369699               0.0000000              -3.5997860
            76               0.9212124               0.0000000              -2.8798287
            77               1.1054549               0.0000000              -2.1598716
            78               1.2896974               0.0000000              -1.4399142
            79               1.4739399               0.0000000              -0.7199574
            80               1.6581824               0.0000000               0.0000000
            81               0.0000000              -0.8342056              -6.4796147
            82               0.1842425              -0.8342056              -5.7596574
            83               0.3684850              -0.8342056              -5.0397005
            84               0.5527275              -0.8342056              -4.3197432
            85               0.7369699              -0.8342056              -3.5997860
            86               0.9212124              -0.8342056              -2.8798287
            87               1.1054549              -0.8342056              -2.1598716
            88               1.2896974              -0.8342056              -1.4399142
            89               1.4739399              -0.8342056              -0.7199574
            90               1.6581824              -0.8342056               0.0000000
            91               0.0000000              -1.6684113              -6.4796147
            92               0.1842425              -1.6684113              -5.7596574
            93               0.3684850              -1.6684113              -5.0397005
            94               0.5527275              -1.6684113              -4.3197432
            95               0.7369699              -1.6684113              -3.5997860
            96               0.9212124              -1.6684113              -2.8798287
            97               1.1054549              -1.6684113              -2.1598716
            98               1.2896974              -1.6684113              -1.4399142
            99               1.4739399              -1.6684113              -0.7199574
           100               1.6581824              -1.6684113               0.0000000
           101               0.0000000              -2.5026169              -6.4796147
           102               0.1842425              -2.5026169              -5.7596574
           103               0.3684850              -2.5026169              -5.0397005
           104               0.5527275              -2.5026169              -4.3197432
           105               0.7369699              -2.5026169              -3.5997860
           106               0.9212124              -2.5026169              -2.8798287
           107               1.1054549              -2.5026169              -2.1598716
           108               1.2896974              -2.5026169              -1.4399142
           109               1.4739399              -2.5026169              -0.7199574
           110               1.6581824              -2.5026169               0.0000000
           111               0.0000000              -3.3368225              -6.4796147
           112               0.1842425              -3.3368225              -5.7596574
           113               0.3684850              -3.3368225              -5.0397005
           114               0.5527275              -3.3368225              -4.3197432
           115               0.7369699              -3.3368225              -3.5997860
           116               0.9212124              -3.3368225              -2.8798287
           117               1.1054549              -3.3368225              -2.1598716
           118               1.2896974              -3.3368225              -1.4399142
           119               1.4739399              -3.3368225              -0.7199574
           120               1.6581824              -3.3368225               0.0000000
           121               0.0000000              -4.1710281              -6.4796147
           122               0.1842425              -4.1710281              -5.7596574
           123               0.3684850              -4.1710281              -5.0397005
           124               0.5527275              -4.1710281              -4.3197432
           125               0.7369699              -4.1710281              -3.5997860
           126               0.9212124              -4.1710281              -2.8798287
           127               1.1054549              -4.1710281              -2.1598716
           128               1.2896974              -4.1710281              -1.4399142
           129               1.4739399              -4.1710281              -0.7199574
           130               1.6581824              -4.1710281               0.0000000
           131               0.0000000              -4.1710281              -6.4796147
           132               0.1842425              -4.1710281              -5.7596574
           133               0.3684850              -4.1710281              -5.0397005
           134               0.5527275              -4.1710281              -4.3197432
           135               0.7369699              -4.1710281              -3.5997860
           136               0.9212124              -4.1710281              -2.8798287
           137               1.1054549              -4.1710281              -2.1598716
           138               1.2896974              -4.1710281              -1.4399142
           139               1.4739399              -4.1710281              -0.7199574
           140               1.6581824              -4.1710281               0.0000000
           141               0.0000000              -4.1710281              -6.4796147
           142              -0.1842425              -4.1710281              -5.7596574
           143              -0.3684850              -4.1710281              -5.0397005
           144              -0.5527275              -4.1710281              -4.3197432
           145              -0.7369699              -4.1710281              -3.5997860
           146              -0.9212124              -4.1710281              -2.8798287
           147              -1.1054549              -4.1710281              -2.1598716
           148              -1.2896974              -4.1710281              -1.4399142
           149              -1.4739399              -4.1710281              -0.7199574
           150              -1.6581824              -4.1710281               0.0000000
           151               0.0000000              -4.1710281              -6.4796147
           152              -0.1842425              -4.1710281              -5.7596574
           153              -0.3684850              -4.1710281              -5.0397005
           154              -0.5527275              -4.1710281              -4.3197432
           155              -0.7369699              -4.1710281              -3.5997860
           156              -0.9212124              -4.1710281              -2.8798287
           157              -1.1054549              -4.1710281              -2.1598716
           158              -1.2896974              -4.1710281              -1.4399142
           159              -1.4739399              -4.1710281              -0.7199574
           160              -1.6581824              -4.1710281               0.0000000
           161               0.0000000              -3.3368225              -6.4796147
           162              -0.1842425              -3.3368225              -5.7596574
           163              -0.3684850              -3.3368225              -5.0397005
           164              -0.5527275              -3.3368225              -4.3197432
           165              -0.7369699              -3.3368225              -3.5997860
           166              -0.9212124              -3.3368225              -2.8798287
           167              -1.1054549              -3.3368225              -2.1598716
           168              -1.2896974              -3.3368225              -1.4399142
           169              -1.4739399              -3.3368225              -0.7199574
           170              -1.6581824              -3.3368225               0.0000000
           171               0.0000000              -2.5026169              -6.4796147
           172              -0.1842425              -2.5026169              -5.7596574
           173              -0.3684850              -2.5026169              -5.0397005
           174              -0.5527275              -2.5026169              -4.3197432
           175              -0.7369699              -2.5026169              -3.5997860
           176              -0.9212124              -2.5026169              -2.8798287
           177              -1.1054549              -2.5026169              -2.1598716
           178              -1.2896974              -2.5026169              -1.4399142
           179              -1.4739399              -2.5026169              -0.7199574
           180              -1.6581824              -2.5026169               0.0000000
           181               0.0000000              -1.6684113              -6.4796147
           182              -0.1842425              -1.6684113              -5.7596574
           183              -0.3684850              -1.6684113              -5.0397005
           184              -0.5527275              -1.6684113              -4.3197432
           185              -0.7369699              -1.6684113              -3.5997860
           186              -0.9212124              -1.6684113              -2.8798287
           187              -1.1054549              -1.6684113              -2.1598716
           188              -1.2896974              -1.6684113              -1.4399142
           189              -1.4739399              -1.6684113              -0.7199574
           190              -1.6581824              -1.6684113               0.0000000
           191               0.0000000              -0.8342056              -6.4796147
           192              -0.1842425              -0.8342056              -5.7596574
           193              -0.3684850              -0.8342056              -5.0397005
           194              -0.5527275              -0.8342056              -4.3197432
           195              -0.7369699              -0.8342056              -3.5997860
           196              -0.9212124              -0.8342056              -2.8798287
           197              -1.1054549              -0.8342056              -2.1598716
           198              -1.2896974              -0.8342056              -1.4399142
           199              -1.4739399              -0.8342056              -0.7199574
           200              -1.6581824              -0.8342056               0.0000000
           201               0.0000000               0.0000000              -6.4796147
           202              -0.1842425               0.0000000              -5.7596574
           203              -0.3684850               0.0000000              -5.0397005
           204              -0.5527275               0.0000000              -4.3197432
           205              -0.7369699               0.0000000              -3.5997860
           206              -0.9212124               0.0000000              -2.8798287
           207              -1.1054549               0.0000000              -2.1598716
           208              -1.2896974               0.0000000              -1.4399142
           209              -1.4739399               0.0000000              -0.7199574
           210              -1.6581824               0.0000000               0.0000000
           211               0.0000000               0.8342056              -6.4796147
           212              -0.1842425               0.8342056              -5.7596574
           213              -0.3684850               0.8342056              -5.0397005
           214              -0.5527275               0.8342056              -4.3197432
           215              -0.7369699               0.8342056              -3.5997860
           216              -0.9212124               0.8342056              -2.8798287
           217              -1.1054549               0.8342056              -2.1598716
           218              -1.2896974               0.8342056              -1.4399142
           219              -1.4739399               0.8342056              -0.7199574
           220              -1.6581824               0.8342056               0.0000000
           221               0.0000000               1.6684113              -6.4796147
           222              -0.1842425               1.6684113              -5.7596574
           223              -0.3684850               1.6684113              -5.0397005
           224              -0.5527275               1.6684113              -4.3197432
           225              -0.7369699               1.6684113              -3.5997860
           226              -0.9212124               1.6684113              -2.8798287
           227              -1.1054549               1.6684113              -2.1598716
           228              -1.2896974               1.6684113              -1.4399142
           229              -1.4739399               1.6684113              -0.7199574
           230              -1.6581824               1.6684113               0.0000000
           231               0.0000000               2.5026169              -6.4796147
           232              -0.1842425               2.5026169              -5.7596574
           233              -0.3684850               2.5026169              -5.0397005
           234              -0.5527275               2.5026169              -4.3197432
           235              -0.7369699               2.5026169              -3.5997860
           236              -0.9212124               2.5026169              -2.8798287
           237              -1.1054549               2.5026169              -2.1598716
           238              -1.2896974               2.5026169              -1.4399142
           239              -1.4739399               2.5026169              -0.7199574
           240              -1.6581824               2.5026169               0.0000000
           241               0.0000000               3.3368225              -6.4796147
           242              -0.1842425               3.3368225              -5.7596574
           243              -0.3684850               3.3368225              -5.0397005
           244              -0.5527275               3.3368225              -4.3197432
           245              -0.7369699               3.3368225              -3.5997860
           246              -0.9212124               3.3368225              -2.8798287
           247              -1.1054549               3.3368225              -2.1598716
           248              -1.2896974               3.3368225              -1.4399142
           249              -1.4739399               3.3368225              -0.7199574
           250              -1.6581824               3.3368225               0.0000000
           251               0.0000000               4.1710281              -6.4796147
           252              -0.1842425               4.1710281              -5.7596574
           253              -0.3684850               4.1710281              -5.0397005
           254              -0.5527275               4.1710281              -4.3197432
           255              -0.7369699               4.1710281              -3.5997860
           256              -0.9212124               4.1710281              -2.8798287
           257              -1.1054549               4.1710281              -2.1598716
           258              -1.2896974               4.1710281              -1.4399142
           259              -1.4739399               4.1710281              -0.7199574
           260              -1.6581824               4.1710281               0.0000000
             0          0.00          0.00          0.00
               1               2              12              11
               2               3              13              12
               3               4              14              13
               4               5              15              14
               5               6              16              15
               6               7              17              16
               7               8              18              17
               8               9              19              18
               9              10              20              19
              21              22              32              31
              22              23              33              32
              23              24              34              33
              24              25              35              34
              25              26              36              35
              26              27              37              36
              27              28              38              37
              28              29              39              38
              29              30              40              39
              31              32              42              41
              32              33              43              42
              33              34              44              43
              34              35              45              44
              35              36              46              45
              36              37              47              46
              37              38              48              47
              38              39              49              48
              39              40              50              49
              41              42              52              51
              42              43              53              52
              43              44              54              53
              44              45              55              54
              45              46              56              55
              46              47              57              56
              47              48              58              57
              48              49              59              58
              49              50              60              59
              51              52              62              61
              52              53              63              62
              53              54              64              63
              54              55              65              64
              55              56              66              65
              56              57              67              66
              57              58              68              67
              58              59              69              68
              59              60              70              69
              61              62              72              71
              62              63              73              72
              63              64              74              73
              64              65              75              74
              65              66              76              75
              66              67              77              76
              67              68              78              77
              68              69              79              78
              69              70              80              79
              71              72              82              81
              72              73              83              82
              73              74              84              83
              74              75              85              84
              75              76              86              85
              76              77              87              86
              77              78              88              87
              78              79              89              88
              79              80              90              89
              81              82              92              91
              82              83              93              92
              83              84              94              93
              84              85              95              94
              85              86              96              95
              86              87              97              96
              87              88              98              97
              88              89              99              98
              89              90             100              99
              91              92             102             101
              92              93             103             102
              93              94             104             103
              94              95             105             104
              95              96             106             105
              96              97             107             106
              97              98             108             107
              98              99             109             108
              99             100             110             109
             101             102             112             111
             102             103             113             112
             103             104             114             113
             104             105             115             114
             105             106             116             115
             106             107             117             116
             107             108             118             117
             108             109             119             118
             109             110             120             119
             111             112             122             121
             112             113             123             122
             113             114             124             123
             114             115             125             124
             115             116             126             125
             116             117             127             126
             117             118             128             127
             118             119             129             128
             119             120             130             129
             131             132             142             141
             132             133             143             142
             133             134             144             143
             134             135             145             144
             135             136             146             145
             136             137             147             146
             137             138             148             147
             138             139             149             148
             139             140             150             149
             151             152             162             161
             152             153             163             162
             153             154             164             163
             154             155             165             164
             155             156             166             165
             156             157             167             166
             157             158             168             167
             158             159             169             168
             159             160             170             169
             161             162             172             171
             162             163             173             172
             163             164             174             173
             164             165             175             174
             165             166             176             175
             166             167             177             176
             167             168             178             177
             168             169             179             178
             169             170             180             179
             171             172             182             181
             172             173             183             182
             173             174             184             183
             174             175             185             184
             175             176             186             185
             176             177             187             186
             177             178             188             187
             178             179             189             188
             179             180             190             189
             181             182             192             191
             182             183             193             192
             183             184             194             193
             184             185             195             194
             185             186             196             195
             186             187             197             196
             187             188             198             197
             188             189             199             198
             189             190             200             199
             191             192             202             201
             192             193             203             202
             193             194             204             203
             194             195             205             204
             195             196             206             205
             196             197             207             206
             197             198             208             207
             198             199             209             208
             199             200             210             209
             201             202             212             211
             202             203             213             212
             203             204             214             213
             204             205             215             214
             205             206             216             215
             206             207             217             216
             207             208             218             217
             208             209             219             218
             209             210             220             219
             211             212             222             221
             212             213             223             222
             213             214             224             223
             214             215             225             224
             215             216             226             225
             216             217             227             226
             217             218             228             227
             218             219             229             228
             219             220             230             229
             221             222             232             231
             222             223             233             232
             223             224             234             233
             224             225             235             234
             225             226             236             235
             226             227             237             236
             227             228             238             237
             228             229             239             238
             229             230             240             239
             231             232             242             241
             232             233             243             242
             233             234             244             243
             234             235             245             244
             235             236             246             245
             236             237             247             246
             237             238             248             247
             238             239             249             248
             239             240             250             249
             241             242             252             251
             242             243             253             252
             243             244             254             253
             244             245             255             254
             245             246             256             255
             246             247             257             256
             247             248             258             257
             248             249             259             258
             249             250             260             259
          0          0          0          0
