                    2          0
             1               2.6726475               1.0353891              -7.8140478
             2               2.6726475               1.0353891              -6.8372917
             3               2.6726475               1.0353891              -5.8605356
             4               2.6726475               1.0353891              -4.8837800
             5               2.6726475               1.0353891              -3.9070239
             6               2.6726475               1.0353891              -2.9302678
             7               2.6726475               1.0353891              -1.9535122
             8               2.6726475               1.0353891              -0.9767561
             9               2.6726475               1.0353891               0.0000000
            10               2.8661952               0.0000000              -7.8140478
            11               2.8661952               0.0000000              -6.8372917
            12               2.8661952               0.0000000              -5.8605356
            13               2.8661952               0.0000000              -4.8837800
            14               2.8661952               0.0000000              -3.9070239
            15               2.8661952               0.0000000              -2.9302678
            16               2.8661952               0.0000000              -1.9535122
            17               2.8661952               0.0000000              -0.9767561
            18               2.8661952               0.0000000               0.0000000
            19               2.1181438               1.9309433              -7.8140478
            20               2.1181438               1.9309433              -6.8372917
            21               2.1181438               1.9309433              -5.8605356
            22               2.1181438               1.9309433              -4.8837800
            23               2.1181438               1.9309433              -3.9070239
            24               2.1181438               1.9309433              -2.9302678
            25               2.1181438               1.9309433              -1.9535122
            26               2.1181438               1.9309433              -0.9767561
            27               2.1181438               1.9309433               0.0000000
            28               2.6726475               1.0353891              -7.8140478
            29               2.6726475               1.0353891              -6.8372917
            30               2.6726475               1.0353891              -5.8605356
            31               2.6726475               1.0353891              -4.8837800
            32               2.6726475               1.0353891              -3.9070239
            33               2.6726475               1.0353891              -2.9302678
            34               2.6726475               1.0353891              -1.9535122
            35               2.6726475               1.0353891              -0.9767561
            36               2.6726475               1.0353891               0.0000000
            37               1.2775732               2.5657127              -7.8140478
            38               1.2775732               2.5657127              -6.8372917
            39               1.2775732               2.5657127              -5.8605356
            40               1.2775732               2.5657127              -4.8837800
            41               1.2775732               2.5657127              -3.9070239
            42               1.2775732               2.5657127              -2.9302678
            43               1.2775732               2.5657127              -1.9535122
            44               1.2775732               2.5657127              -0.9767561
            45               1.2775732               2.5657127               0.0000000
            46               2.1181438               1.9309433              -7.8140478
            47               2.1181438               1.9309433              -6.8372917
            48               2.1181438               1.9309433              -5.8605356
            49               2.1181438               1.9309433              -4.8837800
            50               2.1181438               1.9309433              -3.9070239
            51               2.1181438               1.9309433              -2.9302678
            52               2.1181438               1.9309433              -1.9535122
            53               2.1181438               1.9309433              -0.9767561
            54               2.1181438               1.9309433               0.0000000
            55               0.2644591               2.8539686              -7.8140478
            56               0.2644591               2.8539686              -6.8372917
            57               0.2644591               2.8539686              -5.8605356
            58               0.2644591               2.8539686              -4.8837800
            59               0.2644591               2.8539686              -3.9070239
            60               0.2644591               2.8539686              -2.9302678
            61               0.2644591               2.8539686              -1.9535122
            62               0.2644591               2.8539686              -0.9767561
            63               0.2644591               2.8539686               0.0000000
            64               1.2775732               2.5657127              -7.8140478
            65               1.2775732               2.5657127              -6.8372917
            66               1.2775732               2.5657127              -5.8605356
            67               1.2775732               2.5657127              -4.8837800
            68               1.2775732               2.5657127              -3.9070239
            69               1.2775732               2.5657127              -2.9302678
            70               1.2775732               2.5657127              -1.9535122
            71               1.2775732               2.5657127              -0.9767561
            72               1.2775732               2.5657127               0.0000000
            73              -0.7843716               2.7567801              -7.8140478
            74              -0.7843716               2.7567801              -6.8372917
            75              -0.7843716               2.7567801              -5.8605356
            76              -0.7843716               2.7567801              -4.8837800
            77              -0.7843716               2.7567801              -3.9070239
            78              -0.7843716               2.7567801              -2.9302678
            79              -0.7843716               2.7567801              -1.9535122
            80              -0.7843716               2.7567801              -0.9767561
            81              -0.7843716               2.7567801               0.0000000
            82               0.2644591               2.8539686              -7.8140478
            83               0.2644591               2.8539686              -6.8372917
            84               0.2644591               2.8539686              -5.8605356
            85               0.2644591               2.8539686              -4.8837800
            86               0.2644591               2.8539686              -3.9070239
            87               0.2644591               2.8539686              -2.9302678
            88               0.2644591               2.8539686              -1.9535122
            89               0.2644591               2.8539686              -0.9767561
            90               0.2644591               2.8539686               0.0000000
            91              -1.7272685               2.2872732              -7.8140478
            92              -1.7272685               2.2872732              -6.8372917
            93              -1.7272685               2.2872732              -5.8605356
            94              -1.7272685               2.2872732              -4.8837800
            95              -1.7272685               2.2872732              -3.9070239
            96              -1.7272685               2.2872732              -2.9302678
            97              -1.7272685               2.2872732              -1.9535122
            98              -1.7272685               2.2872732              -0.9767561
            99              -1.7272685               2.2872732               0.0000000
           100              -0.7843716               2.7567801              -7.8140478
           101              -0.7843716               2.7567801              -6.8372917
           102              -0.7843716               2.7567801              -5.8605356
           103              -0.7843716               2.7567801              -4.8837800
           104              -0.7843716               2.7567801              -3.9070239
           105              -0.7843716               2.7567801              -2.9302678
           106              -0.7843716               2.7567801              -1.9535122
           107              -0.7843716               2.7567801              -0.9767561
           108              -0.7843716               2.7567801               0.0000000
           109              -2.4368882               1.5088574              -7.8140478
           110              -2.4368882               1.5088574              -6.8372917
           111              -2.4368882               1.5088574              -5.8605356
           112              -2.4368882               1.5088574              -4.8837800
           113              -2.4368882               1.5088574              -3.9070239
           114              -2.4368882               1.5088574              -2.9302678
           115              -2.4368882               1.5088574              -1.9535122
           116              -2.4368882               1.5088574              -0.9767561
           117              -2.4368882               1.5088574               0.0000000
           118              -1.7272685               2.2872732              -7.8140478
           119              -1.7272685               2.2872732              -6.8372917
           120              -1.7272685               2.2872732              -5.8605356
           121              -1.7272685               2.2872732              -4.8837800
           122              -1.7272685               2.2872732              -3.9070239
           123              -1.7272685               2.2872732              -2.9302678
           124              -1.7272685               2.2872732              -1.9535122
           125              -1.7272685               2.2872732              -0.9767561
           126              -1.7272685               2.2872732               0.0000000
           127              -2.8173928               0.5266620              -7.8140478
           128              -2.8173928               0.5266620              -6.8372917
           129              -2.8173928               0.5266620              -5.8605356
           130              -2.8173928               0.5266620              -4.8837800
           131              -2.8173928               0.5266620              -3.9070239
           132              -2.8173928               0.5266620              -2.9302678
           133              -2.8173928               0.5266620              -1.9535122
           134              -2.8173928               0.5266620              -0.9767561
           135              -2.8173928               0.5266620               0.0000000
           136              -2.4368882               1.5088574              -7.8140478
           137              -2.4368882               1.5088574              -6.8372917
           138              -2.4368882               1.5088574              -5.8605356
           139              -2.4368882               1.5088574              -4.8837800
           140              -2.4368882               1.5088574              -3.9070239
           141              -2.4368882               1.5088574              -2.9302678
           142              -2.4368882               1.5088574              -1.9535122
           143              -2.4368882               1.5088574              -0.9767561
           144              -2.4368882               1.5088574               0.0000000
           145              -2.8173928              -0.5266620              -7.8140478
           146              -2.8173928              -0.5266620              -6.8372917
           147              -2.8173928              -0.5266620              -5.8605356
           148              -2.8173928              -0.5266620              -4.8837800
           149              -2.8173928              -0.5266620              -3.9070239
           150              -2.8173928              -0.5266620              -2.9302678
           151              -2.8173928              -0.5266620              -1.9535122
           152              -2.8173928              -0.5266620              -0.9767561
           153              -2.8173928              -0.5266620               0.0000000
           154              -2.8173928               0.5266620              -7.8140478
           155              -2.8173928               0.5266620              -6.8372917
           156              -2.8173928               0.5266620              -5.8605356
           157              -2.8173928               0.5266620              -4.8837800
           158              -2.8173928               0.5266620              -3.9070239
           159              -2.8173928               0.5266620              -2.9302678
           160              -2.8173928               0.5266620              -1.9535122
           161              -2.8173928               0.5266620              -0.9767561
           162              -2.8173928               0.5266620               0.0000000
           163              -2.4368882              -1.5088574              -7.8140478
           164              -2.4368882              -1.5088574              -6.8372917
           165              -2.4368882              -1.5088574              -5.8605356
           166              -2.4368882              -1.5088574              -4.8837800
           167              -2.4368882              -1.5088574              -3.9070239
           168              -2.4368882              -1.5088574              -2.9302678
           169              -2.4368882              -1.5088574              -1.9535122
           170              -2.4368882              -1.5088574              -0.9767561
           171              -2.4368882              -1.5088574               0.0000000
           172              -2.8173928              -0.5266620              -7.8140478
           173              -2.8173928              -0.5266620              -6.8372917
           174              -2.8173928              -0.5266620              -5.8605356
           175              -2.8173928              -0.5266620              -4.8837800
           176              -2.8173928              -0.5266620              -3.9070239
           177              -2.8173928              -0.5266620              -2.9302678
           178              -2.8173928              -0.5266620              -1.9535122
           179              -2.8173928              -0.5266620              -0.9767561
           180              -2.8173928              -0.5266620               0.0000000
           181              -1.7272685              -2.2872732              -7.8140478
           182              -1.7272685              -2.2872732              -6.8372917
           183              -1.7272685              -2.2872732              -5.8605356
           184              -1.7272685              -2.2872732              -4.8837800
           185              -1.7272685              -2.2872732              -3.9070239
           186              -1.7272685              -2.2872732              -2.9302678
           187              -1.7272685              -2.2872732              -1.9535122
           188              -1.7272685              -2.2872732              -0.9767561
           189              -1.7272685              -2.2872732               0.0000000
           190              -2.4368882              -1.5088574              -7.8140478
           191              -2.4368882              -1.5088574              -6.8372917
           192              -2.4368882              -1.5088574              -5.8605356
           193              -2.4368882              -1.5088574              -4.8837800
           194              -2.4368882              -1.5088574              -3.9070239
           195              -2.4368882              -1.5088574              -2.9302678
           196              -2.4368882              -1.5088574              -1.9535122
           197              -2.4368882              -1.5088574              -0.9767561
           198              -2.4368882              -1.5088574               0.0000000
           199              -0.7843716              -2.7567801              -7.8140478
           200              -0.7843716              -2.7567801              -6.8372917
           201              -0.7843716              -2.7567801              -5.8605356
           202              -0.7843716              -2.7567801              -4.8837800
           203              -0.7843716              -2.7567801              -3.9070239
           204              -0.7843716              -2.7567801              -2.9302678
           205              -0.7843716              -2.7567801              -1.9535122
           206              -0.7843716              -2.7567801              -0.9767561
           207              -0.7843716              -2.7567801               0.0000000
           208              -1.7272685              -2.2872732              -7.8140478
           209              -1.7272685              -2.2872732              -6.8372917
           210              -1.7272685              -2.2872732              -5.8605356
           211              -1.7272685              -2.2872732              -4.8837800
           212              -1.7272685              -2.2872732              -3.9070239
           213              -1.7272685              -2.2872732              -2.9302678
           214              -1.7272685              -2.2872732              -1.9535122
           215              -1.7272685              -2.2872732              -0.9767561
           216              -1.7272685              -2.2872732               0.0000000
           217               0.2644591              -2.8539686              -7.8140478
           218               0.2644591              -2.8539686              -6.8372917
           219               0.2644591              -2.8539686              -5.8605356
           220               0.2644591              -2.8539686              -4.8837800
           221               0.2644591              -2.8539686              -3.9070239
           222               0.2644591              -2.8539686              -2.9302678
           223               0.2644591              -2.8539686              -1.9535122
           224               0.2644591              -2.8539686              -0.9767561
           225               0.2644591              -2.8539686               0.0000000
           226              -0.7843716              -2.7567801              -7.8140478
           227              -0.7843716              -2.7567801              -6.8372917
           228              -0.7843716              -2.7567801              -5.8605356
           229              -0.7843716              -2.7567801              -4.8837800
           230              -0.7843716              -2.7567801              -3.9070239
           231              -0.7843716              -2.7567801              -2.9302678
           232              -0.7843716              -2.7567801              -1.9535122
           233              -0.7843716              -2.7567801              -0.9767561
           234              -0.7843716              -2.7567801               0.0000000
           235               1.2775732              -2.5657127              -7.8140478
           236               1.2775732              -2.5657127              -6.8372917
           237               1.2775732              -2.5657127              -5.8605356
           238               1.2775732              -2.5657127              -4.8837800
           239               1.2775732              -2.5657127              -3.9070239
           240               1.2775732              -2.5657127              -2.9302678
           241               1.2775732              -2.5657127              -1.9535122
           242               1.2775732              -2.5657127              -0.9767561
           243               1.2775732              -2.5657127               0.0000000
           244               0.2644591              -2.8539686              -7.8140478
           245               0.2644591              -2.8539686              -6.8372917
           246               0.2644591              -2.8539686              -5.8605356
           247               0.2644591              -2.8539686              -4.8837800
           248               0.2644591              -2.8539686              -3.9070239
           249               0.2644591              -2.8539686              -2.9302678
           250               0.2644591              -2.8539686              -1.9535122
           251               0.2644591              -2.8539686              -0.9767561
           252               0.2644591              -2.8539686               0.0000000
           253               2.1181438              -1.9309433              -7.8140478
           254               2.1181438              -1.9309433              -6.8372917
           255               2.1181438              -1.9309433              -5.8605356
           256               2.1181438              -1.9309433              -4.8837800
           257               2.1181438              -1.9309433              -3.9070239
           258               2.1181438              -1.9309433              -2.9302678
           259               2.1181438              -1.9309433              -1.9535122
           260               2.1181438              -1.9309433              -0.9767561
           261               2.1181438              -1.9309433               0.0000000
           262               1.2775732              -2.5657127              -7.8140478
           263               1.2775732              -2.5657127              -6.8372917
           264               1.2775732              -2.5657127              -5.8605356
           265               1.2775732              -2.5657127              -4.8837800
           266               1.2775732              -2.5657127              -3.9070239
           267               1.2775732              -2.5657127              -2.9302678
           268               1.2775732              -2.5657127              -1.9535122
           269               1.2775732              -2.5657127              -0.9767561
           270               1.2775732              -2.5657127               0.0000000
           271               2.6726475              -1.0353891              -7.8140478
           272               2.6726475              -1.0353891              -6.8372917
           273               2.6726475              -1.0353891              -5.8605356
           274               2.6726475              -1.0353891              -4.8837800
           275               2.6726475              -1.0353891              -3.9070239
           276               2.6726475              -1.0353891              -2.9302678
           277               2.6726475              -1.0353891              -1.9535122
           278               2.6726475              -1.0353891              -0.9767561
           279               2.6726475              -1.0353891               0.0000000
           280               2.1181438              -1.9309433              -7.8140478
           281               2.1181438              -1.9309433              -6.8372917
           282               2.1181438              -1.9309433              -5.8605356
           283               2.1181438              -1.9309433              -4.8837800
           284               2.1181438              -1.9309433              -3.9070239
           285               2.1181438              -1.9309433              -2.9302678
           286               2.1181438              -1.9309433              -1.9535122
           287               2.1181438              -1.9309433              -0.9767561
           288               2.1181438              -1.9309433               0.0000000
           289               2.8661952               0.0000000              -7.8140478
           290               2.8661952               0.0000000              -6.8372917
           291               2.8661952               0.0000000              -5.8605356
           292               2.8661952               0.0000000              -4.8837800
           293               2.8661952               0.0000000              -3.9070239
           294               2.8661952               0.0000000              -2.9302678
           295               2.8661952               0.0000000              -1.9535122
           296               2.8661952               0.0000000              -0.9767561
           297               2.8661952               0.0000000               0.0000000
           298               2.6726475              -1.0353891              -7.8140478
           299               2.6726475              -1.0353891              -6.8372917
           300               2.6726475              -1.0353891              -5.8605356
           301               2.6726475              -1.0353891              -4.8837800
           302               2.6726475              -1.0353891              -3.9070239
           303               2.6726475              -1.0353891              -2.9302678
           304               2.6726475              -1.0353891              -1.9535122
           305               2.6726475              -1.0353891              -0.9767561
           306               2.6726475              -1.0353891               0.0000000
           307               0.0000000               0.0000000              -7.8140478
           308               0.0000000               0.0000000              -7.8140478
           309               0.9553984               0.0000000              -7.8140478
           310               0.8908825               0.3451297              -7.8140478
           311               1.9107968               0.0000000              -7.8140478
           312               1.7817650               0.6902594              -7.8140478
           313               2.8661950               0.0000000              -7.8140478
           314               2.6726475               1.0353891              -7.8140478
           315               0.0000000               0.0000000              -7.8140478
           316               0.0000000               0.0000000              -7.8140478
           317               0.8908825               0.3451297              -7.8140478
           318               0.7060480               0.6436477              -7.8140478
           319               1.7817650               0.6902594              -7.8140478
           320               1.4120959               1.2872955              -7.8140478
           321               2.6726475               1.0353891              -7.8140478
           322               2.1181438               1.9309431              -7.8140478
           323               0.0000000               0.0000000              -7.8140478
           324               0.0000000               0.0000000              -7.8140478
           325               0.7060480               0.6436477              -7.8140478
           326               0.4258578               0.8552375              -7.8140478
           327               1.4120959               1.2872955              -7.8140478
           328               0.8517155               1.7104751              -7.8140478
           329               2.1181438               1.9309431              -7.8140478
           330               1.2775732               2.5657127              -7.8140478
           331               0.0000000               0.0000000              -7.8140478
           332               0.0000000               0.0000000              -7.8140478
           333               0.4258578               0.8552375              -7.8140478
           334               0.0881530               0.9513229              -7.8140478
           335               0.8517155               1.7104751              -7.8140478
           336               0.1763061               1.9026457              -7.8140478
           337               1.2775732               2.5657127              -7.8140478
           338               0.2644591               2.8539686              -7.8140478
           339               0.0000000               0.0000000              -7.8140478
           340               0.0000000               0.0000000              -7.8140478
           341               0.0881530               0.9513229              -7.8140478
           342              -0.2614572               0.9189267              -7.8140478
           343               0.1763061               1.9026457              -7.8140478
           344              -0.5229144               1.8378534              -7.8140478
           345               0.2644591               2.8539686              -7.8140478
           346              -0.7843716               2.7567799              -7.8140478
           347               0.0000000               0.0000000              -7.8140478
           348               0.0000000               0.0000000              -7.8140478
           349              -0.2614572               0.9189267              -7.8140478
           350              -0.5757561               0.7624244              -7.8140478
           351              -0.5229144               1.8378534              -7.8140478
           352              -1.1515123               1.5248488              -7.8140478
           353              -0.7843716               2.7567799              -7.8140478
           354              -1.7272686               2.2872732              -7.8140478
           355               0.0000000               0.0000000              -7.8140478
           356               0.0000000               0.0000000              -7.8140478
           357              -0.5757561               0.7624244              -7.8140478
           358              -0.8122961               0.5029525              -7.8140478
           359              -1.1515123               1.5248488              -7.8140478
           360              -1.6245922               1.0059049              -7.8140478
           361              -1.7272686               2.2872732              -7.8140478
           362              -2.4368882               1.5088574              -7.8140478
           363               0.0000000               0.0000000              -7.8140478
           364               0.0000000               0.0000000              -7.8140478
           365              -0.8122961               0.5029525              -7.8140478
           366              -0.9391310               0.1755540              -7.8140478
           367              -1.6245922               1.0059049              -7.8140478
           368              -1.8782619               0.3511080              -7.8140478
           369              -2.4368882               1.5088574              -7.8140478
           370              -2.8173931               0.5266620              -7.8140478
           371               0.0000000               0.0000000              -7.8140478
           372               0.0000000               0.0000000              -7.8140478
           373              -0.9391310               0.1755540              -7.8140478
           374              -0.9391310              -0.1755540              -7.8140478
           375              -1.8782619               0.3511080              -7.8140478
           376              -1.8782619              -0.3511080              -7.8140478
           377              -2.8173931               0.5266620              -7.8140478
           378              -2.8173931              -0.5266620              -7.8140478
           379               0.0000000               0.0000000              -7.8140478
           380               0.0000000               0.0000000              -7.8140478
           381              -0.9391310              -0.1755540              -7.8140478
           382              -0.8122961              -0.5029525              -7.8140478
           383              -1.8782619              -0.3511080              -7.8140478
           384              -1.6245922              -1.0059049              -7.8140478
           385              -2.8173931              -0.5266620              -7.8140478
           386              -2.4368882              -1.5088574              -7.8140478
           387               0.0000000               0.0000000              -7.8140478
           388               0.0000000               0.0000000              -7.8140478
           389              -0.8122961              -0.5029525              -7.8140478
           390              -0.5757561              -0.7624244              -7.8140478
           391              -1.6245922              -1.0059049              -7.8140478
           392              -1.1515123              -1.5248488              -7.8140478
           393              -2.4368882              -1.5088574              -7.8140478
           394              -1.7272686              -2.2872732              -7.8140478
           395               0.0000000               0.0000000              -7.8140478
           396               0.0000000               0.0000000              -7.8140478
           397              -0.5757561              -0.7624244              -7.8140478
           398              -0.2614572              -0.9189267              -7.8140478
           399              -1.1515123              -1.5248488              -7.8140478
           400              -0.5229144              -1.8378534              -7.8140478
           401              -1.7272686              -2.2872732              -7.8140478
           402              -0.7843716              -2.7567799              -7.8140478
           403               0.0000000               0.0000000              -7.8140478
           404               0.0000000               0.0000000              -7.8140478
           405              -0.2614572              -0.9189267              -7.8140478
           406               0.0881530              -0.9513229              -7.8140478
           407              -0.5229144              -1.8378534              -7.8140478
           408               0.1763061              -1.9026457              -7.8140478
           409              -0.7843716              -2.7567799              -7.8140478
           410               0.2644591              -2.8539686              -7.8140478
           411               0.0000000               0.0000000              -7.8140478
           412               0.0000000               0.0000000              -7.8140478
           413               0.0881530              -0.9513229              -7.8140478
           414               0.4258578              -0.8552375              -7.8140478
           415               0.1763061              -1.9026457              -7.8140478
           416               0.8517155              -1.7104751              -7.8140478
           417               0.2644591              -2.8539686              -7.8140478
           418               1.2775732              -2.5657127              -7.8140478
           419               0.0000000               0.0000000              -7.8140478
           420               0.0000000               0.0000000              -7.8140478
           421               0.4258578              -0.8552375              -7.8140478
           422               0.7060480              -0.6436477              -7.8140478
           423               0.8517155              -1.7104751              -7.8140478
           424               1.4120959              -1.2872955              -7.8140478
           425               1.2775732              -2.5657127              -7.8140478
           426               2.1181438              -1.9309431              -7.8140478
           427               0.0000000               0.0000000              -7.8140478
           428               0.0000000               0.0000000              -7.8140478
           429               0.7060480              -0.6436477              -7.8140478
           430               0.8908825              -0.3451297              -7.8140478
           431               1.4120959              -1.2872955              -7.8140478
           432               1.7817650              -0.6902594              -7.8140478
           433               2.1181438              -1.9309431              -7.8140478
           434               2.6726475              -1.0353891              -7.8140478
           435               0.0000000               0.0000000              -7.8140478
           436               0.0000000               0.0000000              -7.8140478
           437               0.8908825              -0.3451297              -7.8140478
           438               0.9553984               0.0000000              -7.8140478
           439               1.7817650              -0.6902594              -7.8140478
           440               1.9107968               0.0000000              -7.8140478
           441               2.6726475              -1.0353891              -7.8140478
           442               2.8661950               0.0000000              -7.8140478
             0          0.00          0.00          0.00
               1               2              11              10
               2               3              12              11
               3               4              13              12
               4               5              14              13
               5               6              15              14
               6               7              16              15
               7               8              17              16
               8               9              18              17
              19              20              29              28
              20              21              30              29
              21              22              31              30
              22              23              32              31
              23              24              33              32
              24              25              34              33
              25              26              35              34
              26              27              36              35
              37              38              47              46
              38              39              48              47
              39              40              49              48
              40              41              50              49
              41              42              51              50
              42              43              52              51
              43              44              53              52
              44              45              54              53
              55              56              65              64
              56              57              66              65
              57              58              67              66
              58              59              68              67
              59              60              69              68
              60              61              70              69
              61              62              71              70
              62              63              72              71
              73              74              83              82
              74              75              84              83
              75              76              85              84
              76              77              86              85
              77              78              87              86
              78              79              88              87
              79              80              89              88
              80              81              90              89
              91              92             101             100
              92              93             102             101
              93              94             103             102
              94              95             104             103
              95              96             105             104
              96              97             106             105
              97              98             107             106
              98              99             108             107
             109             110             119             118
             110             111             120             119
             111             112             121             120
             112             113             122             121
             113             114             123             122
             114             115             124             123
             115             116             125             124
             116             117             126             125
             127             128             137             136
             128             129             138             137
             129             130             139             138
             130             131             140             139
             131             132             141             140
             132             133             142             141
             133             134             143             142
             134             135             144             143
             145             146             155             154
             146             147             156             155
             147             148             157             156
             148             149             158             157
             149             150             159             158
             150             151             160             159
             151             152             161             160
             152             153             162             161
             163             164             173             172
             164             165             174             173
             165             166             175             174
             166             167             176             175
             167             168             177             176
             168             169             178             177
             169             170             179             178
             170             171             180             179
             181             182             191             190
             182             183             192             191
             183             184             193             192
             184             185             194             193
             185             186             195             194
             186             187             196             195
             187             188             197             196
             188             189             198             197
             199             200             209             208
             200             201             210             209
             201             202             211             210
             202             203             212             211
             203             204             213             212
             204             205             214             213
             205             206             215             214
             206             207             216             215
             217             218             227             226
             218             219             228             227
             219             220             229             228
             220             221             230             229
             221             222             231             230
             222             223             232             231
             223             224             233             232
             224             225             234             233
             235             236             245             244
             236             237             246             245
             237             238             247             246
             238             239             248             247
             239             240             249             248
             240             241             250             249
             241             242             251             250
             242             243             252             251
             253             254             263             262
             254             255             264             263
             255             256             265             264
             256             257             266             265
             257             258             267             266
             258             259             268             267
             259             260             269             268
             260             261             270             269
             271             272             281             280
             272             273             282             281
             273             274             283             282
             274             275             284             283
             275             276             285             284
             276             277             286             285
             277             278             287             286
             278             279             288             287
             289             290             299             298
             290             291             300             299
             291             292             301             300
             292             293             302             301
             293             294             303             302
             294             295             304             303
             295             296             305             304
             296             297             306             305
             307             308             310             309
             309             310             312             311
             311             312             314             313
             315             316             318             317
             317             318             320             319
             319             320             322             321
             323             324             326             325
             325             326             328             327
             327             328             330             329
             331             332             334             333
             333             334             336             335
             335             336             338             337
             339             340             342             341
             341             342             344             343
             343             344             346             345
             347             348             350             349
             349             350             352             351
             351             352             354             353
             355             356             358             357
             357             358             360             359
             359             360             362             361
             363             364             366             365
             365             366             368             367
             367             368             370             369
             371             372             374             373
             373             374             376             375
             375             376             378             377
             379             380             382             381
             381             382             384             383
             383             384             386             385
             387             388             390             389
             389             390             392             391
             391             392             394             393
             395             396             398             397
             397             398             400             399
             399             400             402             401
             403             404             406             405
             405             406             408             407
             407             408             410             409
             411             412             414             413
             413             414             416             415
             415             416             418             417
             419             420             422             421
             421             422             424             423
             423             424             426             425
             427             428             430             429
             429             430             432             431
             431             432             434             433
             435             436             438             437
             437             438             440             439
             439             440             442             441
          0          0          0          0
