                    2          0
             1               0.0000000               0.0000000              -9.9627008
             2               0.1610849               0.0624046              -9.0570011
             3               0.3221699               0.1248093              -8.1513004
             4               0.4832548               0.1872139              -7.2456007
             5               0.6443398               0.2496186              -6.3399005
             6               0.8054247               0.3120232              -5.4342008
             7               0.9665096               0.3744279              -4.5285001
             8               1.1275946               0.4368325              -3.6228004
             9               1.2886796               0.4992371              -2.7171001
            10               1.4497645               0.5616418              -1.8114004
            11               1.6108494               0.6240464              -0.9057007
            12               1.7719344               0.6864511               0.0000000
            13               0.0000000               0.0000000              -9.9627008
            14               0.1727504               0.0000000              -9.0570011
            15               0.3455008               0.0000000              -8.1513004
            16               0.5182512               0.0000000              -7.2456007
            17               0.6910016               0.0000000              -6.3399005
            18               0.8637520               0.0000000              -5.4342008
            19               1.0365024               0.0000000              -4.5285001
            20               1.2092528               0.0000000              -3.6228004
            21               1.3820032               0.0000000              -2.7171001
            22               1.5547535               0.0000000              -1.8114004
            23               1.7275040               0.0000000              -0.9057007
            24               1.9002544               0.0000000               0.0000000
            25               0.0000000               0.0000000              -9.9627008
            26               0.1276641               0.1163812              -9.0570011
            27               0.2553281               0.2327624              -8.1513004
            28               0.3829922               0.3491436              -7.2456007
            29               0.5106563               0.4655248              -6.3399005
            30               0.6383204               0.5819060              -5.4342008
            31               0.7659845               0.6982871              -4.5285001
            32               0.8936486               0.8146683              -3.6228004
            33               1.0213126               0.9310495              -2.7171001
            34               1.1489767               1.0474308              -1.8114004
            35               1.2766408               1.1638119              -0.9057007
            36               1.4043049               1.2801931               0.0000000
            37               0.0000000               0.0000000              -9.9627008
            38               0.1610849               0.0624046              -9.0570011
            39               0.3221699               0.1248093              -8.1513004
            40               0.4832548               0.1872139              -7.2456007
            41               0.6443398               0.2496186              -6.3399005
            42               0.8054247               0.3120232              -5.4342008
            43               0.9665096               0.3744279              -4.5285001
            44               1.1275946               0.4368325              -3.6228004
            45               1.2886796               0.4992371              -2.7171001
            46               1.4497645               0.5616418              -1.8114004
            47               1.6108494               0.6240464              -0.9057007
            48               1.7719344               0.6864511               0.0000000
            49               0.0000000               0.0000000              -9.9627008
            50               0.0770015               0.1546398              -9.0570011
            51               0.1540030               0.3092797              -8.1513004
            52               0.2310044               0.4639195              -7.2456007
            53               0.3080059               0.6185593              -6.3399005
            54               0.3850074               0.7731991              -5.4342008
            55               0.4620089               0.9278389              -4.5285001
            56               0.5390103               1.0824786              -3.6228004
            57               0.6160119               1.2371186              -2.7171001
            58               0.6930133               1.3917584              -1.8114004
            59               0.7700148               1.5463982              -0.9057007
            60               0.8470163               1.7010380               0.0000000
            61               0.0000000               0.0000000              -9.9627008
            62               0.1276641               0.1163812              -9.0570011
            63               0.2553281               0.2327624              -8.1513004
            64               0.3829922               0.3491436              -7.2456007
            65               0.5106563               0.4655248              -6.3399005
            66               0.6383204               0.5819060              -5.4342008
            67               0.7659845               0.6982871              -4.5285001
            68               0.8936486               0.8146683              -3.6228004
            69               1.0213126               0.9310495              -2.7171001
            70               1.1489767               1.0474308              -1.8114004
            71               1.2766408               1.1638119              -0.9057007
            72               1.4043049               1.2801931               0.0000000
            73               0.0000000               0.0000000              -9.9627008
            74               0.0159394               0.1720135              -9.0570011
            75               0.0318788               0.3440270              -8.1513004
            76               0.0478182               0.5160404              -7.2456007
            77               0.0637576               0.6880539              -6.3399005
            78               0.0796970               0.8600674              -5.4342008
            79               0.0956364               1.0320809              -4.5285001
            80               0.1115758               1.2040944              -3.6228004
            81               0.1275152               1.3761078              -2.7171001
            82               0.1434546               1.5481213              -1.8114004
            83               0.1593940               1.7201347              -0.9057007
            84               0.1753334               1.8921483               0.0000000
            85               0.0000000               0.0000000              -9.9627008
            86               0.0770015               0.1546398              -9.0570011
            87               0.1540030               0.3092797              -8.1513004
            88               0.2310044               0.4639195              -7.2456007
            89               0.3080059               0.6185593              -6.3399005
            90               0.3850074               0.7731991              -5.4342008
            91               0.4620089               0.9278389              -4.5285001
            92               0.5390103               1.0824786              -3.6228004
            93               0.6160119               1.2371186              -2.7171001
            94               0.6930133               1.3917584              -1.8114004
            95               0.7700148               1.5463982              -0.9057007
            96               0.8470163               1.7010380               0.0000000
            97               0.0000000               0.0000000              -9.9627008
            98              -0.0472754               0.1661558              -9.0570011
            99              -0.0945508               0.3323115              -8.1513004
           100              -0.1418262               0.4984673              -7.2456007
           101              -0.1891016               0.6646230              -6.3399005
           102              -0.2363770               0.8307788              -5.4342008
           103              -0.2836523               0.9969345              -4.5285001
           104              -0.3309277               1.1630903              -3.6228004
           105              -0.3782031               1.3292460              -2.7171001
           106              -0.4254785               1.4954019              -1.8114004
           107              -0.4727539               1.6615577              -0.9057007
           108              -0.5200293               1.8277134               0.0000000
           109               0.0000000               0.0000000              -9.9627008
           110               0.0159394               0.1720135              -9.0570011
           111               0.0318788               0.3440270              -8.1513004
           112               0.0478182               0.5160404              -7.2456007
           113               0.0637576               0.6880539              -6.3399005
           114               0.0796970               0.8600674              -5.4342008
           115               0.0956364               1.0320809              -4.5285001
           116               0.1115758               1.2040944              -3.6228004
           117               0.1275152               1.3761078              -2.7171001
           118               0.1434546               1.5481213              -1.8114004
           119               0.1593940               1.7201347              -0.9057007
           120               0.1753334               1.8921483               0.0000000
           121               0.0000000               0.0000000              -9.9627008
           122              -0.1041054               0.1378578              -9.0570011
           123              -0.2082108               0.2757156              -8.1513004
           124              -0.3123161               0.4135734              -7.2456007
           125              -0.4164215               0.5514312              -6.3399005
           126              -0.5205269               0.6892890              -5.4342008
           127              -0.6246322               0.8271468              -4.5285001
           128              -0.7287377               0.9650046              -3.6228004
           129              -0.8328430               1.1028624              -2.7171001
           130              -0.9369484               1.2407202              -1.8114004
           131              -1.0410538               1.3785779              -0.9057007
           132              -1.1451591               1.5164357               0.0000000
           133               0.0000000               0.0000000              -9.9627008
           134              -0.0472754               0.1661558              -9.0570011
           135              -0.0945508               0.3323115              -8.1513004
           136              -0.1418262               0.4984673              -7.2456007
           137              -0.1891016               0.6646230              -6.3399005
           138              -0.2363770               0.8307788              -5.4342008
           139              -0.2836523               0.9969345              -4.5285001
           140              -0.3309277               1.1630903              -3.6228004
           141              -0.3782031               1.3292460              -2.7171001
           142              -0.4254785               1.4954019              -1.8114004
           143              -0.4727539               1.6615577              -0.9057007
           144              -0.5200293               1.8277134               0.0000000
           145               0.0000000               0.0000000              -9.9627008
           146              -0.1468754               0.0909414              -9.0570011
           147              -0.2937507               0.1818827              -8.1513004
           148              -0.4406261               0.2728241              -7.2456007
           149              -0.5875014               0.3637654              -6.3399005
           150              -0.7343767               0.4547068              -5.4342008
           151              -0.8812521               0.5456482              -4.5285001
           152              -1.0281274               0.6365896              -3.6228004
           153              -1.1750028               0.7275309              -2.7171001
           154              -1.3218782               0.8184723              -1.8114004
           155              -1.4687535               0.9094136              -0.9057007
           156              -1.6156288               1.0003550               0.0000000
           157               0.0000000               0.0000000              -9.9627008
           158              -0.1041054               0.1378578              -9.0570011
           159              -0.2082108               0.2757156              -8.1513004
           160              -0.3123161               0.4135734              -7.2456007
           161              -0.4164215               0.5514312              -6.3399005
           162              -0.5205269               0.6892890              -5.4342008
           163              -0.6246322               0.8271468              -4.5285001
           164              -0.7287377               0.9650046              -3.6228004
           165              -0.8328430               1.1028624              -2.7171001
           166              -0.9369484               1.2407202              -1.8114004
           167              -1.0410538               1.3785779              -0.9057007
           168              -1.1451591               1.5164357               0.0000000
           169               0.0000000               0.0000000              -9.9627008
           170              -0.1698090               0.0317428              -9.0570011
           171              -0.3396180               0.0634856              -8.1513004
           172              -0.5094270               0.0952284              -7.2456007
           173              -0.6792360               0.1269712              -6.3399005
           174              -0.8490450               0.1587140              -5.4342008
           175              -1.0188540               0.1904568              -4.5285001
           176              -1.1886630               0.2221996              -3.6228004
           177              -1.3584720               0.2539424              -2.7171001
           178              -1.5282810               0.2856852              -1.8114004
           179              -1.6980900               0.3174280              -0.9057007
           180              -1.8678989               0.3491708               0.0000000
           181               0.0000000               0.0000000              -9.9627008
           182              -0.1468754               0.0909414              -9.0570011
           183              -0.2937507               0.1818827              -8.1513004
           184              -0.4406261               0.2728241              -7.2456007
           185              -0.5875014               0.3637654              -6.3399005
           186              -0.7343767               0.4547068              -5.4342008
           187              -0.8812521               0.5456482              -4.5285001
           188              -1.0281274               0.6365896              -3.6228004
           189              -1.1750028               0.7275309              -2.7171001
           190              -1.3218782               0.8184723              -1.8114004
           191              -1.4687535               0.9094136              -0.9057007
           192              -1.6156288               1.0003550               0.0000000
           193               0.0000000               0.0000000              -9.9627008
           194              -0.1698090              -0.0317428              -9.0570011
           195              -0.3396180              -0.0634856              -8.1513004
           196              -0.5094270              -0.0952284              -7.2456007
           197              -0.6792360              -0.1269712              -6.3399005
           198              -0.8490450              -0.1587140              -5.4342008
           199              -1.0188540              -0.1904568              -4.5285001
           200              -1.1886630              -0.2221996              -3.6228004
           201              -1.3584720              -0.2539424              -2.7171001
           202              -1.5282810              -0.2856852              -1.8114004
           203              -1.6980900              -0.3174280              -0.9057007
           204              -1.8678989              -0.3491708               0.0000000
           205               0.0000000               0.0000000              -9.9627008
           206              -0.1698090               0.0317428              -9.0570011
           207              -0.3396180               0.0634856              -8.1513004
           208              -0.5094270               0.0952284              -7.2456007
           209              -0.6792360               0.1269712              -6.3399005
           210              -0.8490450               0.1587140              -5.4342008
           211              -1.0188540               0.1904568              -4.5285001
           212              -1.1886630               0.2221996              -3.6228004
           213              -1.3584720               0.2539424              -2.7171001
           214              -1.5282810               0.2856852              -1.8114004
           215              -1.6980900               0.3174280              -0.9057007
           216              -1.8678989               0.3491708               0.0000000
           217               0.0000000               0.0000000              -9.9627008
           218              -0.1468754              -0.0909414              -9.0570011
           219              -0.2937507              -0.1818827              -8.1513004
           220              -0.4406261              -0.2728241              -7.2456007
           221              -0.5875014              -0.3637654              -6.3399005
           222              -0.7343767              -0.4547068              -5.4342008
           223              -0.8812521              -0.5456482              -4.5285001
           224              -1.0281274              -0.6365896              -3.6228004
           225              -1.1750028              -0.7275309              -2.7171001
           226              -1.3218782              -0.8184723              -1.8114004
           227              -1.4687535              -0.9094136              -0.9057007
           228              -1.6156288              -1.0003550               0.0000000
           229               0.0000000               0.0000000              -9.9627008
           230              -0.1698090              -0.0317428              -9.0570011
           231              -0.3396180              -0.0634856              -8.1513004
           232              -0.5094270              -0.0952284              -7.2456007
           233              -0.6792360              -0.1269712              -6.3399005
           234              -0.8490450              -0.1587140              -5.4342008
           235              -1.0188540              -0.1904568              -4.5285001
           236              -1.1886630              -0.2221996              -3.6228004
           237              -1.3584720              -0.2539424              -2.7171001
           238              -1.5282810              -0.2856852              -1.8114004
           239              -1.6980900              -0.3174280              -0.9057007
           240              -1.8678989              -0.3491708               0.0000000
           241               0.0000000               0.0000000              -9.9627008
           242              -0.1041054              -0.1378578              -9.0570011
           243              -0.2082108              -0.2757156              -8.1513004
           244              -0.3123161              -0.4135734              -7.2456007
           245              -0.4164215              -0.5514312              -6.3399005
           246              -0.5205269              -0.6892890              -5.4342008
           247              -0.6246322              -0.8271468              -4.5285001
           248              -0.7287377              -0.9650046              -3.6228004
           249              -0.8328430              -1.1028624              -2.7171001
           250              -0.9369484              -1.2407202              -1.8114004
           251              -1.0410538              -1.3785779              -0.9057007
           252              -1.1451591              -1.5164357               0.0000000
           253               0.0000000               0.0000000              -9.9627008
           254              -0.1468754              -0.0909414              -9.0570011
           255              -0.2937507              -0.1818827              -8.1513004
           256              -0.4406261              -0.2728241              -7.2456007
           257              -0.5875014              -0.3637654              -6.3399005
           258              -0.7343767              -0.4547068              -5.4342008
           259              -0.8812521              -0.5456482              -4.5285001
           260              -1.0281274              -0.6365896              -3.6228004
           261              -1.1750028              -0.7275309              -2.7171001
           262              -1.3218782              -0.8184723              -1.8114004
           263              -1.4687535              -0.9094136              -0.9057007
           264              -1.6156288              -1.0003550               0.0000000
           265               0.0000000               0.0000000              -9.9627008
           266              -0.0472754              -0.1661558              -9.0570011
           267              -0.0945508              -0.3323115              -8.1513004
           268              -0.1418262              -0.4984673              -7.2456007
           269              -0.1891016              -0.6646230              -6.3399005
           270              -0.2363770              -0.8307788              -5.4342008
           271              -0.2836523              -0.9969345              -4.5285001
           272              -0.3309277              -1.1630903              -3.6228004
           273              -0.3782031              -1.3292460              -2.7171001
           274              -0.4254785              -1.4954019              -1.8114004
           275              -0.4727539              -1.6615577              -0.9057007
           276              -0.5200293              -1.8277134               0.0000000
           277               0.0000000               0.0000000              -9.9627008
           278              -0.1041054              -0.1378578              -9.0570011
           279              -0.2082108              -0.2757156              -8.1513004
           280              -0.3123161              -0.4135734              -7.2456007
           281              -0.4164215              -0.5514312              -6.3399005
           282              -0.5205269              -0.6892890              -5.4342008
           283              -0.6246322              -0.8271468              -4.5285001
           284              -0.7287377              -0.9650046              -3.6228004
           285              -0.8328430              -1.1028624              -2.7171001
           286              -0.9369484              -1.2407202              -1.8114004
           287              -1.0410538              -1.3785779              -0.9057007
           288              -1.1451591              -1.5164357               0.0000000
           289               0.0000000               0.0000000              -9.9627008
           290               0.0159394              -0.1720135              -9.0570011
           291               0.0318788              -0.3440270              -8.1513004
           292               0.0478182              -0.5160404              -7.2456007
           293               0.0637576              -0.6880539              -6.3399005
           294               0.0796970              -0.8600674              -5.4342008
           295               0.0956364              -1.0320809              -4.5285001
           296               0.1115758              -1.2040944              -3.6228004
           297               0.1275152              -1.3761078              -2.7171001
           298               0.1434546              -1.5481213              -1.8114004
           299               0.1593940              -1.7201347              -0.9057007
           300               0.1753334              -1.8921483               0.0000000
           301               0.0000000               0.0000000              -9.9627008
           302              -0.0472754              -0.1661558              -9.0570011
           303              -0.0945508              -0.3323115              -8.1513004
           304              -0.1418262              -0.4984673              -7.2456007
           305              -0.1891016              -0.6646230              -6.3399005
           306              -0.2363770              -0.8307788              -5.4342008
           307              -0.2836523              -0.9969345              -4.5285001
           308              -0.3309277              -1.1630903              -3.6228004
           309              -0.3782031              -1.3292460              -2.7171001
           310              -0.4254785              -1.4954019              -1.8114004
           311              -0.4727539              -1.6615577              -0.9057007
           312              -0.5200293              -1.8277134               0.0000000
           313               0.0000000               0.0000000              -9.9627008
           314               0.0770015              -0.1546398              -9.0570011
           315               0.1540030              -0.3092797              -8.1513004
           316               0.2310044              -0.4639195              -7.2456007
           317               0.3080059              -0.6185593              -6.3399005
           318               0.3850074              -0.7731991              -5.4342008
           319               0.4620089              -0.9278389              -4.5285001
           320               0.5390103              -1.0824786              -3.6228004
           321               0.6160119              -1.2371186              -2.7171001
           322               0.6930133              -1.3917584              -1.8114004
           323               0.7700148              -1.5463982              -0.9057007
           324               0.8470163              -1.7010380               0.0000000
           325               0.0000000               0.0000000              -9.9627008
           326               0.0159394              -0.1720135              -9.0570011
           327               0.0318788              -0.3440270              -8.1513004
           328               0.0478182              -0.5160404              -7.2456007
           329               0.0637576              -0.6880539              -6.3399005
           330               0.0796970              -0.8600674              -5.4342008
           331               0.0956364              -1.0320809              -4.5285001
           332               0.1115758              -1.2040944              -3.6228004
           333               0.1275152              -1.3761078              -2.7171001
           334               0.1434546              -1.5481213              -1.8114004
           335               0.1593940              -1.7201347              -0.9057007
           336               0.1753334              -1.8921483               0.0000000
           337               0.0000000               0.0000000              -9.9627008
           338               0.1276641              -0.1163812              -9.0570011
           339               0.2553281              -0.2327624              -8.1513004
           340               0.3829922              -0.3491436              -7.2456007
           341               0.5106563              -0.4655248              -6.3399005
           342               0.6383204              -0.5819060              -5.4342008
           343               0.7659845              -0.6982871              -4.5285001
           344               0.8936486              -0.8146683              -3.6228004
           345               1.0213126              -0.9310495              -2.7171001
           346               1.1489767              -1.0474308              -1.8114004
           347               1.2766408              -1.1638119              -0.9057007
           348               1.4043049              -1.2801931               0.0000000
           349               0.0000000               0.0000000              -9.9627008
           350               0.0770015              -0.1546398              -9.0570011
           351               0.1540030              -0.3092797              -8.1513004
           352               0.2310044              -0.4639195              -7.2456007
           353               0.3080059              -0.6185593              -6.3399005
           354               0.3850074              -0.7731991              -5.4342008
           355               0.4620089              -0.9278389              -4.5285001
           356               0.5390103              -1.0824786              -3.6228004
           357               0.6160119              -1.2371186              -2.7171001
           358               0.6930133              -1.3917584              -1.8114004
           359               0.7700148              -1.5463982              -0.9057007
           360               0.8470163              -1.7010380               0.0000000
           361               0.0000000               0.0000000              -9.9627008
           362               0.1610849              -0.0624046              -9.0570011
           363               0.3221699              -0.1248093              -8.1513004
           364               0.4832548              -0.1872139              -7.2456007
           365               0.6443398              -0.2496186              -6.3399005
           366               0.8054247              -0.3120232              -5.4342008
           367               0.9665096              -0.3744279              -4.5285001
           368               1.1275946              -0.4368325              -3.6228004
           369               1.2886796              -0.4992371              -2.7171001
           370               1.4497645              -0.5616418              -1.8114004
           371               1.6108494              -0.6240464              -0.9057007
           372               1.7719344              -0.6864511               0.0000000
           373               0.0000000               0.0000000              -9.9627008
           374               0.1276641              -0.1163812              -9.0570011
           375               0.2553281              -0.2327624              -8.1513004
           376               0.3829922              -0.3491436              -7.2456007
           377               0.5106563              -0.4655248              -6.3399005
           378               0.6383204              -0.5819060              -5.4342008
           379               0.7659845              -0.6982871              -4.5285001
           380               0.8936486              -0.8146683              -3.6228004
           381               1.0213126              -0.9310495              -2.7171001
           382               1.1489767              -1.0474308              -1.8114004
           383               1.2766408              -1.1638119              -0.9057007
           384               1.4043049              -1.2801931               0.0000000
           385               0.0000000               0.0000000              -9.9627008
           386               0.1727504               0.0000000              -9.0570011
           387               0.3455008               0.0000000              -8.1513004
           388               0.5182512               0.0000000              -7.2456007
           389               0.6910016               0.0000000              -6.3399005
           390               0.8637520               0.0000000              -5.4342008
           391               1.0365024               0.0000000              -4.5285001
           392               1.2092528               0.0000000              -3.6228004
           393               1.3820032               0.0000000              -2.7171001
           394               1.5547535               0.0000000              -1.8114004
           395               1.7275040               0.0000000              -0.9057007
           396               1.9002544               0.0000000               0.0000000
           397               0.0000000               0.0000000              -9.9627008
           398               0.1610849              -0.0624046              -9.0570011
           399               0.3221699              -0.1248093              -8.1513004
           400               0.4832548              -0.1872139              -7.2456007
           401               0.6443398              -0.2496186              -6.3399005
           402               0.8054247              -0.3120232              -5.4342008
           403               0.9665096              -0.3744279              -4.5285001
           404               1.1275946              -0.4368325              -3.6228004
           405               1.2886796              -0.4992371              -2.7171001
           406               1.4497645              -0.5616418              -1.8114004
           407               1.6108494              -0.6240464              -0.9057007
           408               1.7719344              -0.6864511               0.0000000
             0          0.00          0.00          0.00
               1               2              14              13
               2               3              15              14
               3               4              16              15
               4               5              17              16
               5               6              18              17
               6               7              19              18
               7               8              20              19
               8               9              21              20
               9              10              22              21
              10              11              23              22
              11              12              24              23
              25              26              38              37
              26              27              39              38
              27              28              40              39
              28              29              41              40
              29              30              42              41
              30              31              43              42
              31              32              44              43
              32              33              45              44
              33              34              46              45
              34              35              47              46
              35              36              48              47
              49              50              62              61
              50              51              63              62
              51              52              64              63
              52              53              65              64
              53              54              66              65
              54              55              67              66
              55              56              68              67
              56              57              69              68
              57              58              70              69
              58              59              71              70
              59              60              72              71
              73              74              86              85
              74              75              87              86
              75              76              88              87
              76              77              89              88
              77              78              90              89
              78              79              91              90
              79              80              92              91
              80              81              93              92
              81              82              94              93
              82              83              95              94
              83              84              96              95
              97              98             110             109
              98              99             111             110
              99             100             112             111
             100             101             113             112
             101             102             114             113
             102             103             115             114
             103             104             116             115
             104             105             117             116
             105             106             118             117
             106             107             119             118
             107             108             120             119
             121             122             134             133
             122             123             135             134
             123             124             136             135
             124             125             137             136
             125             126             138             137
             126             127             139             138
             127             128             140             139
             128             129             141             140
             129             130             142             141
             130             131             143             142
             131             132             144             143
             145             146             158             157
             146             147             159             158
             147             148             160             159
             148             149             161             160
             149             150             162             161
             150             151             163             162
             151             152             164             163
             152             153             165             164
             153             154             166             165
             154             155             167             166
             155             156             168             167
             169             170             182             181
             170             171             183             182
             171             172             184             183
             172             173             185             184
             173             174             186             185
             174             175             187             186
             175             176             188             187
             176             177             189             188
             177             178             190             189
             178             179             191             190
             179             180             192             191
             193             194             206             205
             194             195             207             206
             195             196             208             207
             196             197             209             208
             197             198             210             209
             198             199             211             210
             199             200             212             211
             200             201             213             212
             201             202             214             213
             202             203             215             214
             203             204             216             215
             217             218             230             229
             218             219             231             230
             219             220             232             231
             220             221             233             232
             221             222             234             233
             222             223             235             234
             223             224             236             235
             224             225             237             236
             225             226             238             237
             226             227             239             238
             227             228             240             239
             241             242             254             253
             242             243             255             254
             243             244             256             255
             244             245             257             256
             245             246             258             257
             246             247             259             258
             247             248             260             259
             248             249             261             260
             249             250             262             261
             250             251             263             262
             251             252             264             263
             265             266             278             277
             266             267             279             278
             267             268             280             279
             268             269             281             280
             269             270             282             281
             270             271             283             282
             271             272             284             283
             272             273             285             284
             273             274             286             285
             274             275             287             286
             275             276             288             287
             289             290             302             301
             290             291             303             302
             291             292             304             303
             292             293             305             304
             293             294             306             305
             294             295             307             306
             295             296             308             307
             296             297             309             308
             297             298             310             309
             298             299             311             310
             299             300             312             311
             313             314             326             325
             314             315             327             326
             315             316             328             327
             316             317             329             328
             317             318             330             329
             318             319             331             330
             319             320             332             331
             320             321             333             332
             321             322             334             333
             322             323             335             334
             323             324             336             335
             337             338             350             349
             338             339             351             350
             339             340             352             351
             340             341             353             352
             341             342             354             353
             342             343             355             354
             343             344             356             355
             344             345             357             356
             345             346             358             357
             346             347             359             358
             347             348             360             359
             361             362             374             373
             362             363             375             374
             363             364             376             375
             364             365             377             376
             365             366             378             377
             366             367             379             378
             367             368             380             379
             368             369             381             380
             369             370             382             381
             370             371             383             382
             371             372             384             383
             385             386             398             397
             386             387             399             398
             387             388             400             399
             388             389             401             400
             389             390             402             401
             390             391             403             402
             391             392             404             403
             392             393             405             404
             393             394             406             405
             394             395             407             406
             395             396             408             407
          0          0          0          0
