                    2          0
             1               0.0000000               2.0264914              -4.8853402
             2              -0.2029388               2.0264914              -4.3968062
             3              -0.4058775               2.0264914              -3.9082723
             4              -0.6088163               2.0264914              -3.4197381
             5              -0.8117550               2.0264914              -2.9312041
             6              -1.0146937               2.0264914              -2.4426701
             7              -1.2176325               2.0264914              -1.9541359
             8              -1.4205712               2.0264914              -1.4656022
             9              -1.6235100               2.0264914              -0.9770679
            10              -1.8264488               2.0264914              -0.4885340
            11              -2.0293875               2.0264914               0.0000000
            12               0.0000000               2.0264914              -4.8853402
            13               0.2029388               2.0264914              -4.3968062
            14               0.4058775               2.0264914              -3.9082723
            15               0.6088163               2.0264914              -3.4197381
            16               0.8117550               2.0264914              -2.9312041
            17               1.0146937               2.0264914              -2.4426701
            18               1.2176325               2.0264914              -1.9541359
            19               1.4205712               2.0264914              -1.4656022
            20               1.6235100               2.0264914              -0.9770679
            21               1.8264488               2.0264914              -0.4885340
            22               2.0293875               2.0264914               0.0000000
            23               0.0000000               2.0264914              -4.8853402
            24               0.2029388               2.0264914              -4.3968062
            25               0.4058775               2.0264914              -3.9082723
            26               0.6088163               2.0264914              -3.4197381
            27               0.8117550               2.0264914              -2.9312041
            28               1.0146937               2.0264914              -2.4426701
            29               1.2176325               2.0264914              -1.9541359
            30               1.4205712               2.0264914              -1.4656022
            31               1.6235100               2.0264914              -0.9770679
            32               1.8264488               2.0264914              -0.4885340
            33               2.0293875               2.0264914               0.0000000
            34               0.0000000               1.5198686              -4.8853402
            35               0.2029388               1.5198686              -4.3968062
            36               0.4058775               1.5198686              -3.9082723
            37               0.6088163               1.5198686              -3.4197381
            38               0.8117550               1.5198686              -2.9312041
            39               1.0146937               1.5198686              -2.4426701
            40               1.2176325               1.5198686              -1.9541359
            41               1.4205712               1.5198686              -1.4656022
            42               1.6235100               1.5198686              -0.9770679
            43               1.8264488               1.5198686              -0.4885340
            44               2.0293875               1.5198686               0.0000000
            45               0.0000000               1.0132457              -4.8853402
            46               0.2029388               1.0132457              -4.3968062
            47               0.4058775               1.0132457              -3.9082723
            48               0.6088163               1.0132457              -3.4197381
            49               0.8117550               1.0132457              -2.9312041
            50               1.0146937               1.0132457              -2.4426701
            51               1.2176325               1.0132457              -1.9541359
            52               1.4205712               1.0132457              -1.4656022
            53               1.6235100               1.0132457              -0.9770679
            54               1.8264488               1.0132457              -0.4885340
            55               2.0293875               1.0132457               0.0000000
            56               0.0000000               0.5066228              -4.8853402
            57               0.2029388               0.5066228              -4.3968062
            58               0.4058775               0.5066228              -3.9082723
            59               0.6088163               0.5066228              -3.4197381
            60               0.8117550               0.5066228              -2.9312041
            61               1.0146937               0.5066228              -2.4426701
            62               1.2176325               0.5066228              -1.9541359
            63               1.4205712               0.5066228              -1.4656022
            64               1.6235100               0.5066228              -0.9770679
            65               1.8264488               0.5066228              -0.4885340
            66               2.0293875               0.5066228               0.0000000
            67               0.0000000               0.0000000              -4.8853402
            68               0.2029388               0.0000000              -4.3968062
            69               0.4058775               0.0000000              -3.9082723
            70               0.6088163               0.0000000              -3.4197381
            71               0.8117550               0.0000000              -2.9312041
            72               1.0146937               0.0000000              -2.4426701
            73               1.2176325               0.0000000              -1.9541359
            74               1.4205712               0.0000000              -1.4656022
            75               1.6235100               0.0000000              -0.9770679
            76               1.8264488               0.0000000              -0.4885340
            77               2.0293875               0.0000000               0.0000000
            78               0.0000000              -0.5066228              -4.8853402
            79               0.2029388              -0.5066228              -4.3968062
            80               0.4058775              -0.5066228              -3.9082723
            81               0.6088163              -0.5066228              -3.4197381
            82               0.8117550              -0.5066228              -2.9312041
            83               1.0146937              -0.5066228              -2.4426701
            84               1.2176325              -0.5066228              -1.9541359
            85               1.4205712              -0.5066228              -1.4656022
            86               1.6235100              -0.5066228              -0.9770679
            87               1.8264488              -0.5066228              -0.4885340
            88               2.0293875              -0.5066228               0.0000000
            89               0.0000000              -1.0132458              -4.8853402
            90               0.2029388              -1.0132458              -4.3968062
            91               0.4058775              -1.0132458              -3.9082723
            92               0.6088163              -1.0132458              -3.4197381
            93               0.8117550              -1.0132458              -2.9312041
            94               1.0146937              -1.0132458              -2.4426701
            95               1.2176325              -1.0132458              -1.9541359
            96               1.4205712              -1.0132458              -1.4656022
            97               1.6235100              -1.0132458              -0.9770679
            98               1.8264488              -1.0132458              -0.4885340
            99               2.0293875              -1.0132458               0.0000000
           100               0.0000000              -1.5198686              -4.8853402
           101               0.2029388              -1.5198686              -4.3968062
           102               0.4058775              -1.5198686              -3.9082723
           103               0.6088163              -1.5198686              -3.4197381
           104               0.8117550              -1.5198686              -2.9312041
           105               1.0146937              -1.5198686              -2.4426701
           106               1.2176325              -1.5198686              -1.9541359
           107               1.4205712              -1.5198686              -1.4656022
           108               1.6235100              -1.5198686              -0.9770679
           109               1.8264488              -1.5198686              -0.4885340
           110               2.0293875              -1.5198686               0.0000000
           111               0.0000000              -2.0264914              -4.8853402
           112               0.2029388              -2.0264914              -4.3968062
           113               0.4058775              -2.0264914              -3.9082723
           114               0.6088163              -2.0264914              -3.4197381
           115               0.8117550              -2.0264914              -2.9312041
           116               1.0146937              -2.0264914              -2.4426701
           117               1.2176325              -2.0264914              -1.9541359
           118               1.4205712              -2.0264914              -1.4656022
           119               1.6235100              -2.0264914              -0.9770679
           120               1.8264488              -2.0264914              -0.4885340
           121               2.0293875              -2.0264914               0.0000000
           122               0.0000000              -2.0264914              -4.8853402
           123               0.2029388              -2.0264914              -4.3968062
           124               0.4058775              -2.0264914              -3.9082723
           125               0.6088163              -2.0264914              -3.4197381
           126               0.8117550              -2.0264914              -2.9312041
           127               1.0146937              -2.0264914              -2.4426701
           128               1.2176325              -2.0264914              -1.9541359
           129               1.4205712              -2.0264914              -1.4656022
           130               1.6235100              -2.0264914              -0.9770679
           131               1.8264488              -2.0264914              -0.4885340
           132               2.0293875              -2.0264914               0.0000000
           133               0.0000000              -2.0264914              -4.8853402
           134              -0.2029388              -2.0264914              -4.3968062
           135              -0.4058775              -2.0264914              -3.9082723
           136              -0.6088163              -2.0264914              -3.4197381
           137              -0.8117550              -2.0264914              -2.9312041
           138              -1.0146937              -2.0264914              -2.4426701
           139              -1.2176325              -2.0264914              -1.9541359
           140              -1.4205712              -2.0264914              -1.4656022
           141              -1.6235100              -2.0264914              -0.9770679
           142              -1.8264488              -2.0264914              -0.4885340
           143              -2.0293875              -2.0264914               0.0000000
           144               0.0000000              -2.0264914              -4.8853402
           145              -0.2029388              -2.0264914              -4.3968062
           146              -0.4058775              -2.0264914              -3.9082723
           147              -0.6088163              -2.0264914              -3.4197381
           148              -0.8117550              -2.0264914              -2.9312041
           149              -1.0146937              -2.0264914              -2.4426701
           150              -1.2176325              -2.0264914              -1.9541359
           151              -1.4205712              -2.0264914              -1.4656022
           152              -1.6235100              -2.0264914              -0.9770679
           153              -1.8264488              -2.0264914              -0.4885340
           154              -2.0293875              -2.0264914               0.0000000
           155               0.0000000              -1.5198686              -4.8853402
           156              -0.2029388              -1.5198686              -4.3968062
           157              -0.4058775              -1.5198686              -3.9082723
           158              -0.6088163              -1.5198686              -3.4197381
           159              -0.8117550              -1.5198686              -2.9312041
           160              -1.0146937              -1.5198686              -2.4426701
           161              -1.2176325              -1.5198686              -1.9541359
           162              -1.4205712              -1.5198686              -1.4656022
           163              -1.6235100              -1.5198686              -0.9770679
           164              -1.8264488              -1.5198686              -0.4885340
           165              -2.0293875              -1.5198686               0.0000000
           166               0.0000000              -1.0132457              -4.8853402
           167              -0.2029388              -1.0132457              -4.3968062
           168              -0.4058775              -1.0132457              -3.9082723
           169              -0.6088163              -1.0132457              -3.4197381
           170              -0.8117550              -1.0132457              -2.9312041
           171              -1.0146937              -1.0132457              -2.4426701
           172              -1.2176325              -1.0132457              -1.9541359
           173              -1.4205712              -1.0132457              -1.4656022
           174              -1.6235100              -1.0132457              -0.9770679
           175              -1.8264488              -1.0132457              -0.4885340
           176              -2.0293875              -1.0132457               0.0000000
           177               0.0000000              -0.5066228              -4.8853402
           178              -0.2029388              -0.5066228              -4.3968062
           179              -0.4058775              -0.5066228              -3.9082723
           180              -0.6088163              -0.5066228              -3.4197381
           181              -0.8117550              -0.5066228              -2.9312041
           182              -1.0146937              -0.5066228              -2.4426701
           183              -1.2176325              -0.5066228              -1.9541359
           184              -1.4205712              -0.5066228              -1.4656022
           185              -1.6235100              -0.5066228              -0.9770679
           186              -1.8264488              -0.5066228              -0.4885340
           187              -2.0293875              -0.5066228               0.0000000
           188               0.0000000               0.0000000              -4.8853402
           189              -0.2029388               0.0000000              -4.3968062
           190              -0.4058775               0.0000000              -3.9082723
           191              -0.6088163               0.0000000              -3.4197381
           192              -0.8117550               0.0000000              -2.9312041
           193              -1.0146937               0.0000000              -2.4426701
           194              -1.2176325               0.0000000              -1.9541359
           195              -1.4205712               0.0000000              -1.4656022
           196              -1.6235100               0.0000000              -0.9770679
           197              -1.8264488               0.0000000              -0.4885340
           198              -2.0293875               0.0000000               0.0000000
           199               0.0000000               0.5066228              -4.8853402
           200              -0.2029388               0.5066228              -4.3968062
           201              -0.4058775               0.5066228              -3.9082723
           202              -0.6088163               0.5066228              -3.4197381
           203              -0.8117550               0.5066228              -2.9312041
           204              -1.0146937               0.5066228              -2.4426701
           205              -1.2176325               0.5066228              -1.9541359
           206              -1.4205712               0.5066228              -1.4656022
           207              -1.6235100               0.5066228              -0.9770679
           208              -1.8264488               0.5066228              -0.4885340
           209              -2.0293875               0.5066228               0.0000000
           210               0.0000000               1.0132458              -4.8853402
           211              -0.2029388               1.0132458              -4.3968062
           212              -0.4058775               1.0132458              -3.9082723
           213              -0.6088163               1.0132458              -3.4197381
           214              -0.8117550               1.0132458              -2.9312041
           215              -1.0146937               1.0132458              -2.4426701
           216              -1.2176325               1.0132458              -1.9541359
           217              -1.4205712               1.0132458              -1.4656022
           218              -1.6235100               1.0132458              -0.9770679
           219              -1.8264488               1.0132458              -0.4885340
           220              -2.0293875               1.0132458               0.0000000
           221               0.0000000               1.5198686              -4.8853402
           222              -0.2029388               1.5198686              -4.3968062
           223              -0.4058775               1.5198686              -3.9082723
           224              -0.6088163               1.5198686              -3.4197381
           225              -0.8117550               1.5198686              -2.9312041
           226              -1.0146937               1.5198686              -2.4426701
           227              -1.2176325               1.5198686              -1.9541359
           228              -1.4205712               1.5198686              -1.4656022
           229              -1.6235100               1.5198686              -0.9770679
           230              -1.8264488               1.5198686              -0.4885340
           231              -2.0293875               1.5198686               0.0000000
           232               0.0000000               2.0264914              -4.8853402
           233              -0.2029388               2.0264914              -4.3968062
           234              -0.4058775               2.0264914              -3.9082723
           235              -0.6088163               2.0264914              -3.4197381
           236              -0.8117550               2.0264914              -2.9312041
           237              -1.0146937               2.0264914              -2.4426701
           238              -1.2176325               2.0264914              -1.9541359
           239              -1.4205712               2.0264914              -1.4656022
           240              -1.6235100               2.0264914              -0.9770679
           241              -1.8264488               2.0264914              -0.4885340
           242              -2.0293875               2.0264914               0.0000000
             0          0.00          0.00          0.00
               1               2              13              12
               2               3              14              13
               3               4              15              14
               4               5              16              15
               5               6              17              16
               6               7              18              17
               7               8              19              18
               8               9              20              19
               9              10              21              20
              10              11              22              21
              23              24              35              34
              24              25              36              35
              25              26              37              36
              26              27              38              37
              27              28              39              38
              28              29              40              39
              29              30              41              40
              30              31              42              41
              31              32              43              42
              32              33              44              43
              34              35              46              45
              35              36              47              46
              36              37              48              47
              37              38              49              48
              38              39              50              49
              39              40              51              50
              40              41              52              51
              41              42              53              52
              42              43              54              53
              43              44              55              54
              45              46              57              56
              46              47              58              57
              47              48              59              58
              48              49              60              59
              49              50              61              60
              50              51              62              61
              51              52              63              62
              52              53              64              63
              53              54              65              64
              54              55              66              65
              56              57              68              67
              57              58              69              68
              58              59              70              69
              59              60              71              70
              60              61              72              71
              61              62              73              72
              62              63              74              73
              63              64              75              74
              64              65              76              75
              65              66              77              76
              67              68              79              78
              68              69              80              79
              69              70              81              80
              70              71              82              81
              71              72              83              82
              72              73              84              83
              73              74              85              84
              74              75              86              85
              75              76              87              86
              76              77              88              87
              78              79              90              89
              79              80              91              90
              80              81              92              91
              81              82              93              92
              82              83              94              93
              83              84              95              94
              84              85              96              95
              85              86              97              96
              86              87              98              97
              87              88              99              98
              89              90             101             100
              90              91             102             101
              91              92             103             102
              92              93             104             103
              93              94             105             104
              94              95             106             105
              95              96             107             106
              96              97             108             107
              97              98             109             108
              98              99             110             109
             100             101             112             111
             101             102             113             112
             102             103             114             113
             103             104             115             114
             104             105             116             115
             105             106             117             116
             106             107             118             117
             107             108             119             118
             108             109             120             119
             109             110             121             120
             122             123             134             133
             123             124             135             134
             124             125             136             135
             125             126             137             136
             126             127             138             137
             127             128             139             138
             128             129             140             139
             129             130             141             140
             130             131             142             141
             131             132             143             142
             144             145             156             155
             145             146             157             156
             146             147             158             157
             147             148             159             158
             148             149             160             159
             149             150             161             160
             150             151             162             161
             151             152             163             162
             152             153             164             163
             153             154             165             164
             155             156             167             166
             156             157             168             167
             157             158             169             168
             158             159             170             169
             159             160             171             170
             160             161             172             171
             161             162             173             172
             162             163             174             173
             163             164             175             174
             164             165             176             175
             166             167             178             177
             167             168             179             178
             168             169             180             179
             169             170             181             180
             170             171             182             181
             171             172             183             182
             172             173             184             183
             173             174             185             184
             174             175             186             185
             175             176             187             186
             177             178             189             188
             178             179             190             189
             179             180             191             190
             180             181             192             191
             181             182             193             192
             182             183             194             193
             183             184             195             194
             184             185             196             195
             185             186             197             196
             186             187             198             197
             188             189             200             199
             189             190             201             200
             190             191             202             201
             191             192             203             202
             192             193             204             203
             193             194             205             204
             194             195             206             205
             195             196             207             206
             196             197             208             207
             197             198             209             208
             199             200             211             210
             200             201             212             211
             201             202             213             212
             202             203             214             213
             203             204             215             214
             204             205             216             215
             205             206             217             216
             206             207             218             217
             207             208             219             218
             208             209             220             219
             210             211             222             221
             211             212             223             222
             212             213             224             223
             213             214             225             224
             214             215             226             225
             215             216             227             226
             216             217             228             227
             217             218             229             228
             218             219             230             229
             219             220             231             230
             221             222             233             232
             222             223             234             233
             223             224             235             234
             224             225             236             235
             225             226             237             236
             226             227             238             237
             227             228             239             238
             228             229             240             239
             229             230             241             240
             230             231             242             241
          0          0          0          0
