                    2          0
             1              -4.4477296               2.8922598              -2.7035925
             2              -4.4477296               2.8922598              -1.8023951
             3              -4.4477296               2.8922598              -0.9011976
             4              -4.4477296               2.8922598               0.0000000
             5              -3.5581837               2.8922598              -2.7035925
             6              -3.5581837               2.8922598              -1.8023951
             7              -3.5581837               2.8922598              -0.9011976
             8              -3.5581837               2.8922598               0.0000000
             9              -2.6686378               2.8922598              -2.7035925
            10              -2.6686378               2.8922598              -1.8023951
            11              -2.6686378               2.8922598              -0.9011976
            12              -2.6686378               2.8922598               0.0000000
            13              -1.7790918               2.8922598              -2.7035925
            14              -1.7790918               2.8922598              -1.8023951
            15              -1.7790918               2.8922598              -0.9011976
            16              -1.7790918               2.8922598               0.0000000
            17              -0.8895459               2.8922598              -2.7035925
            18              -0.8895459               2.8922598              -1.8023951
            19              -0.8895459               2.8922598              -0.9011976
            20              -0.8895459               2.8922598               0.0000000
            21               0.0000000               2.8922598              -2.7035925
            22               0.0000000               2.8922598              -1.8023951
            23               0.0000000               2.8922598              -0.9011976
            24               0.0000000               2.8922598               0.0000000
            25               0.8895459               2.8922598              -2.7035925
            26               0.8895459               2.8922598              -1.8023951
            27               0.8895459               2.8922598              -0.9011976
            28               0.8895459               2.8922598               0.0000000
            29               1.7790918               2.8922598              -2.7035925
            30               1.7790918               2.8922598              -1.8023951
            31               1.7790918               2.8922598              -0.9011976
            32               1.7790918               2.8922598               0.0000000
            33               2.6686378               2.8922598              -2.7035925
            34               2.6686378               2.8922598              -1.8023951
            35               2.6686378               2.8922598              -0.9011976
            36               2.6686378               2.8922598               0.0000000
            37               3.5581841               2.8922598              -2.7035925
            38               3.5581841               2.8922598              -1.8023951
            39               3.5581841               2.8922598              -0.9011976
            40               3.5581841               2.8922598               0.0000000
            41               4.4477296               2.8922598              -2.7035925
            42               4.4477296               2.8922598              -1.8023951
            43               4.4477296               2.8922598              -0.9011976
            44               4.4477296               2.8922598               0.0000000
            45               4.4477296               2.8922598              -2.7035925
            46               4.4477296               2.8922598              -1.8023951
            47               4.4477296               2.8922598              -0.9011976
            48               4.4477296               2.8922598               0.0000000
            49               4.4477296               2.0658998              -2.7035925
            50               4.4477296               2.0658998              -1.8023951
            51               4.4477296               2.0658998              -0.9011976
            52               4.4477296               2.0658998               0.0000000
            53               4.4477296               1.2395400              -2.7035925
            54               4.4477296               1.2395400              -1.8023951
            55               4.4477296               1.2395400              -0.9011976
            56               4.4477296               1.2395400               0.0000000
            57               4.4477296               0.4131799              -2.7035925
            58               4.4477296               0.4131799              -1.8023951
            59               4.4477296               0.4131799              -0.9011976
            60               4.4477296               0.4131799               0.0000000
            61               4.4477296              -0.4131799              -2.7035925
            62               4.4477296              -0.4131799              -1.8023951
            63               4.4477296              -0.4131799              -0.9011976
            64               4.4477296              -0.4131799               0.0000000
            65               4.4477296              -1.2395399              -2.7035925
            66               4.4477296              -1.2395399              -1.8023951
            67               4.4477296              -1.2395399              -0.9011976
            68               4.4477296              -1.2395399               0.0000000
            69               4.4477296              -2.0659001              -2.7035925
            70               4.4477296              -2.0659001              -1.8023951
            71               4.4477296              -2.0659001              -0.9011976
            72               4.4477296              -2.0659001               0.0000000
            73               4.4477296              -2.8922598              -2.7035925
            74               4.4477296              -2.8922598              -1.8023951
            75               4.4477296              -2.8922598              -0.9011976
            76               4.4477296              -2.8922598               0.0000000
            77               4.4477296              -2.8922598              -2.7035925
            78               4.4477296              -2.8922598              -1.8023951
            79               4.4477296              -2.8922598              -0.9011976
            80               4.4477296              -2.8922598               0.0000000
            81               3.5581837              -2.8922598              -2.7035925
            82               3.5581837              -2.8922598              -1.8023951
            83               3.5581837              -2.8922598              -0.9011976
            84               3.5581837              -2.8922598               0.0000000
            85               2.6686378              -2.8922598              -2.7035925
            86               2.6686378              -2.8922598              -1.8023951
            87               2.6686378              -2.8922598              -0.9011976
            88               2.6686378              -2.8922598               0.0000000
            89               1.7790918              -2.8922598              -2.7035925
            90               1.7790918              -2.8922598              -1.8023951
            91               1.7790918              -2.8922598              -0.9011976
            92               1.7790918              -2.8922598               0.0000000
            93               0.8895459              -2.8922598              -2.7035925
            94               0.8895459              -2.8922598              -1.8023951
            95               0.8895459              -2.8922598              -0.9011976
            96               0.8895459              -2.8922598               0.0000000
            97               0.0000000              -2.8922598              -2.7035925
            98               0.0000000              -2.8922598              -1.8023951
            99               0.0000000              -2.8922598              -0.9011976
           100               0.0000000              -2.8922598               0.0000000
           101              -0.8895459              -2.8922598              -2.7035925
           102              -0.8895459              -2.8922598              -1.8023951
           103              -0.8895459              -2.8922598              -0.9011976
           104              -0.8895459              -2.8922598               0.0000000
           105              -1.7790918              -2.8922598              -2.7035925
           106              -1.7790918              -2.8922598              -1.8023951
           107              -1.7790918              -2.8922598              -0.9011976
           108              -1.7790918              -2.8922598               0.0000000
           109              -2.6686378              -2.8922598              -2.7035925
           110              -2.6686378              -2.8922598              -1.8023951
           111              -2.6686378              -2.8922598              -0.9011976
           112              -2.6686378              -2.8922598               0.0000000
           113              -3.5581841              -2.8922598              -2.7035925
           114              -3.5581841              -2.8922598              -1.8023951
           115              -3.5581841              -2.8922598              -0.9011976
           116              -3.5581841              -2.8922598               0.0000000
           117              -4.4477296              -2.8922598              -2.7035925
           118              -4.4477296              -2.8922598              -1.8023951
           119              -4.4477296              -2.8922598              -0.9011976
           120              -4.4477296              -2.8922598               0.0000000
           121              -4.4477296              -2.8922598              -2.7035925
           122              -4.4477296              -2.8922598              -1.8023951
           123              -4.4477296              -2.8922598              -0.9011976
           124              -4.4477296              -2.8922598               0.0000000
           125              -4.4477296              -2.0658998              -2.7035925
           126              -4.4477296              -2.0658998              -1.8023951
           127              -4.4477296              -2.0658998              -0.9011976
           128              -4.4477296              -2.0658998               0.0000000
           129              -4.4477296              -1.2395400              -2.7035925
           130              -4.4477296              -1.2395400              -1.8023951
           131              -4.4477296              -1.2395400              -0.9011976
           132              -4.4477296              -1.2395400               0.0000000
           133              -4.4477296              -0.4131799              -2.7035925
           134              -4.4477296              -0.4131799              -1.8023951
           135              -4.4477296              -0.4131799              -0.9011976
           136              -4.4477296              -0.4131799               0.0000000
           137              -4.4477296               0.4131799              -2.7035925
           138              -4.4477296               0.4131799              -1.8023951
           139              -4.4477296               0.4131799              -0.9011976
           140              -4.4477296               0.4131799               0.0000000
           141              -4.4477296               1.2395399              -2.7035925
           142              -4.4477296               1.2395399              -1.8023951
           143              -4.4477296               1.2395399              -0.9011976
           144              -4.4477296               1.2395399               0.0000000
           145              -4.4477296               2.0659001              -2.7035925
           146              -4.4477296               2.0659001              -1.8023951
           147              -4.4477296               2.0659001              -0.9011976
           148              -4.4477296               2.0659001               0.0000000
           149              -4.4477296               2.8922598              -2.7035925
           150              -4.4477296               2.8922598              -1.8023951
           151              -4.4477296               2.8922598              -0.9011976
           152              -4.4477296               2.8922598               0.0000000
           153               4.4477296              -2.8922598              -2.7035925
           154               3.5581837              -2.8922598              -2.7035925
           155               2.6686378              -2.8922598              -2.7035925
           156               1.7790918              -2.8922598              -2.7035925
           157               0.8895459              -2.8922598              -2.7035925
           158               0.0000000              -2.8922598              -2.7035925
           159              -0.8895459              -2.8922598              -2.7035925
           160              -1.7790918              -2.8922598              -2.7035925
           161              -2.6686378              -2.8922598              -2.7035925
           162              -3.5581841              -2.8922598              -2.7035925
           163              -4.4477296              -2.8922598              -2.7035925
           164               4.4477296              -2.0658998              -2.7035925
           165               3.5581837              -2.0658998              -2.7035925
           166               2.6686378              -2.0658998              -2.7035925
           167               1.7790918              -2.0658998              -2.7035925
           168               0.8895459              -2.0658998              -2.7035925
           169               0.0000000              -2.0658998              -2.7035925
           170              -0.8895459              -2.0658998              -2.7035925
           171              -1.7790918              -2.0658998              -2.7035925
           172              -2.6686378              -2.0658998              -2.7035925
           173              -3.5581841              -2.0658998              -2.7035925
           174              -4.4477296              -2.0658998              -2.7035925
           175               4.4477296              -1.2395400              -2.7035925
           176               3.5581837              -1.2395400              -2.7035925
           177               2.6686378              -1.2395400              -2.7035925
           178               1.7790918              -1.2395400              -2.7035925
           179               0.8895459              -1.2395400              -2.7035925
           180               0.0000000              -1.2395400              -2.7035925
           181              -0.8895459              -1.2395400              -2.7035925
           182              -1.7790918              -1.2395400              -2.7035925
           183              -2.6686378              -1.2395400              -2.7035925
           184              -3.5581841              -1.2395400              -2.7035925
           185              -4.4477296              -1.2395400              -2.7035925
           186               4.4477296              -0.4131799              -2.7035925
           187               3.5581837              -0.4131799              -2.7035925
           188               2.6686378              -0.4131799              -2.7035925
           189               1.7790918              -0.4131799              -2.7035925
           190               0.8895459              -0.4131799              -2.7035925
           191               0.0000000              -0.4131799              -2.7035925
           192              -0.8895459              -0.4131799              -2.7035925
           193              -1.7790918              -0.4131799              -2.7035925
           194              -2.6686378              -0.4131799              -2.7035925
           195              -3.5581841              -0.4131799              -2.7035925
           196              -4.4477296              -0.4131799              -2.7035925
           197               4.4477296               0.4131799              -2.7035925
           198               3.5581837               0.4131799              -2.7035925
           199               2.6686378               0.4131799              -2.7035925
           200               1.7790918               0.4131799              -2.7035925
           201               0.8895459               0.4131799              -2.7035925
           202               0.0000000               0.4131799              -2.7035925
           203              -0.8895459               0.4131799              -2.7035925
           204              -1.7790918               0.4131799              -2.7035925
           205              -2.6686378               0.4131799              -2.7035925
           206              -3.5581841               0.4131799              -2.7035925
           207              -4.4477296               0.4131799              -2.7035925
           208               4.4477296               1.2395399              -2.7035925
           209               3.5581837               1.2395399              -2.7035925
           210               2.6686378               1.2395399              -2.7035925
           211               1.7790918               1.2395399              -2.7035925
           212               0.8895459               1.2395399              -2.7035925
           213               0.0000000               1.2395399              -2.7035925
           214              -0.8895459               1.2395399              -2.7035925
           215              -1.7790918               1.2395399              -2.7035925
           216              -2.6686378               1.2395399              -2.7035925
           217              -3.5581841               1.2395399              -2.7035925
           218              -4.4477296               1.2395399              -2.7035925
           219               4.4477296               2.0659001              -2.7035925
           220               3.5581837               2.0659001              -2.7035925
           221               2.6686378               2.0659001              -2.7035925
           222               1.7790918               2.0659001              -2.7035925
           223               0.8895459               2.0659001              -2.7035925
           224               0.0000000               2.0659001              -2.7035925
           225              -0.8895459               2.0659001              -2.7035925
           226              -1.7790918               2.0659001              -2.7035925
           227              -2.6686378               2.0659001              -2.7035925
           228              -3.5581841               2.0659001              -2.7035925
           229              -4.4477296               2.0659001              -2.7035925
           230               4.4477296               2.8922598              -2.7035925
           231               3.5581837               2.8922598              -2.7035925
           232               2.6686378               2.8922598              -2.7035925
           233               1.7790918               2.8922598              -2.7035925
           234               0.8895459               2.8922598              -2.7035925
           235               0.0000000               2.8922598              -2.7035925
           236              -0.8895459               2.8922598              -2.7035925
           237              -1.7790918               2.8922598              -2.7035925
           238              -2.6686378               2.8922598              -2.7035925
           239              -3.5581841               2.8922598              -2.7035925
           240              -4.4477296               2.8922598              -2.7035925
             0          0.00          0.00          0.00
               1               2               6               5
               2               3               7               6
               3               4               8               7
               5               6              10               9
               6               7              11              10
               7               8              12              11
               9              10              14              13
              10              11              15              14
              11              12              16              15
              13              14              18              17
              14              15              19              18
              15              16              20              19
              17              18              22              21
              18              19              23              22
              19              20              24              23
              21              22              26              25
              22              23              27              26
              23              24              28              27
              25              26              30              29
              26              27              31              30
              27              28              32              31
              29              30              34              33
              30              31              35              34
              31              32              36              35
              33              34              38              37
              34              35              39              38
              35              36              40              39
              37              38              42              41
              38              39              43              42
              39              40              44              43
              45              46              50              49
              46              47              51              50
              47              48              52              51
              49              50              54              53
              50              51              55              54
              51              52              56              55
              53              54              58              57
              54              55              59              58
              55              56              60              59
              57              58              62              61
              58              59              63              62
              59              60              64              63
              61              62              66              65
              62              63              67              66
              63              64              68              67
              65              66              70              69
              66              67              71              70
              67              68              72              71
              69              70              74              73
              70              71              75              74
              71              72              76              75
              77              78              82              81
              78              79              83              82
              79              80              84              83
              81              82              86              85
              82              83              87              86
              83              84              88              87
              85              86              90              89
              86              87              91              90
              87              88              92              91
              89              90              94              93
              90              91              95              94
              91              92              96              95
              93              94              98              97
              94              95              99              98
              95              96             100              99
              97              98             102             101
              98              99             103             102
              99             100             104             103
             101             102             106             105
             102             103             107             106
             103             104             108             107
             105             106             110             109
             106             107             111             110
             107             108             112             111
             109             110             114             113
             110             111             115             114
             111             112             116             115
             113             114             118             117
             114             115             119             118
             115             116             120             119
             121             122             126             125
             122             123             127             126
             123             124             128             127
             125             126             130             129
             126             127             131             130
             127             128             132             131
             129             130             134             133
             130             131             135             134
             131             132             136             135
             133             134             138             137
             134             135             139             138
             135             136             140             139
             137             138             142             141
             138             139             143             142
             139             140             144             143
             141             142             146             145
             142             143             147             146
             143             144             148             147
             145             146             150             149
             146             147             151             150
             147             148             152             151
             153             154             165             164
             154             155             166             165
             155             156             167             166
             156             157             168             167
             157             158             169             168
             158             159             170             169
             159             160             171             170
             160             161             172             171
             161             162             173             172
             162             163             174             173
             164             165             176             175
             165             166             177             176
             166             167             178             177
             167             168             179             178
             168             169             180             179
             169             170             181             180
             170             171             182             181
             171             172             183             182
             172             173             184             183
             173             174             185             184
             175             176             187             186
             176             177             188             187
             177             178             189             188
             178             179             190             189
             179             180             191             190
             180             181             192             191
             181             182             193             192
             182             183             194             193
             183             184             195             194
             184             185             196             195
             186             187             198             197
             187             188             199             198
             188             189             200             199
             189             190             201             200
             190             191             202             201
             191             192             203             202
             192             193             204             203
             193             194             205             204
             194             195             206             205
             195             196             207             206
             197             198             209             208
             198             199             210             209
             199             200             211             210
             200             201             212             211
             201             202             213             212
             202             203             214             213
             203             204             215             214
             204             205             216             215
             205             206             217             216
             206             207             218             217
             208             209             220             219
             209             210             221             220
             210             211             222             221
             211             212             223             222
             212             213             224             223
             213             214             225             224
             214             215             226             225
             215             216             227             226
             216             217             228             227
             217             218             229             228
             219             220             231             230
             220             221             232             231
             221             222             233             232
             222             223             234             233
             223             224             235             234
             224             225             236             235
             225             226             237             236
             226             227             238             237
             227             228             239             238
             228             229             240             239
          0          0          0          0
