                    2          0
             1               1.9658895               0.7615896              -0.8732679
             2               2.0468764               0.7929641              -0.4366339
             3               2.1278634               0.8243387               0.0000000
             4               2.0370722               0.3807948              -0.8732679
             5               2.1209917               0.3964821              -0.4366339
             6               2.2049112               0.4121693               0.0000000
             7               2.1082551               0.0000000              -0.8732679
             8               2.1951070               0.0000000              -0.4366339
             9               2.2819591               0.0000000               0.0000000
            10               1.5046268               0.5828955              -1.6135887
            11               1.7352581               0.6722425              -1.2434282
            12               1.9658895               0.7615896              -0.8732679
            13               1.6135887               0.0000000              -1.6135887
            14               1.8609219               0.0000000              -1.2434282
            15               2.1082551               0.0000000              -0.8732679
            16               0.8142981               0.3154608              -2.1082551
            17               1.1594625               0.4491782              -1.8609219
            18               1.5046268               0.5828955              -1.6135887
            19               0.8732679               0.0000000              -2.1082551
            20               1.2434282               0.0000000              -1.8609219
            21               1.6135887               0.0000000              -1.6135887
            22               0.0000000               0.0000000              -2.2819591
            23               0.4071490               0.1577304              -2.1951070
            24               0.8142981               0.3154608              -2.1082551
            25               0.0000000               0.0000000              -2.2819591
            26               0.4366339               0.0000000              -2.1951070
            27               0.8732679               0.0000000              -2.1082551
            28               1.5580194               1.4203224              -0.8732679
            29               1.6222038               1.4788342              -0.4366339
            30               1.6863881               1.5373459               0.0000000
            31               1.7619544               1.0909560              -0.8732679
            32               1.8345401               1.1358991              -0.4366339
            33               1.9071257               1.1808423               0.0000000
            34               1.9658895               0.7615896              -0.8732679
            35               2.0468764               0.7929641              -0.4366339
            36               2.1278634               0.8243387               0.0000000
            37               1.1924564               1.0870677              -1.6135887
            38               1.3752379               1.2536950              -1.2434282
            39               1.5580194               1.4203224              -0.8732679
            40               1.5046268               0.5828955              -1.6135887
            41               1.7352581               0.6722425              -1.2434282
            42               1.9658895               0.7615896              -0.8732679
            43               0.6453528               0.5883168              -2.1082551
            44               0.9189045               0.8376923              -1.8609219
            45               1.1924564               1.0870677              -1.6135887
            46               0.8142981               0.3154608              -2.1082551
            47               1.1594625               0.4491782              -1.8609219
            48               1.5046268               0.5828955              -1.6135887
            49               0.0000000               0.0000000              -2.2819591
            50               0.3226764               0.2941584              -2.1951070
            51               0.6453528               0.5883168              -2.1082551
            52               0.0000000               0.0000000              -2.2819591
            53               0.4071490               0.1577304              -2.1951070
            54               0.8142981               0.3154608              -2.1082551
            55               0.9397302               1.8872327              -0.8732679
            56               0.9784435               1.9649794              -0.4366339
            57               1.0171567               2.0427260               0.0000000
            58               1.2488748               1.6537776              -0.8732679
            59               1.3003236               1.7219068              -0.4366339
            60               1.3517724               1.7900360               0.0000000
            61               1.5580194               1.4203224              -0.8732679
            62               1.6222038               1.4788342              -0.4366339
            63               1.6863881               1.5373459               0.0000000
            64               0.7192384               1.4444253              -1.6135887
            65               0.8294843               1.6658289              -1.2434282
            66               0.9397302               1.8872327              -0.8732679
            67               1.1924564               1.0870677              -1.6135887
            68               1.3752379               1.2536950              -1.2434282
            69               1.5580194               1.4203224              -0.8732679
            70               0.3892490               0.7817174              -2.1082551
            71               0.5542437               1.1130714              -1.8609219
            72               0.7192384               1.4444253              -1.6135887
            73               0.6453528               0.5883168              -2.1082551
            74               0.9189045               0.8376923              -1.8609219
            75               1.1924564               1.0870677              -1.6135887
            76               0.0000000               0.0000000              -2.2819591
            77               0.1946245               0.3908587              -2.1951070
            78               0.3892490               0.7817174              -2.1082551
            79               0.0000000               0.0000000              -2.2819591
            80               0.3226764               0.2941584              -2.1951070
            81               0.6453528               0.5883168              -2.1082551
            82               0.1945253               2.0992618              -0.8732679
            83               0.2025390               2.1857433              -0.4366339
            84               0.2105526               2.2722247               0.0000000
            85               0.5671278               1.9932473              -0.8732679
            86               0.5904912               2.0753613              -0.4366339
            87               0.6138546               2.1574755               0.0000000
            88               0.9397302               1.8872327              -0.8732679
            89               0.9784435               1.9649794              -0.4366339
            90               1.0171567               2.0427260               0.0000000
            91               0.1488832               1.6067054              -1.6135887
            92               0.1717042               1.8529836              -1.2434282
            93               0.1945253               2.0992618              -0.8732679
            94               0.7192384               1.4444253              -1.6135887
            95               0.8294843               1.6658289              -1.2434282
            96               0.9397302               1.8872327              -0.8732679
            97               0.0805750               0.8695427              -2.1082551
            98               0.1147291               1.2381241              -1.8609219
            99               0.1488832               1.6067054              -1.6135887
           100               0.3892490               0.7817174              -2.1082551
           101               0.5542437               1.1130714              -1.8609219
           102               0.7192384               1.4444253              -1.6135887
           103               0.0000000               0.0000000              -2.2819591
           104               0.0402875               0.4347714              -2.1951070
           105               0.0805750               0.8695427              -2.1082551
           106               0.0000000               0.0000000              -2.2819591
           107               0.1946245               0.3908587              -2.1951070
           108               0.3892490               0.7817174              -2.1082551
           109              -0.5769514               2.0277739              -0.8732679
           110              -0.6007196               2.1113102              -0.4366339
           111              -0.6244877               2.1948466               0.0000000
           112              -0.1912130               2.0635178              -0.8732679
           113              -0.1990903               2.1485267              -0.4366339
           114              -0.2069675               2.2335358               0.0000000
           115               0.1945253               2.0992618              -0.8732679
           116               0.2025390               2.1857433              -0.4366339
           117               0.2105526               2.2722247               0.0000000
           118              -0.4415795               1.5519910              -1.6135887
           119              -0.5092654               1.7898824              -1.2434282
           120              -0.5769514               2.0277739              -0.8732679
           121               0.1488832               1.6067054              -1.6135887
           122               0.1717042               1.8529836              -1.2434282
           123               0.1945253               2.0992618              -0.8732679
           124              -0.2389811               0.8399315              -2.1082551
           125              -0.3402803               1.1959612              -1.8609219
           126              -0.4415795               1.5519910              -1.6135887
           127               0.0805750               0.8695427              -2.1082551
           128               0.1147291               1.2381241              -1.8609219
           129               0.1488832               1.6067054              -1.6135887
           130               0.0000000               0.0000000              -2.2819591
           131              -0.1194905               0.4199657              -2.1951070
           132              -0.2389811               0.8399315              -2.1082551
           133               0.0000000               0.0000000              -2.2819591
           134               0.0402875               0.4347714              -2.1951070
           135               0.0805750               0.8695427              -2.1082551
           136              -1.2705076               1.6824239              -0.8732679
           137              -1.3228476               1.7517333              -0.4366339
           138              -1.3751875               1.8210427               0.0000000
           139              -0.9237295               1.8550990              -0.8732679
           140              -0.9617835               1.9315218              -0.4366339
           141              -0.9998376               2.0079446               0.0000000
           142              -0.5769514               2.0277739              -0.8732679
           143              -0.6007196               2.1113102              -0.4366339
           144              -0.6244877               2.1948466               0.0000000
           145              -0.9724044               1.2876716              -1.6135887
           146              -1.1214560               1.4850478              -1.2434282
           147              -1.2705076               1.6824239              -0.8732679
           148              -0.4415795               1.5519910              -1.6135887
           149              -0.5092654               1.7898824              -1.2434282
           150              -0.5769514               2.0277739              -0.8732679
           151              -0.5262615               0.6968828              -2.1082551
           152              -0.7493330               0.9922771              -1.8609219
           153              -0.9724044               1.2876716              -1.6135887
           154              -0.2389811               0.8399315              -2.1082551
           155              -0.3402803               1.1959612              -1.8609219
           156              -0.4415795               1.5519910              -1.6135887
           157               0.0000000               0.0000000              -2.2819591
           158              -0.2631308               0.3484414              -2.1951070
           159              -0.5262615               0.6968828              -2.1082551
           160               0.0000000               0.0000000              -2.2819591
           161              -0.1194905               0.4199657              -2.1951070
           162              -0.2389811               0.8399315              -2.1082551
           163              -1.7924747               1.1098534              -0.8732679
           164              -1.8663177               1.1555750              -0.4366339
           165              -1.9401608               1.2012966               0.0000000
           166              -1.5314912               1.3961387              -0.8732679
           167              -1.5945826               1.4536542              -0.4366339
           168              -1.6576741               1.5111697               0.0000000
           169              -1.2705076               1.6824239              -0.8732679
           170              -1.3228476               1.7517333              -0.4366339
           171              -1.3751875               1.8210427               0.0000000
           172              -1.3719008               0.8494450              -1.6135887
           173              -1.5821878               0.9796492              -1.2434282
           174              -1.7924747               1.1098534              -0.8732679
           175              -0.9724044               1.2876716              -1.6135887
           176              -1.1214560               1.4850478              -1.2434282
           177              -1.2705076               1.6824239              -0.8732679
           178              -0.7424673               0.4597163              -2.1082551
           179              -1.0571840               0.6545807              -1.8609219
           180              -1.3719008               0.8494450              -1.6135887
           181              -0.5262615               0.6968828              -2.1082551
           182              -0.7493330               0.9922771              -1.8609219
           183              -0.9724044               1.2876716              -1.6135887
           184               0.0000000               0.0000000              -2.2819591
           185              -0.3712336               0.2298581              -2.1951070
           186              -0.7424673               0.4597163              -2.1082551
           187               0.0000000               0.0000000              -2.2819591
           188              -0.2631308               0.3484414              -2.1951070
           189              -0.5262615               0.6968828              -2.1082551
           190              -2.0723581               0.3873909              -0.8732679
           191              -2.1577311               0.4033499              -0.4366339
           192              -2.2431042               0.4193089               0.0000000
           193              -1.9324164               0.7486222              -0.8732679
           194              -2.0120244               0.7794625              -0.4366339
           195              -2.0916324               0.8103027               0.0000000
           196              -1.7924747               1.1098534              -0.8732679
           197              -1.8663177               1.1555750              -0.4366339
           198              -1.9401608               1.2012966               0.0000000
           199              -1.5861143               0.2964961              -1.6135887
           200              -1.8292363               0.3419435              -1.2434282
           201              -2.0723581               0.3873909              -0.8732679
           202              -1.3719008               0.8494450              -1.6135887
           203              -1.5821878               0.9796492              -1.2434282
           204              -1.7924747               1.1098534              -0.8732679
           205              -0.8583989               0.1604626              -2.1082551
           206              -1.2222567               0.2284794              -1.8609219
           207              -1.5861143               0.2964961              -1.6135887
           208              -0.7424673               0.4597163              -2.1082551
           209              -1.0571840               0.6545807              -1.8609219
           210              -1.3719008               0.8494450              -1.6135887
           211               0.0000000               0.0000000              -2.2819591
           212              -0.4291995               0.0802313              -2.1951070
           213              -0.8583989               0.1604626              -2.1082551
           214               0.0000000               0.0000000              -2.2819591
           215              -0.3712336               0.2298582              -2.1951070
           216              -0.7424673               0.4597163              -2.1082551
           217              -2.0723581              -0.3873909              -0.8732679
           218              -2.1577311              -0.4033499              -0.4366339
           219              -2.2431042              -0.4193089               0.0000000
           220              -2.0723581               0.0000000              -0.8732679
           221              -2.1577311               0.0000000              -0.4366339
           222              -2.2431042               0.0000000               0.0000000
           223              -2.0723581               0.3873909              -0.8732679
           224              -2.1577311               0.4033499              -0.4366339
           225              -2.2431042               0.4193089               0.0000000
           226              -1.5861143              -0.2964961              -1.6135887
           227              -1.8292363              -0.3419435              -1.2434282
           228              -2.0723581              -0.3873909              -0.8732679
           229              -1.5861143               0.2964961              -1.6135887
           230              -1.8292363               0.3419435              -1.2434282
           231              -2.0723581               0.3873909              -0.8732679
           232              -0.8583989              -0.1604626              -2.1082551
           233              -1.2222567              -0.2284794              -1.8609219
           234              -1.5861143              -0.2964961              -1.6135887
           235              -0.8583989               0.1604626              -2.1082551
           236              -1.2222567               0.2284794              -1.8609219
           237              -1.5861143               0.2964961              -1.6135887
           238               0.0000000               0.0000000              -2.2819591
           239              -0.4291995              -0.0802313              -2.1951070
           240              -0.8583989              -0.1604626              -2.1082551
           241               0.0000000               0.0000000              -2.2819591
           242              -0.4291995               0.0802313              -2.1951070
           243              -0.8583989               0.1604626              -2.1082551
           244              -1.7924747              -1.1098534              -0.8732679
           245              -1.8663177              -1.1555750              -0.4366339
           246              -1.9401608              -1.2012966               0.0000000
           247              -1.9324164              -0.7486222              -0.8732679
           248              -2.0120244              -0.7794625              -0.4366339
           249              -2.0916324              -0.8103027               0.0000000
           250              -2.0723581              -0.3873909              -0.8732679
           251              -2.1577311              -0.4033499              -0.4366339
           252              -2.2431042              -0.4193089               0.0000000
           253              -1.3719008              -0.8494450              -1.6135887
           254              -1.5821878              -0.9796492              -1.2434282
           255              -1.7924747              -1.1098534              -0.8732679
           256              -1.5861143              -0.2964961              -1.6135887
           257              -1.8292363              -0.3419435              -1.2434282
           258              -2.0723581              -0.3873909              -0.8732679
           259              -0.7424673              -0.4597163              -2.1082551
           260              -1.0571840              -0.6545807              -1.8609219
           261              -1.3719008              -0.8494450              -1.6135887
           262              -0.8583989              -0.1604626              -2.1082551
           263              -1.2222567              -0.2284793              -1.8609219
           264              -1.5861143              -0.2964961              -1.6135887
           265               0.0000000               0.0000000              -2.2819591
           266              -0.3712336              -0.2298581              -2.1951070
           267              -0.7424673              -0.4597163              -2.1082551
           268               0.0000000               0.0000000              -2.2819591
           269              -0.4291995              -0.0802313              -2.1951070
           270              -0.8583989              -0.1604626              -2.1082551
           271              -1.2705076              -1.6824239              -0.8732679
           272              -1.3228476              -1.7517333              -0.4366339
           273              -1.3751875              -1.8210427               0.0000000
           274              -1.5314912              -1.3961387              -0.8732679
           275              -1.5945826              -1.4536542              -0.4366339
           276              -1.6576741              -1.5111697               0.0000000
           277              -1.7924747              -1.1098534              -0.8732679
           278              -1.8663177              -1.1555750              -0.4366339
           279              -1.9401608              -1.2012966               0.0000000
           280              -0.9724044              -1.2876716              -1.6135887
           281              -1.1214560              -1.4850478              -1.2434282
           282              -1.2705076              -1.6824239              -0.8732679
           283              -1.3719008              -0.8494450              -1.6135887
           284              -1.5821878              -0.9796492              -1.2434282
           285              -1.7924747              -1.1098534              -0.8732679
           286              -0.5262615              -0.6968828              -2.1082551
           287              -0.7493330              -0.9922771              -1.8609219
           288              -0.9724044              -1.2876716              -1.6135887
           289              -0.7424673              -0.4597163              -2.1082551
           290              -1.0571840              -0.6545807              -1.8609219
           291              -1.3719008              -0.8494450              -1.6135887
           292               0.0000000               0.0000000              -2.2819591
           293              -0.2631308              -0.3484414              -2.1951070
           294              -0.5262615              -0.6968828              -2.1082551
           295               0.0000000               0.0000000              -2.2819591
           296              -0.3712336              -0.2298581              -2.1951070
           297              -0.7424673              -0.4597163              -2.1082551
           298              -0.5769514              -2.0277739              -0.8732679
           299              -0.6007196              -2.1113102              -0.4366339
           300              -0.6244877              -2.1948466               0.0000000
           301              -0.9237295              -1.8550990              -0.8732679
           302              -0.9617835              -1.9315218              -0.4366339
           303              -0.9998376              -2.0079446               0.0000000
           304              -1.2705076              -1.6824239              -0.8732679
           305              -1.3228476              -1.7517333              -0.4366339
           306              -1.3751875              -1.8210427               0.0000000
           307              -0.4415795              -1.5519910              -1.6135887
           308              -0.5092654              -1.7898824              -1.2434282
           309              -0.5769514              -2.0277739              -0.8732679
           310              -0.9724044              -1.2876716              -1.6135887
           311              -1.1214559              -1.4850478              -1.2434282
           312              -1.2705076              -1.6824239              -0.8732679
           313              -0.2389811              -0.8399315              -2.1082551
           314              -0.3402803              -1.1959612              -1.8609219
           315              -0.4415795              -1.5519910              -1.6135887
           316              -0.5262615              -0.6968828              -2.1082551
           317              -0.7493329              -0.9922771              -1.8609219
           318              -0.9724044              -1.2876716              -1.6135887
           319               0.0000000               0.0000000              -2.2819591
           320              -0.1194905              -0.4199657              -2.1951070
           321              -0.2389811              -0.8399315              -2.1082551
           322               0.0000000               0.0000000              -2.2819591
           323              -0.2631308              -0.3484414              -2.1951070
           324              -0.5262615              -0.6968828              -2.1082551
           325               0.1945253              -2.0992618              -0.8732679
           326               0.2025390              -2.1857433              -0.4366339
           327               0.2105526              -2.2722247               0.0000000
           328              -0.1912130              -2.0635178              -0.8732679
           329              -0.1990903              -2.1485267              -0.4366339
           330              -0.2069676              -2.2335358               0.0000000
           331              -0.5769514              -2.0277739              -0.8732679
           332              -0.6007196              -2.1113102              -0.4366339
           333              -0.6244878              -2.1948466               0.0000000
           334               0.1488832              -1.6067054              -1.6135887
           335               0.1717042              -1.8529836              -1.2434282
           336               0.1945253              -2.0992618              -0.8732679
           337              -0.4415795              -1.5519910              -1.6135887
           338              -0.5092654              -1.7898824              -1.2434282
           339              -0.5769514              -2.0277739              -0.8732679
           340               0.0805750              -0.8695427              -2.1082551
           341               0.1147291              -1.2381241              -1.8609219
           342               0.1488832              -1.6067054              -1.6135887
           343              -0.2389811              -0.8399315              -2.1082551
           344              -0.3402803              -1.1959612              -1.8609219
           345              -0.4415795              -1.5519910              -1.6135887
           346               0.0000000               0.0000000              -2.2819591
           347               0.0402875              -0.4347714              -2.1951070
           348               0.0805750              -0.8695427              -2.1082551
           349               0.0000000               0.0000000              -2.2819591
           350              -0.1194905              -0.4199657              -2.1951070
           351              -0.2389811              -0.8399315              -2.1082551
           352               0.9397302              -1.8872327              -0.8732679
           353               0.9784435              -1.9649794              -0.4366339
           354               1.0171567              -2.0427260               0.0000000
           355               0.5671278              -1.9932473              -0.8732679
           356               0.5904912              -2.0753613              -0.4366339
           357               0.6138546              -2.1574755               0.0000000
           358               0.1945253              -2.0992618              -0.8732679
           359               0.2025389              -2.1857433              -0.4366339
           360               0.2105526              -2.2722247               0.0000000
           361               0.7192384              -1.4444253              -1.6135887
           362               0.8294843              -1.6658289              -1.2434282
           363               0.9397302              -1.8872327              -0.8732679
           364               0.1488832              -1.6067054              -1.6135887
           365               0.1717043              -1.8529836              -1.2434282
           366               0.1945253              -2.0992618              -0.8732679
           367               0.3892490              -0.7817174              -2.1082551
           368               0.5542437              -1.1130714              -1.8609219
           369               0.7192384              -1.4444253              -1.6135887
           370               0.0805750              -0.8695427              -2.1082551
           371               0.1147291              -1.2381241              -1.8609219
           372               0.1488832              -1.6067054              -1.6135887
           373               0.0000000               0.0000000              -2.2819591
           374               0.1946245              -0.3908587              -2.1951070
           375               0.3892490              -0.7817174              -2.1082551
           376               0.0000000               0.0000000              -2.2819591
           377               0.0402875              -0.4347714              -2.1951070
           378               0.0805750              -0.8695427              -2.1082551
           379               1.5580194              -1.4203224              -0.8732679
           380               1.6222038              -1.4788342              -0.4366339
           381               1.6863881              -1.5373459               0.0000000
           382               1.2488748              -1.6537776              -0.8732679
           383               1.3003236              -1.7219068              -0.4366339
           384               1.3517724              -1.7900360               0.0000000
           385               0.9397302              -1.8872327              -0.8732679
           386               0.9784435              -1.9649794              -0.4366339
           387               1.0171567              -2.0427260               0.0000000
           388               1.1924564              -1.0870677              -1.6135887
           389               1.3752379              -1.2536950              -1.2434282
           390               1.5580194              -1.4203224              -0.8732679
           391               0.7192384              -1.4444253              -1.6135887
           392               0.8294843              -1.6658289              -1.2434282
           393               0.9397302              -1.8872327              -0.8732679
           394               0.6453528              -0.5883168              -2.1082551
           395               0.9189045              -0.8376923              -1.8609219
           396               1.1924564              -1.0870677              -1.6135887
           397               0.3892490              -0.7817174              -2.1082551
           398               0.5542437              -1.1130714              -1.8609219
           399               0.7192384              -1.4444253              -1.6135887
           400               0.0000000               0.0000000              -2.2819591
           401               0.3226764              -0.2941584              -2.1951070
           402               0.6453528              -0.5883168              -2.1082551
           403               0.0000000               0.0000000              -2.2819591
           404               0.1946245              -0.3908587              -2.1951070
           405               0.3892490              -0.7817174              -2.1082551
           406               1.9658895              -0.7615896              -0.8732679
           407               2.0468764              -0.7929641              -0.4366339
           408               2.1278634              -0.8243387               0.0000000
           409               1.7619544              -1.0909560              -0.8732679
           410               1.8345401              -1.1358991              -0.4366339
           411               1.9071257              -1.1808423               0.0000000
           412               1.5580194              -1.4203224              -0.8732679
           413               1.6222038              -1.4788342              -0.4366339
           414               1.6863881              -1.5373459               0.0000000
           415               1.5046268              -0.5828955              -1.6135887
           416               1.7352581              -0.6722425              -1.2434282
           417               1.9658895              -0.7615896              -0.8732679
           418               1.1924564              -1.0870677              -1.6135887
           419               1.3752379              -1.2536950              -1.2434282
           420               1.5580194              -1.4203224              -0.8732679
           421               0.8142981              -0.3154608              -2.1082551
           422               1.1594625              -0.4491782              -1.8609219
           423               1.5046268              -0.5828955              -1.6135887
           424               0.6453528              -0.5883168              -2.1082551
           425               0.9189045              -0.8376923              -1.8609219
           426               1.1924564              -1.0870677              -1.6135887
           427               0.0000000               0.0000000              -2.2819591
           428               0.4071490              -0.1577304              -2.1951070
           429               0.8142981              -0.3154608              -2.1082551
           430               0.0000000               0.0000000              -2.2819591
           431               0.3226764              -0.2941584              -2.1951070
           432               0.6453528              -0.5883168              -2.1082551
           433               2.1082551               0.0000000              -0.8732679
           434               2.1951070               0.0000000              -0.4366339
           435               2.2819591               0.0000000               0.0000000
           436               2.0370722              -0.3807948              -0.8732679
           437               2.1209917              -0.3964821              -0.4366339
           438               2.2049112              -0.4121693               0.0000000
           439               1.9658895              -0.7615896              -0.8732679
           440               2.0468764              -0.7929641              -0.4366339
           441               2.1278634              -0.8243387               0.0000000
           442               1.6135887               0.0000000              -1.6135887
           443               1.8609219               0.0000000              -1.2434282
           444               2.1082551               0.0000000              -0.8732679
           445               1.5046268              -0.5828955              -1.6135887
           446               1.7352581              -0.6722425              -1.2434282
           447               1.9658895              -0.7615896              -0.8732679
           448               0.8732679               0.0000000              -2.1082551
           449               1.2434282               0.0000000              -1.8609219
           450               1.6135887               0.0000000              -1.6135887
           451               0.8142981              -0.3154608              -2.1082551
           452               1.1594625              -0.4491782              -1.8609219
           453               1.5046268              -0.5828955              -1.6135887
           454               0.0000000               0.0000000              -2.2819591
           455               0.4366339               0.0000000              -2.1951070
           456               0.8732679               0.0000000              -2.1082551
           457               0.0000000               0.0000000              -2.2819591
           458               0.4071490              -0.1577304              -2.1951070
           459               0.8142981              -0.3154608              -2.1082551
             0          0.00          0.00          0.00
               1               2               5               4
               2               3               6               5
               4               5               8               7
               5               6               9               8
              10              11              14              13
              11              12              15              14
              16              17              20              19
              17              18              21              20
              22              23              26              25
              23              24              27              26
              28              29              32              31
              29              30              33              32
              31              32              35              34
              32              33              36              35
              37              38              41              40
              38              39              42              41
              43              44              47              46
              44              45              48              47
              49              50              53              52
              50              51              54              53
              55              56              59              58
              56              57              60              59
              58              59              62              61
              59              60              63              62
              64              65              68              67
              65              66              69              68
              70              71              74              73
              71              72              75              74
              76              77              80              79
              77              78              81              80
              82              83              86              85
              83              84              87              86
              85              86              89              88
              86              87              90              89
              91              92              95              94
              92              93              96              95
              97              98             101             100
              98              99             102             101
             103             104             107             106
             104             105             108             107
             109             110             113             112
             110             111             114             113
             112             113             116             115
             113             114             117             116
             118             119             122             121
             119             120             123             122
             124             125             128             127
             125             126             129             128
             130             131             134             133
             131             132             135             134
             136             137             140             139
             137             138             141             140
             139             140             143             142
             140             141             144             143
             145             146             149             148
             146             147             150             149
             151             152             155             154
             152             153             156             155
             157             158             161             160
             158             159             162             161
             163             164             167             166
             164             165             168             167
             166             167             170             169
             167             168             171             170
             172             173             176             175
             173             174             177             176
             178             179             182             181
             179             180             183             182
             184             185             188             187
             185             186             189             188
             190             191             194             193
             191             192             195             194
             193             194             197             196
             194             195             198             197
             199             200             203             202
             200             201             204             203
             205             206             209             208
             206             207             210             209
             211             212             215             214
             212             213             216             215
             217             218             221             220
             218             219             222             221
             220             221             224             223
             221             222             225             224
             226             227             230             229
             227             228             231             230
             232             233             236             235
             233             234             237             236
             238             239             242             241
             239             240             243             242
             244             245             248             247
             245             246             249             248
             247             248             251             250
             248             249             252             251
             253             254             257             256
             254             255             258             257
             259             260             263             262
             260             261             264             263
             265             266             269             268
             266             267             270             269
             271             272             275             274
             272             273             276             275
             274             275             278             277
             275             276             279             278
             280             281             284             283
             281             282             285             284
             286             287             290             289
             287             288             291             290
             292             293             296             295
             293             294             297             296
             298             299             302             301
             299             300             303             302
             301             302             305             304
             302             303             306             305
             307             308             311             310
             308             309             312             311
             313             314             317             316
             314             315             318             317
             319             320             323             322
             320             321             324             323
             325             326             329             328
             326             327             330             329
             328             329             332             331
             329             330             333             332
             334             335             338             337
             335             336             339             338
             340             341             344             343
             341             342             345             344
             346             347             350             349
             347             348             351             350
             352             353             356             355
             353             354             357             356
             355             356             359             358
             356             357             360             359
             361             362             365             364
             362             363             366             365
             367             368             371             370
             368             369             372             371
             373             374             377             376
             374             375             378             377
             379             380             383             382
             380             381             384             383
             382             383             386             385
             383             384             387             386
             388             389             392             391
             389             390             393             392
             394             395             398             397
             395             396             399             398
             400             401             404             403
             401             402             405             404
             406             407             410             409
             407             408             411             410
             409             410             413             412
             410             411             414             413
             415             416             419             418
             416             417             420             419
             421             422             425             424
             422             423             426             425
             427             428             431             430
             428             429             432             431
             433             434             437             436
             434             435             438             437
             436             437             440             439
             437             438             441             440
             442             443             446             445
             443             444             447             446
             448             449             452             451
             449             450             453             452
             454             455             458             457
             455             456             459             458
          0          0          0          0
