                    2          0
             1               2.2276306               0.8629887              -9.0468006
             2               2.2276306               0.8629887              -7.9159508
             3               2.2276306               0.8629887              -6.7851005
             4               2.2276306               0.8629887              -5.6542501
             5               2.2276306               0.8629887              -4.5234003
             6               2.2276306               0.8629887              -3.3925505
             7               2.2276306               0.8629887              -2.2617002
             8               2.2276306               0.8629887              -1.1308498
             9               2.2276306               0.8629887               0.0000000
            10               2.3889511               0.0000000              -9.0468006
            11               2.3889511               0.0000000              -7.9159508
            12               2.3889511               0.0000000              -6.7851005
            13               2.3889511               0.0000000              -5.6542501
            14               2.3889511               0.0000000              -4.5234003
            15               2.3889511               0.0000000              -3.3925505
            16               2.3889511               0.0000000              -2.2617002
            17               2.3889511               0.0000000              -1.1308498
            18               2.3889511               0.0000000               0.0000000
            19               1.7654561               1.6094259              -9.0468006
            20               1.7654561               1.6094259              -7.9159508
            21               1.7654561               1.6094259              -6.7851005
            22               1.7654561               1.6094259              -5.6542501
            23               1.7654561               1.6094259              -4.5234003
            24               1.7654561               1.6094259              -3.3925505
            25               1.7654561               1.6094259              -2.2617002
            26               1.7654561               1.6094259              -1.1308498
            27               1.7654561               1.6094259               0.0000000
            28               2.2276306               0.8629887              -9.0468006
            29               2.2276306               0.8629887              -7.9159508
            30               2.2276306               0.8629887              -6.7851005
            31               2.2276306               0.8629887              -5.6542501
            32               2.2276306               0.8629887              -4.5234003
            33               2.2276306               0.8629887              -3.3925505
            34               2.2276306               0.8629887              -2.2617002
            35               2.2276306               0.8629887              -1.1308498
            36               2.2276306               0.8629887               0.0000000
            37               1.0648471               2.1385014              -9.0468006
            38               1.0648471               2.1385014              -7.9159508
            39               1.0648471               2.1385014              -6.7851005
            40               1.0648471               2.1385014              -5.6542501
            41               1.0648471               2.1385014              -4.5234003
            42               1.0648471               2.1385014              -3.3925505
            43               1.0648471               2.1385014              -2.2617002
            44               1.0648471               2.1385014              -1.1308498
            45               1.0648471               2.1385014               0.0000000
            46               1.7654561               1.6094259              -9.0468006
            47               1.7654561               1.6094259              -7.9159508
            48               1.7654561               1.6094259              -6.7851005
            49               1.7654561               1.6094259              -5.6542501
            50               1.7654561               1.6094259              -4.5234003
            51               1.7654561               1.6094259              -3.3925505
            52               1.7654561               1.6094259              -2.2617002
            53               1.7654561               1.6094259              -1.1308498
            54               1.7654561               1.6094259               0.0000000
            55               0.2204246               2.3787601              -9.0468006
            56               0.2204246               2.3787601              -7.9159508
            57               0.2204246               2.3787601              -6.7851005
            58               0.2204246               2.3787601              -5.6542501
            59               0.2204246               2.3787601              -4.5234003
            60               0.2204246               2.3787601              -3.3925505
            61               0.2204246               2.3787601              -2.2617002
            62               0.2204246               2.3787601              -1.1308498
            63               0.2204246               2.3787601               0.0000000
            64               1.0648471               2.1385014              -9.0468006
            65               1.0648471               2.1385014              -7.9159508
            66               1.0648471               2.1385014              -6.7851005
            67               1.0648471               2.1385014              -5.6542501
            68               1.0648471               2.1385014              -4.5234003
            69               1.0648471               2.1385014              -3.3925505
            70               1.0648471               2.1385014              -2.2617002
            71               1.0648471               2.1385014              -1.1308498
            72               1.0648471               2.1385014               0.0000000
            73              -0.6537675               2.2977543              -9.0468006
            74              -0.6537675               2.2977543              -7.9159508
            75              -0.6537675               2.2977543              -6.7851005
            76              -0.6537675               2.2977543              -5.6542501
            77              -0.6537675               2.2977543              -4.5234003
            78              -0.6537675               2.2977543              -3.3925505
            79              -0.6537675               2.2977543              -2.2617002
            80              -0.6537675               2.2977543              -1.1308498
            81              -0.6537675               2.2977543               0.0000000
            82               0.2204246               2.3787601              -9.0468006
            83               0.2204246               2.3787601              -7.9159508
            84               0.2204246               2.3787601              -6.7851005
            85               0.2204246               2.3787601              -5.6542501
            86               0.2204246               2.3787601              -4.5234003
            87               0.2204246               2.3787601              -3.3925505
            88               0.2204246               2.3787601              -2.2617002
            89               0.2204246               2.3787601              -1.1308498
            90               0.2204246               2.3787601               0.0000000
            91              -1.4396646               1.9064240              -9.0468006
            92              -1.4396646               1.9064240              -7.9159508
            93              -1.4396646               1.9064240              -6.7851005
            94              -1.4396646               1.9064240              -5.6542501
            95              -1.4396646               1.9064240              -4.5234003
            96              -1.4396646               1.9064240              -3.3925505
            97              -1.4396646               1.9064240              -2.2617002
            98              -1.4396646               1.9064240              -1.1308498
            99              -1.4396646               1.9064240               0.0000000
           100              -0.6537675               2.2977543              -9.0468006
           101              -0.6537675               2.2977543              -7.9159508
           102              -0.6537675               2.2977543              -6.7851005
           103              -0.6537675               2.2977543              -5.6542501
           104              -0.6537675               2.2977543              -4.5234003
           105              -0.6537675               2.2977543              -3.3925505
           106              -0.6537675               2.2977543              -2.2617002
           107              -0.6537675               2.2977543              -1.1308498
           108              -0.6537675               2.2977543               0.0000000
           109              -2.0311272               1.2576207              -9.0468006
           110              -2.0311272               1.2576207              -7.9159508
           111              -2.0311272               1.2576207              -6.7851005
           112              -2.0311272               1.2576207              -5.6542501
           113              -2.0311272               1.2576207              -4.5234003
           114              -2.0311272               1.2576207              -3.3925505
           115              -2.0311272               1.2576207              -2.2617002
           116              -2.0311272               1.2576207              -1.1308498
           117              -2.0311272               1.2576207               0.0000000
           118              -1.4396646               1.9064240              -9.0468006
           119              -1.4396646               1.9064240              -7.9159508
           120              -1.4396646               1.9064240              -6.7851005
           121              -1.4396646               1.9064240              -5.6542501
           122              -1.4396646               1.9064240              -4.5234003
           123              -1.4396646               1.9064240              -3.3925505
           124              -1.4396646               1.9064240              -2.2617002
           125              -1.4396646               1.9064240              -1.1308498
           126              -1.4396646               1.9064240               0.0000000
           127              -2.3482747               0.4389686              -9.0468006
           128              -2.3482747               0.4389686              -7.9159508
           129              -2.3482747               0.4389686              -6.7851005
           130              -2.3482747               0.4389686              -5.6542501
           131              -2.3482747               0.4389686              -4.5234003
           132              -2.3482747               0.4389686              -3.3925505
           133              -2.3482747               0.4389686              -2.2617002
           134              -2.3482747               0.4389686              -1.1308498
           135              -2.3482747               0.4389686               0.0000000
           136              -2.0311272               1.2576207              -9.0468006
           137              -2.0311272               1.2576207              -7.9159508
           138              -2.0311272               1.2576207              -6.7851005
           139              -2.0311272               1.2576207              -5.6542501
           140              -2.0311272               1.2576207              -4.5234003
           141              -2.0311272               1.2576207              -3.3925505
           142              -2.0311272               1.2576207              -2.2617002
           143              -2.0311272               1.2576207              -1.1308498
           144              -2.0311272               1.2576207               0.0000000
           145              -2.3482747              -0.4389686              -9.0468006
           146              -2.3482747              -0.4389686              -7.9159508
           147              -2.3482747              -0.4389686              -6.7851005
           148              -2.3482747              -0.4389686              -5.6542501
           149              -2.3482747              -0.4389686              -4.5234003
           150              -2.3482747              -0.4389686              -3.3925505
           151              -2.3482747              -0.4389686              -2.2617002
           152              -2.3482747              -0.4389686              -1.1308498
           153              -2.3482747              -0.4389686               0.0000000
           154              -2.3482747               0.4389686              -9.0468006
           155              -2.3482747               0.4389686              -7.9159508
           156              -2.3482747               0.4389686              -6.7851005
           157              -2.3482747               0.4389686              -5.6542501
           158              -2.3482747               0.4389686              -4.5234003
           159              -2.3482747               0.4389686              -3.3925505
           160              -2.3482747               0.4389686              -2.2617002
           161              -2.3482747               0.4389686              -1.1308498
           162              -2.3482747               0.4389686               0.0000000
           163              -2.0311272              -1.2576207              -9.0468006
           164              -2.0311272              -1.2576207              -7.9159508
           165              -2.0311272              -1.2576207              -6.7851005
           166              -2.0311272              -1.2576207              -5.6542501
           167              -2.0311272              -1.2576207              -4.5234003
           168              -2.0311272              -1.2576207              -3.3925505
           169              -2.0311272              -1.2576207              -2.2617002
           170              -2.0311272              -1.2576207              -1.1308498
           171              -2.0311272              -1.2576207               0.0000000
           172              -2.3482747              -0.4389686              -9.0468006
           173              -2.3482747              -0.4389686              -7.9159508
           174              -2.3482747              -0.4389686              -6.7851005
           175              -2.3482747              -0.4389686              -5.6542501
           176              -2.3482747              -0.4389686              -4.5234003
           177              -2.3482747              -0.4389686              -3.3925505
           178              -2.3482747              -0.4389686              -2.2617002
           179              -2.3482747              -0.4389686              -1.1308498
           180              -2.3482747              -0.4389686               0.0000000
           181              -1.4396646              -1.9064240              -9.0468006
           182              -1.4396646              -1.9064240              -7.9159508
           183              -1.4396646              -1.9064240              -6.7851005
           184              -1.4396646              -1.9064240              -5.6542501
           185              -1.4396646              -1.9064240              -4.5234003
           186              -1.4396646              -1.9064240              -3.3925505
           187              -1.4396646              -1.9064240              -2.2617002
           188              -1.4396646              -1.9064240              -1.1308498
           189              -1.4396646              -1.9064240               0.0000000
           190              -2.0311272              -1.2576207              -9.0468006
           191              -2.0311272              -1.2576207              -7.9159508
           192              -2.0311272              -1.2576207              -6.7851005
           193              -2.0311272              -1.2576207              -5.6542501
           194              -2.0311272              -1.2576207              -4.5234003
           195              -2.0311272              -1.2576207              -3.3925505
           196              -2.0311272              -1.2576207              -2.2617002
           197              -2.0311272              -1.2576207              -1.1308498
           198              -2.0311272              -1.2576207               0.0000000
           199              -0.6537675              -2.2977543              -9.0468006
           200              -0.6537675              -2.2977543              -7.9159508
           201              -0.6537675              -2.2977543              -6.7851005
           202              -0.6537675              -2.2977543              -5.6542501
           203              -0.6537675              -2.2977543              -4.5234003
           204              -0.6537675              -2.2977543              -3.3925505
           205              -0.6537675              -2.2977543              -2.2617002
           206              -0.6537675              -2.2977543              -1.1308498
           207              -0.6537675              -2.2977543               0.0000000
           208              -1.4396646              -1.9064240              -9.0468006
           209              -1.4396646              -1.9064240              -7.9159508
           210              -1.4396646              -1.9064240              -6.7851005
           211              -1.4396646              -1.9064240              -5.6542501
           212              -1.4396646              -1.9064240              -4.5234003
           213              -1.4396646              -1.9064240              -3.3925505
           214              -1.4396646              -1.9064240              -2.2617002
           215              -1.4396646              -1.9064240              -1.1308498
           216              -1.4396646              -1.9064240               0.0000000
           217               0.2204246              -2.3787601              -9.0468006
           218               0.2204246              -2.3787601              -7.9159508
           219               0.2204246              -2.3787601              -6.7851005
           220               0.2204246              -2.3787601              -5.6542501
           221               0.2204246              -2.3787601              -4.5234003
           222               0.2204246              -2.3787601              -3.3925505
           223               0.2204246              -2.3787601              -2.2617002
           224               0.2204246              -2.3787601              -1.1308498
           225               0.2204246              -2.3787601               0.0000000
           226              -0.6537675              -2.2977543              -9.0468006
           227              -0.6537675              -2.2977543              -7.9159508
           228              -0.6537675              -2.2977543              -6.7851005
           229              -0.6537675              -2.2977543              -5.6542501
           230              -0.6537675              -2.2977543              -4.5234003
           231              -0.6537675              -2.2977543              -3.3925505
           232              -0.6537675              -2.2977543              -2.2617002
           233              -0.6537675              -2.2977543              -1.1308498
           234              -0.6537675              -2.2977543               0.0000000
           235               1.0648471              -2.1385014              -9.0468006
           236               1.0648471              -2.1385014              -7.9159508
           237               1.0648471              -2.1385014              -6.7851005
           238               1.0648471              -2.1385014              -5.6542501
           239               1.0648471              -2.1385014              -4.5234003
           240               1.0648471              -2.1385014              -3.3925505
           241               1.0648471              -2.1385014              -2.2617002
           242               1.0648471              -2.1385014              -1.1308498
           243               1.0648471              -2.1385014               0.0000000
           244               0.2204246              -2.3787601              -9.0468006
           245               0.2204246              -2.3787601              -7.9159508
           246               0.2204246              -2.3787601              -6.7851005
           247               0.2204246              -2.3787601              -5.6542501
           248               0.2204246              -2.3787601              -4.5234003
           249               0.2204246              -2.3787601              -3.3925505
           250               0.2204246              -2.3787601              -2.2617002
           251               0.2204246              -2.3787601              -1.1308498
           252               0.2204246              -2.3787601               0.0000000
           253               1.7654561              -1.6094259              -9.0468006
           254               1.7654561              -1.6094259              -7.9159508
           255               1.7654561              -1.6094259              -6.7851005
           256               1.7654561              -1.6094259              -5.6542501
           257               1.7654561              -1.6094259              -4.5234003
           258               1.7654561              -1.6094259              -3.3925505
           259               1.7654561              -1.6094259              -2.2617002
           260               1.7654561              -1.6094259              -1.1308498
           261               1.7654561              -1.6094259               0.0000000
           262               1.0648471              -2.1385014              -9.0468006
           263               1.0648471              -2.1385014              -7.9159508
           264               1.0648471              -2.1385014              -6.7851005
           265               1.0648471              -2.1385014              -5.6542501
           266               1.0648471              -2.1385014              -4.5234003
           267               1.0648471              -2.1385014              -3.3925505
           268               1.0648471              -2.1385014              -2.2617002
           269               1.0648471              -2.1385014              -1.1308498
           270               1.0648471              -2.1385014               0.0000000
           271               2.2276306              -0.8629887              -9.0468006
           272               2.2276306              -0.8629887              -7.9159508
           273               2.2276306              -0.8629887              -6.7851005
           274               2.2276306              -0.8629887              -5.6542501
           275               2.2276306              -0.8629887              -4.5234003
           276               2.2276306              -0.8629887              -3.3925505
           277               2.2276306              -0.8629887              -2.2617002
           278               2.2276306              -0.8629887              -1.1308498
           279               2.2276306              -0.8629887               0.0000000
           280               1.7654561              -1.6094259              -9.0468006
           281               1.7654561              -1.6094259              -7.9159508
           282               1.7654561              -1.6094259              -6.7851005
           283               1.7654561              -1.6094259              -5.6542501
           284               1.7654561              -1.6094259              -4.5234003
           285               1.7654561              -1.6094259              -3.3925505
           286               1.7654561              -1.6094259              -2.2617002
           287               1.7654561              -1.6094259              -1.1308498
           288               1.7654561              -1.6094259               0.0000000
           289               2.3889511               0.0000000              -9.0468006
           290               2.3889511               0.0000000              -7.9159508
           291               2.3889511               0.0000000              -6.7851005
           292               2.3889511               0.0000000              -5.6542501
           293               2.3889511               0.0000000              -4.5234003
           294               2.3889511               0.0000000              -3.3925505
           295               2.3889511               0.0000000              -2.2617002
           296               2.3889511               0.0000000              -1.1308498
           297               2.3889511               0.0000000               0.0000000
           298               2.2276306              -0.8629887              -9.0468006
           299               2.2276306              -0.8629887              -7.9159508
           300               2.2276306              -0.8629887              -6.7851005
           301               2.2276306              -0.8629887              -5.6542501
           302               2.2276306              -0.8629887              -4.5234003
           303               2.2276306              -0.8629887              -3.3925505
           304               2.2276306              -0.8629887              -2.2617002
           305               2.2276306              -0.8629887              -1.1308498
           306               2.2276306              -0.8629887               0.0000000
           307               0.0000000               0.0000000              -9.0468006
           308               0.0000000               0.0000000              -9.0468006
           309               0.7963170               0.0000000              -9.0468006
           310               0.7425435               0.2876629              -9.0468006
           311               1.5926341               0.0000000              -9.0468006
           312               1.4850870               0.5753258              -9.0468006
           313               2.3889511               0.0000000              -9.0468006
           314               2.2276306               0.8629887              -9.0468006
           315               0.0000000               0.0000000              -9.0468006
           316               0.0000000               0.0000000              -9.0468006
           317               0.7425435               0.2876629              -9.0468006
           318               0.5884854               0.5364753              -9.0468006
           319               1.4850870               0.5753258              -9.0468006
           320               1.1769707               1.0729506              -9.0468006
           321               2.2276306               0.8629887              -9.0468006
           322               1.7654561               1.6094259              -9.0468006
           323               0.0000000               0.0000000              -9.0468006
           324               0.0000000               0.0000000              -9.0468006
           325               0.5884854               0.5364753              -9.0468006
           326               0.3549490               0.7128338              -9.0468006
           327               1.1769707               1.0729506              -9.0468006
           328               0.7098981               1.4256676              -9.0468006
           329               1.7654561               1.6094259              -9.0468006
           330               1.0648471               2.1385014              -9.0468006
           331               0.0000000               0.0000000              -9.0468006
           332               0.0000000               0.0000000              -9.0468006
           333               0.3549490               0.7128338              -9.0468006
           334               0.0734749               0.7929201              -9.0468006
           335               0.7098981               1.4256676              -9.0468006
           336               0.1469497               1.5858401              -9.0468006
           337               1.0648471               2.1385014              -9.0468006
           338               0.2204246               2.3787601              -9.0468006
           339               0.0000000               0.0000000              -9.0468006
           340               0.0000000               0.0000000              -9.0468006
           341               0.0734749               0.7929201              -9.0468006
           342              -0.2179225               0.7659181              -9.0468006
           343               0.1469497               1.5858401              -9.0468006
           344              -0.4358450               1.5318362              -9.0468006
           345               0.2204246               2.3787601              -9.0468006
           346              -0.6537675               2.2977543              -9.0468006
           347               0.0000000               0.0000000              -9.0468006
           348               0.0000000               0.0000000              -9.0468006
           349              -0.2179225               0.7659181              -9.0468006
           350              -0.4798882               0.6354747              -9.0468006
           351              -0.4358450               1.5318362              -9.0468006
           352              -0.9597764               1.2709494              -9.0468006
           353              -0.6537675               2.2977543              -9.0468006
           354              -1.4396645               1.9064240              -9.0468006
           355               0.0000000               0.0000000              -9.0468006
           356               0.0000000               0.0000000              -9.0468006
           357              -0.4798882               0.6354747              -9.0468006
           358              -0.6770424               0.4192069              -9.0468006
           359              -0.9597764               1.2709494              -9.0468006
           360              -1.3540848               0.8384138              -9.0468006
           361              -1.4396645               1.9064240              -9.0468006
           362              -2.0311272               1.2576207              -9.0468006
           363               0.0000000               0.0000000              -9.0468006
           364               0.0000000               0.0000000              -9.0468006
           365              -0.6770424               0.4192069              -9.0468006
           366              -0.7827582               0.1463229              -9.0468006
           367              -1.3540848               0.8384138              -9.0468006
           368              -1.5655165               0.2926458              -9.0468006
           369              -2.0311272               1.2576207              -9.0468006
           370              -2.3482747               0.4389685              -9.0468006
           371               0.0000000               0.0000000              -9.0468006
           372               0.0000000               0.0000000              -9.0468006
           373              -0.7827582               0.1463229              -9.0468006
           374              -0.7827582              -0.1463229              -9.0468006
           375              -1.5655165               0.2926457              -9.0468006
           376              -1.5655165              -0.2926457              -9.0468006
           377              -2.3482747               0.4389686              -9.0468006
           378              -2.3482747              -0.4389686              -9.0468006
           379               0.0000000               0.0000000              -9.0468006
           380               0.0000000               0.0000000              -9.0468006
           381              -0.7827582              -0.1463229              -9.0468006
           382              -0.6770424              -0.4192069              -9.0468006
           383              -1.5655165              -0.2926457              -9.0468006
           384              -1.3540848              -0.8384137              -9.0468006
           385              -2.3482747              -0.4389686              -9.0468006
           386              -2.0311272              -1.2576207              -9.0468006
           387               0.0000000               0.0000000              -9.0468006
           388               0.0000000               0.0000000              -9.0468006
           389              -0.6770424              -0.4192069              -9.0468006
           390              -0.4798882              -0.6354747              -9.0468006
           391              -1.3540848              -0.8384138              -9.0468006
           392              -0.9597764              -1.2709494              -9.0468006
           393              -2.0311272              -1.2576207              -9.0468006
           394              -1.4396645              -1.9064240              -9.0468006
           395               0.0000000               0.0000000              -9.0468006
           396               0.0000000               0.0000000              -9.0468006
           397              -0.4798882              -0.6354747              -9.0468006
           398              -0.2179225              -0.7659181              -9.0468006
           399              -0.9597764              -1.2709494              -9.0468006
           400              -0.4358450              -1.5318362              -9.0468006
           401              -1.4396645              -1.9064240              -9.0468006
           402              -0.6537675              -2.2977543              -9.0468006
           403               0.0000000               0.0000000              -9.0468006
           404               0.0000000               0.0000000              -9.0468006
           405              -0.2179225              -0.7659181              -9.0468006
           406               0.0734749              -0.7929201              -9.0468006
           407              -0.4358450              -1.5318362              -9.0468006
           408               0.1469498              -1.5858401              -9.0468006
           409              -0.6537675              -2.2977543              -9.0468006
           410               0.2204246              -2.3787601              -9.0468006
           411               0.0000000               0.0000000              -9.0468006
           412               0.0000000               0.0000000              -9.0468006
           413               0.0734749              -0.7929201              -9.0468006
           414               0.3549491              -0.7128338              -9.0468006
           415               0.1469497              -1.5858401              -9.0468006
           416               0.7098981              -1.4256676              -9.0468006
           417               0.2204246              -2.3787601              -9.0468006
           418               1.0648471              -2.1385014              -9.0468006
           419               0.0000000               0.0000000              -9.0468006
           420               0.0000000               0.0000000              -9.0468006
           421               0.3549490              -0.7128338              -9.0468006
           422               0.5884854              -0.5364753              -9.0468006
           423               0.7098981              -1.4256676              -9.0468006
           424               1.1769707              -1.0729506              -9.0468006
           425               1.0648471              -2.1385014              -9.0468006
           426               1.7654561              -1.6094259              -9.0468006
           427               0.0000000               0.0000000              -9.0468006
           428               0.0000000               0.0000000              -9.0468006
           429               0.5884854              -0.5364753              -9.0468006
           430               0.7425435              -0.2876629              -9.0468006
           431               1.1769707              -1.0729506              -9.0468006
           432               1.4850870              -0.5753258              -9.0468006
           433               1.7654561              -1.6094259              -9.0468006
           434               2.2276306              -0.8629887              -9.0468006
           435               0.0000000               0.0000000              -9.0468006
           436               0.0000000               0.0000000              -9.0468006
           437               0.7425435              -0.2876629              -9.0468006
           438               0.7963170               0.0000000              -9.0468006
           439               1.4850870              -0.5753258              -9.0468006
           440               1.5926341               0.0000000              -9.0468006
           441               2.2276306              -0.8629887              -9.0468006
           442               2.3889511               0.0000000              -9.0468006
             0          0.00          0.00          0.00
               1               2              11              10
               2               3              12              11
               3               4              13              12
               4               5              14              13
               5               6              15              14
               6               7              16              15
               7               8              17              16
               8               9              18              17
              19              20              29              28
              20              21              30              29
              21              22              31              30
              22              23              32              31
              23              24              33              32
              24              25              34              33
              25              26              35              34
              26              27              36              35
              37              38              47              46
              38              39              48              47
              39              40              49              48
              40              41              50              49
              41              42              51              50
              42              43              52              51
              43              44              53              52
              44              45              54              53
              55              56              65              64
              56              57              66              65
              57              58              67              66
              58              59              68              67
              59              60              69              68
              60              61              70              69
              61              62              71              70
              62              63              72              71
              73              74              83              82
              74              75              84              83
              75              76              85              84
              76              77              86              85
              77              78              87              86
              78              79              88              87
              79              80              89              88
              80              81              90              89
              91              92             101             100
              92              93             102             101
              93              94             103             102
              94              95             104             103
              95              96             105             104
              96              97             106             105
              97              98             107             106
              98              99             108             107
             109             110             119             118
             110             111             120             119
             111             112             121             120
             112             113             122             121
             113             114             123             122
             114             115             124             123
             115             116             125             124
             116             117             126             125
             127             128             137             136
             128             129             138             137
             129             130             139             138
             130             131             140             139
             131             132             141             140
             132             133             142             141
             133             134             143             142
             134             135             144             143
             145             146             155             154
             146             147             156             155
             147             148             157             156
             148             149             158             157
             149             150             159             158
             150             151             160             159
             151             152             161             160
             152             153             162             161
             163             164             173             172
             164             165             174             173
             165             166             175             174
             166             167             176             175
             167             168             177             176
             168             169             178             177
             169             170             179             178
             170             171             180             179
             181             182             191             190
             182             183             192             191
             183             184             193             192
             184             185             194             193
             185             186             195             194
             186             187             196             195
             187             188             197             196
             188             189             198             197
             199             200             209             208
             200             201             210             209
             201             202             211             210
             202             203             212             211
             203             204             213             212
             204             205             214             213
             205             206             215             214
             206             207             216             215
             217             218             227             226
             218             219             228             227
             219             220             229             228
             220             221             230             229
             221             222             231             230
             222             223             232             231
             223             224             233             232
             224             225             234             233
             235             236             245             244
             236             237             246             245
             237             238             247             246
             238             239             248             247
             239             240             249             248
             240             241             250             249
             241             242             251             250
             242             243             252             251
             253             254             263             262
             254             255             264             263
             255             256             265             264
             256             257             266             265
             257             258             267             266
             258             259             268             267
             259             260             269             268
             260             261             270             269
             271             272             281             280
             272             273             282             281
             273             274             283             282
             274             275             284             283
             275             276             285             284
             276             277             286             285
             277             278             287             286
             278             279             288             287
             289             290             299             298
             290             291             300             299
             291             292             301             300
             292             293             302             301
             293             294             303             302
             294             295             304             303
             295             296             305             304
             296             297             306             305
             307             308             310             309
             309             310             312             311
             311             312             314             313
             315             316             318             317
             317             318             320             319
             319             320             322             321
             323             324             326             325
             325             326             328             327
             327             328             330             329
             331             332             334             333
             333             334             336             335
             335             336             338             337
             339             340             342             341
             341             342             344             343
             343             344             346             345
             347             348             350             349
             349             350             352             351
             351             352             354             353
             355             356             358             357
             357             358             360             359
             359             360             362             361
             363             364             366             365
             365             366             368             367
             367             368             370             369
             371             372             374             373
             373             374             376             375
             375             376             378             377
             379             380             382             381
             381             382             384             383
             383             384             386             385
             387             388             390             389
             389             390             392             391
             391             392             394             393
             395             396             398             397
             397             398             400             399
             399             400             402             401
             403             404             406             405
             405             406             408             407
             407             408             410             409
             411             412             414             413
             413             414             416             415
             415             416             418             417
             419             420             422             421
             421             422             424             423
             423             424             426             425
             427             428             430             429
             429             430             432             431
             431             432             434             433
             435             436             438             437
             437             438             440             439
             439             440             442             441
          0          0          0          0
