                    2          0
             1               0.0000000               1.9613751              -4.0918427
             2              -0.3584218               1.9613751              -3.6826584
             3              -0.7168435               1.9613751              -3.2734742
             4              -1.0752653               1.9613751              -2.8642898
             5              -1.4336871               1.9613751              -2.4551055
             6              -1.7921089               1.9613751              -2.0459213
             7              -2.1505306               1.9613751              -1.6367371
             8              -2.5089526               1.9613751              -1.2275529
             9              -2.8673742               1.9613751              -0.8183684
            10              -3.2257962               1.9613751              -0.4091842
            11              -3.5842178               1.9613751               0.0000000
            12               0.0000000               1.9613751              -4.0918427
            13               0.3584218               1.9613751              -3.6826584
            14               0.7168435               1.9613751              -3.2734742
            15               1.0752653               1.9613751              -2.8642898
            16               1.4336871               1.9613751              -2.4551055
            17               1.7921089               1.9613751              -2.0459213
            18               2.1505306               1.9613751              -1.6367371
            19               2.5089526               1.9613751              -1.2275529
            20               2.8673742               1.9613751              -0.8183684
            21               3.2257962               1.9613751              -0.4091842
            22               3.5842178               1.9613751               0.0000000
            23               0.0000000               1.9613751              -4.0918427
            24               0.3584218               1.9613751              -3.6826584
            25               0.7168435               1.9613751              -3.2734742
            26               1.0752653               1.9613751              -2.8642898
            27               1.4336871               1.9613751              -2.4551055
            28               1.7921089               1.9613751              -2.0459213
            29               2.1505306               1.9613751              -1.6367371
            30               2.5089526               1.9613751              -1.2275529
            31               2.8673742               1.9613751              -0.8183684
            32               3.2257962               1.9613751              -0.4091842
            33               3.5842178               1.9613751               0.0000000
            34               0.0000000               1.4710313              -4.0918427
            35               0.3584218               1.4710313              -3.6826584
            36               0.7168435               1.4710313              -3.2734742
            37               1.0752653               1.4710313              -2.8642898
            38               1.4336871               1.4710313              -2.4551055
            39               1.7921089               1.4710313              -2.0459213
            40               2.1505306               1.4710313              -1.6367371
            41               2.5089526               1.4710313              -1.2275529
            42               2.8673742               1.4710313              -0.8183684
            43               3.2257962               1.4710313              -0.4091842
            44               3.5842178               1.4710313               0.0000000
            45               0.0000000               0.9806876              -4.0918427
            46               0.3584218               0.9806876              -3.6826584
            47               0.7168435               0.9806876              -3.2734742
            48               1.0752653               0.9806876              -2.8642898
            49               1.4336871               0.9806876              -2.4551055
            50               1.7921089               0.9806876              -2.0459213
            51               2.1505306               0.9806876              -1.6367371
            52               2.5089526               0.9806876              -1.2275529
            53               2.8673742               0.9806876              -0.8183684
            54               3.2257962               0.9806876              -0.4091842
            55               3.5842178               0.9806876               0.0000000
            56               0.0000000               0.4903438              -4.0918427
            57               0.3584218               0.4903438              -3.6826584
            58               0.7168435               0.4903438              -3.2734742
            59               1.0752653               0.4903438              -2.8642898
            60               1.4336871               0.4903438              -2.4551055
            61               1.7921089               0.4903438              -2.0459213
            62               2.1505306               0.4903438              -1.6367371
            63               2.5089526               0.4903438              -1.2275529
            64               2.8673742               0.4903438              -0.8183684
            65               3.2257962               0.4903438              -0.4091842
            66               3.5842178               0.4903438               0.0000000
            67               0.0000000               0.0000000              -4.0918427
            68               0.3584218               0.0000000              -3.6826584
            69               0.7168435               0.0000000              -3.2734742
            70               1.0752653               0.0000000              -2.8642898
            71               1.4336871               0.0000000              -2.4551055
            72               1.7921089               0.0000000              -2.0459213
            73               2.1505306               0.0000000              -1.6367371
            74               2.5089526               0.0000000              -1.2275529
            75               2.8673742               0.0000000              -0.8183684
            76               3.2257962               0.0000000              -0.4091842
            77               3.5842178               0.0000000               0.0000000
            78               0.0000000              -0.4903437              -4.0918427
            79               0.3584218              -0.4903437              -3.6826584
            80               0.7168435              -0.4903437              -3.2734742
            81               1.0752653              -0.4903437              -2.8642898
            82               1.4336871              -0.4903437              -2.4551055
            83               1.7921089              -0.4903437              -2.0459213
            84               2.1505306              -0.4903437              -1.6367371
            85               2.5089526              -0.4903437              -1.2275529
            86               2.8673742              -0.4903437              -0.8183684
            87               3.2257962              -0.4903437              -0.4091842
            88               3.5842178              -0.4903437               0.0000000
            89               0.0000000              -0.9806875              -4.0918427
            90               0.3584218              -0.9806875              -3.6826584
            91               0.7168435              -0.9806875              -3.2734742
            92               1.0752653              -0.9806875              -2.8642898
            93               1.4336871              -0.9806875              -2.4551055
            94               1.7921089              -0.9806875              -2.0459213
            95               2.1505306              -0.9806875              -1.6367371
            96               2.5089526              -0.9806875              -1.2275529
            97               2.8673742              -0.9806875              -0.8183684
            98               3.2257962              -0.9806875              -0.4091842
            99               3.5842178              -0.9806875               0.0000000
           100               0.0000000              -1.4710313              -4.0918427
           101               0.3584218              -1.4710313              -3.6826584
           102               0.7168435              -1.4710313              -3.2734742
           103               1.0752653              -1.4710313              -2.8642898
           104               1.4336871              -1.4710313              -2.4551055
           105               1.7921089              -1.4710313              -2.0459213
           106               2.1505306              -1.4710313              -1.6367371
           107               2.5089526              -1.4710313              -1.2275529
           108               2.8673742              -1.4710313              -0.8183684
           109               3.2257962              -1.4710313              -0.4091842
           110               3.5842178              -1.4710313               0.0000000
           111               0.0000000              -1.9613751              -4.0918427
           112               0.3584218              -1.9613751              -3.6826584
           113               0.7168435              -1.9613751              -3.2734742
           114               1.0752653              -1.9613751              -2.8642898
           115               1.4336871              -1.9613751              -2.4551055
           116               1.7921089              -1.9613751              -2.0459213
           117               2.1505306              -1.9613751              -1.6367371
           118               2.5089526              -1.9613751              -1.2275529
           119               2.8673742              -1.9613751              -0.8183684
           120               3.2257962              -1.9613751              -0.4091842
           121               3.5842178              -1.9613751               0.0000000
           122               0.0000000              -1.9613751              -4.0918427
           123               0.3584218              -1.9613751              -3.6826584
           124               0.7168435              -1.9613751              -3.2734742
           125               1.0752653              -1.9613751              -2.8642898
           126               1.4336871              -1.9613751              -2.4551055
           127               1.7921089              -1.9613751              -2.0459213
           128               2.1505306              -1.9613751              -1.6367371
           129               2.5089526              -1.9613751              -1.2275529
           130               2.8673742              -1.9613751              -0.8183684
           131               3.2257962              -1.9613751              -0.4091842
           132               3.5842178              -1.9613751               0.0000000
           133               0.0000000              -1.9613751              -4.0918427
           134              -0.3584218              -1.9613751              -3.6826584
           135              -0.7168435              -1.9613751              -3.2734742
           136              -1.0752653              -1.9613751              -2.8642898
           137              -1.4336871              -1.9613751              -2.4551055
           138              -1.7921089              -1.9613751              -2.0459213
           139              -2.1505306              -1.9613751              -1.6367371
           140              -2.5089526              -1.9613751              -1.2275529
           141              -2.8673742              -1.9613751              -0.8183684
           142              -3.2257962              -1.9613751              -0.4091842
           143              -3.5842178              -1.9613751               0.0000000
           144               0.0000000              -1.9613751              -4.0918427
           145              -0.3584218              -1.9613751              -3.6826584
           146              -0.7168435              -1.9613751              -3.2734742
           147              -1.0752653              -1.9613751              -2.8642898
           148              -1.4336871              -1.9613751              -2.4551055
           149              -1.7921089              -1.9613751              -2.0459213
           150              -2.1505306              -1.9613751              -1.6367371
           151              -2.5089526              -1.9613751              -1.2275529
           152              -2.8673742              -1.9613751              -0.8183684
           153              -3.2257962              -1.9613751              -0.4091842
           154              -3.5842178              -1.9613751               0.0000000
           155               0.0000000              -1.4710313              -4.0918427
           156              -0.3584218              -1.4710313              -3.6826584
           157              -0.7168435              -1.4710313              -3.2734742
           158              -1.0752653              -1.4710313              -2.8642898
           159              -1.4336871              -1.4710313              -2.4551055
           160              -1.7921089              -1.4710313              -2.0459213
           161              -2.1505306              -1.4710313              -1.6367371
           162              -2.5089526              -1.4710313              -1.2275529
           163              -2.8673742              -1.4710313              -0.8183684
           164              -3.2257962              -1.4710313              -0.4091842
           165              -3.5842178              -1.4710313               0.0000000
           166               0.0000000              -0.9806876              -4.0918427
           167              -0.3584218              -0.9806876              -3.6826584
           168              -0.7168435              -0.9806876              -3.2734742
           169              -1.0752653              -0.9806876              -2.8642898
           170              -1.4336871              -0.9806876              -2.4551055
           171              -1.7921089              -0.9806876              -2.0459213
           172              -2.1505306              -0.9806876              -1.6367371
           173              -2.5089526              -0.9806876              -1.2275529
           174              -2.8673742              -0.9806876              -0.8183684
           175              -3.2257962              -0.9806876              -0.4091842
           176              -3.5842178              -0.9806876               0.0000000
           177               0.0000000              -0.4903438              -4.0918427
           178              -0.3584218              -0.4903438              -3.6826584
           179              -0.7168435              -0.4903438              -3.2734742
           180              -1.0752653              -0.4903438              -2.8642898
           181              -1.4336871              -0.4903438              -2.4551055
           182              -1.7921089              -0.4903438              -2.0459213
           183              -2.1505306              -0.4903438              -1.6367371
           184              -2.5089526              -0.4903438              -1.2275529
           185              -2.8673742              -0.4903438              -0.8183684
           186              -3.2257962              -0.4903438              -0.4091842
           187              -3.5842178              -0.4903438               0.0000000
           188               0.0000000               0.0000000              -4.0918427
           189              -0.3584218               0.0000000              -3.6826584
           190              -0.7168435               0.0000000              -3.2734742
           191              -1.0752653               0.0000000              -2.8642898
           192              -1.4336871               0.0000000              -2.4551055
           193              -1.7921089               0.0000000              -2.0459213
           194              -2.1505306               0.0000000              -1.6367371
           195              -2.5089526               0.0000000              -1.2275529
           196              -2.8673742               0.0000000              -0.8183684
           197              -3.2257962               0.0000000              -0.4091842
           198              -3.5842178               0.0000000               0.0000000
           199               0.0000000               0.4903437              -4.0918427
           200              -0.3584218               0.4903437              -3.6826584
           201              -0.7168435               0.4903437              -3.2734742
           202              -1.0752653               0.4903437              -2.8642898
           203              -1.4336871               0.4903437              -2.4551055
           204              -1.7921089               0.4903437              -2.0459213
           205              -2.1505306               0.4903437              -1.6367371
           206              -2.5089526               0.4903437              -1.2275529
           207              -2.8673742               0.4903437              -0.8183684
           208              -3.2257962               0.4903437              -0.4091842
           209              -3.5842178               0.4903437               0.0000000
           210               0.0000000               0.9806875              -4.0918427
           211              -0.3584218               0.9806875              -3.6826584
           212              -0.7168435               0.9806875              -3.2734742
           213              -1.0752653               0.9806875              -2.8642898
           214              -1.4336871               0.9806875              -2.4551055
           215              -1.7921089               0.9806875              -2.0459213
           216              -2.1505306               0.9806875              -1.6367371
           217              -2.5089526               0.9806875              -1.2275529
           218              -2.8673742               0.9806875              -0.8183684
           219              -3.2257962               0.9806875              -0.4091842
           220              -3.5842178               0.9806875               0.0000000
           221               0.0000000               1.4710313              -4.0918427
           222              -0.3584218               1.4710313              -3.6826584
           223              -0.7168435               1.4710313              -3.2734742
           224              -1.0752653               1.4710313              -2.8642898
           225              -1.4336871               1.4710313              -2.4551055
           226              -1.7921089               1.4710313              -2.0459213
           227              -2.1505306               1.4710313              -1.6367371
           228              -2.5089526               1.4710313              -1.2275529
           229              -2.8673742               1.4710313              -0.8183684
           230              -3.2257962               1.4710313              -0.4091842
           231              -3.5842178               1.4710313               0.0000000
           232               0.0000000               1.9613751              -4.0918427
           233              -0.3584218               1.9613751              -3.6826584
           234              -0.7168435               1.9613751              -3.2734742
           235              -1.0752653               1.9613751              -2.8642898
           236              -1.4336871               1.9613751              -2.4551055
           237              -1.7921089               1.9613751              -2.0459213
           238              -2.1505306               1.9613751              -1.6367371
           239              -2.5089526               1.9613751              -1.2275529
           240              -2.8673742               1.9613751              -0.8183684
           241              -3.2257962               1.9613751              -0.4091842
           242              -3.5842178               1.9613751               0.0000000
             0          0.00          0.00          0.00
               1               2              13              12
               2               3              14              13
               3               4              15              14
               4               5              16              15
               5               6              17              16
               6               7              18              17
               7               8              19              18
               8               9              20              19
               9              10              21              20
              10              11              22              21
              23              24              35              34
              24              25              36              35
              25              26              37              36
              26              27              38              37
              27              28              39              38
              28              29              40              39
              29              30              41              40
              30              31              42              41
              31              32              43              42
              32              33              44              43
              34              35              46              45
              35              36              47              46
              36              37              48              47
              37              38              49              48
              38              39              50              49
              39              40              51              50
              40              41              52              51
              41              42              53              52
              42              43              54              53
              43              44              55              54
              45              46              57              56
              46              47              58              57
              47              48              59              58
              48              49              60              59
              49              50              61              60
              50              51              62              61
              51              52              63              62
              52              53              64              63
              53              54              65              64
              54              55              66              65
              56              57              68              67
              57              58              69              68
              58              59              70              69
              59              60              71              70
              60              61              72              71
              61              62              73              72
              62              63              74              73
              63              64              75              74
              64              65              76              75
              65              66              77              76
              67              68              79              78
              68              69              80              79
              69              70              81              80
              70              71              82              81
              71              72              83              82
              72              73              84              83
              73              74              85              84
              74              75              86              85
              75              76              87              86
              76              77              88              87
              78              79              90              89
              79              80              91              90
              80              81              92              91
              81              82              93              92
              82              83              94              93
              83              84              95              94
              84              85              96              95
              85              86              97              96
              86              87              98              97
              87              88              99              98
              89              90             101             100
              90              91             102             101
              91              92             103             102
              92              93             104             103
              93              94             105             104
              94              95             106             105
              95              96             107             106
              96              97             108             107
              97              98             109             108
              98              99             110             109
             100             101             112             111
             101             102             113             112
             102             103             114             113
             103             104             115             114
             104             105             116             115
             105             106             117             116
             106             107             118             117
             107             108             119             118
             108             109             120             119
             109             110             121             120
             122             123             134             133
             123             124             135             134
             124             125             136             135
             125             126             137             136
             126             127             138             137
             127             128             139             138
             128             129             140             139
             129             130             141             140
             130             131             142             141
             131             132             143             142
             144             145             156             155
             145             146             157             156
             146             147             158             157
             147             148             159             158
             148             149             160             159
             149             150             161             160
             150             151             162             161
             151             152             163             162
             152             153             164             163
             153             154             165             164
             155             156             167             166
             156             157             168             167
             157             158             169             168
             158             159             170             169
             159             160             171             170
             160             161             172             171
             161             162             173             172
             162             163             174             173
             163             164             175             174
             164             165             176             175
             166             167             178             177
             167             168             179             178
             168             169             180             179
             169             170             181             180
             170             171             182             181
             171             172             183             182
             172             173             184             183
             173             174             185             184
             174             175             186             185
             175             176             187             186
             177             178             189             188
             178             179             190             189
             179             180             191             190
             180             181             192             191
             181             182             193             192
             182             183             194             193
             183             184             195             194
             184             185             196             195
             185             186             197             196
             186             187             198             197
             188             189             200             199
             189             190             201             200
             190             191             202             201
             191             192             203             202
             192             193             204             203
             193             194             205             204
             194             195             206             205
             195             196             207             206
             196             197             208             207
             197             198             209             208
             199             200             211             210
             200             201             212             211
             201             202             213             212
             202             203             214             213
             203             204             215             214
             204             205             216             215
             205             206             217             216
             206             207             218             217
             207             208             219             218
             208             209             220             219
             210             211             222             221
             211             212             223             222
             212             213             224             223
             213             214             225             224
             214             215             226             225
             215             216             227             226
             216             217             228             227
             217             218             229             228
             218             219             230             229
             219             220             231             230
             221             222             233             232
             222             223             234             233
             223             224             235             234
             224             225             236             235
             225             226             237             236
             226             227             238             237
             227             228             239             238
             228             229             240             239
             229             230             241             240
             230             231             242             241
          0          0          0          0
