                    2          0
             1              -3.4503410               1.5469375              -3.1512146
             2              -3.4503410               1.5469375              -2.5209718
             3              -3.4503410               1.5469375              -1.8907287
             4              -3.4503410               1.5469375              -1.2604859
             5              -3.4503410               1.5469375              -0.6302428
             6              -3.4503410               1.5469375               0.0000000
             7              -2.7602727               1.5469375              -3.1512146
             8              -2.7602727               1.5469375              -2.5209718
             9              -2.7602727               1.5469375              -1.8907287
            10              -2.7602727               1.5469375              -1.2604859
            11              -2.7602727               1.5469375              -0.6302428
            12              -2.7602727               1.5469375               0.0000000
            13              -2.0702047               1.5469375              -3.1512146
            14              -2.0702047               1.5469375              -2.5209718
            15              -2.0702047               1.5469375              -1.8907287
            16              -2.0702047               1.5469375              -1.2604859
            17              -2.0702047               1.5469375              -0.6302428
            18              -2.0702047               1.5469375               0.0000000
            19              -1.3801365               1.5469375              -3.1512146
            20              -1.3801365               1.5469375              -2.5209718
            21              -1.3801365               1.5469375              -1.8907287
            22              -1.3801365               1.5469375              -1.2604859
            23              -1.3801365               1.5469375              -0.6302428
            24              -1.3801365               1.5469375               0.0000000
            25              -0.6900682               1.5469375              -3.1512146
            26              -0.6900682               1.5469375              -2.5209718
            27              -0.6900682               1.5469375              -1.8907287
            28              -0.6900682               1.5469375              -1.2604859
            29              -0.6900682               1.5469375              -0.6302428
            30              -0.6900682               1.5469375               0.0000000
            31               0.0000000               1.5469375              -3.1512146
            32               0.0000000               1.5469375              -2.5209718
            33               0.0000000               1.5469375              -1.8907287
            34               0.0000000               1.5469375              -1.2604859
            35               0.0000000               1.5469375              -0.6302428
            36               0.0000000               1.5469375               0.0000000
            37               0.6900680               1.5469375              -3.1512146
            38               0.6900680               1.5469375              -2.5209718
            39               0.6900680               1.5469375              -1.8907287
            40               0.6900680               1.5469375              -1.2604859
            41               0.6900680               1.5469375              -0.6302428
            42               0.6900680               1.5469375               0.0000000
            43               1.3801367               1.5469375              -3.1512146
            44               1.3801367               1.5469375              -2.5209718
            45               1.3801367               1.5469375              -1.8907287
            46               1.3801367               1.5469375              -1.2604859
            47               1.3801367               1.5469375              -0.6302428
            48               1.3801367               1.5469375               0.0000000
            49               2.0702045               1.5469375              -3.1512146
            50               2.0702045               1.5469375              -2.5209718
            51               2.0702045               1.5469375              -1.8907287
            52               2.0702045               1.5469375              -1.2604859
            53               2.0702045               1.5469375              -0.6302428
            54               2.0702045               1.5469375               0.0000000
            55               2.7602727               1.5469375              -3.1512146
            56               2.7602727               1.5469375              -2.5209718
            57               2.7602727               1.5469375              -1.8907287
            58               2.7602727               1.5469375              -1.2604859
            59               2.7602727               1.5469375              -0.6302428
            60               2.7602727               1.5469375               0.0000000
            61               3.4503410               1.5469375              -3.1512146
            62               3.4503410               1.5469375              -2.5209718
            63               3.4503410               1.5469375              -1.8907287
            64               3.4503410               1.5469375              -1.2604859
            65               3.4503410               1.5469375              -0.6302428
            66               3.4503410               1.5469375               0.0000000
            67               3.4503410               1.5469375              -3.1512146
            68               3.4503410               1.5469375              -2.5209718
            69               3.4503410               1.5469375              -1.8907287
            70               3.4503410               1.5469375              -1.2604859
            71               3.4503410               1.5469375              -0.6302428
            72               3.4503410               1.5469375               0.0000000
            73               3.4503410               0.9281625              -3.1512146
            74               3.4503410               0.9281625              -2.5209718
            75               3.4503410               0.9281625              -1.8907287
            76               3.4503410               0.9281625              -1.2604859
            77               3.4503410               0.9281625              -0.6302428
            78               3.4503410               0.9281625               0.0000000
            79               3.4503410               0.3093874              -3.1512146
            80               3.4503410               0.3093874              -2.5209718
            81               3.4503410               0.3093874              -1.8907287
            82               3.4503410               0.3093874              -1.2604859
            83               3.4503410               0.3093874              -0.6302428
            84               3.4503410               0.3093874               0.0000000
            85               3.4503410              -0.3093874              -3.1512146
            86               3.4503410              -0.3093874              -2.5209718
            87               3.4503410              -0.3093874              -1.8907287
            88               3.4503410              -0.3093874              -1.2604859
            89               3.4503410              -0.3093874              -0.6302428
            90               3.4503410              -0.3093874               0.0000000
            91               3.4503410              -0.9281626              -3.1512146
            92               3.4503410              -0.9281626              -2.5209718
            93               3.4503410              -0.9281626              -1.8907287
            94               3.4503410              -0.9281626              -1.2604859
            95               3.4503410              -0.9281626              -0.6302428
            96               3.4503410              -0.9281626               0.0000000
            97               3.4503410              -1.5469375              -3.1512146
            98               3.4503410              -1.5469375              -2.5209718
            99               3.4503410              -1.5469375              -1.8907287
           100               3.4503410              -1.5469375              -1.2604859
           101               3.4503410              -1.5469375              -0.6302428
           102               3.4503410              -1.5469375               0.0000000
           103               3.4503410              -1.5469375              -3.1512146
           104               3.4503410              -1.5469375              -2.5209718
           105               3.4503410              -1.5469375              -1.8907287
           106               3.4503410              -1.5469375              -1.2604859
           107               3.4503410              -1.5469375              -0.6302428
           108               3.4503410              -1.5469375               0.0000000
           109               2.7602727              -1.5469375              -3.1512146
           110               2.7602727              -1.5469375              -2.5209718
           111               2.7602727              -1.5469375              -1.8907287
           112               2.7602727              -1.5469375              -1.2604859
           113               2.7602727              -1.5469375              -0.6302428
           114               2.7602727              -1.5469375               0.0000000
           115               2.0702047              -1.5469375              -3.1512146
           116               2.0702047              -1.5469375              -2.5209718
           117               2.0702047              -1.5469375              -1.8907287
           118               2.0702047              -1.5469375              -1.2604859
           119               2.0702047              -1.5469375              -0.6302428
           120               2.0702047              -1.5469375               0.0000000
           121               1.3801365              -1.5469375              -3.1512146
           122               1.3801365              -1.5469375              -2.5209718
           123               1.3801365              -1.5469375              -1.8907287
           124               1.3801365              -1.5469375              -1.2604859
           125               1.3801365              -1.5469375              -0.6302428
           126               1.3801365              -1.5469375               0.0000000
           127               0.6900682              -1.5469375              -3.1512146
           128               0.6900682              -1.5469375              -2.5209718
           129               0.6900682              -1.5469375              -1.8907287
           130               0.6900682              -1.5469375              -1.2604859
           131               0.6900682              -1.5469375              -0.6302428
           132               0.6900682              -1.5469375               0.0000000
           133               0.0000000              -1.5469375              -3.1512146
           134               0.0000000              -1.5469375              -2.5209718
           135               0.0000000              -1.5469375              -1.8907287
           136               0.0000000              -1.5469375              -1.2604859
           137               0.0000000              -1.5469375              -0.6302428
           138               0.0000000              -1.5469375               0.0000000
           139              -0.6900680              -1.5469375              -3.1512146
           140              -0.6900680              -1.5469375              -2.5209718
           141              -0.6900680              -1.5469375              -1.8907287
           142              -0.6900680              -1.5469375              -1.2604859
           143              -0.6900680              -1.5469375              -0.6302428
           144              -0.6900680              -1.5469375               0.0000000
           145              -1.3801367              -1.5469375              -3.1512146
           146              -1.3801367              -1.5469375              -2.5209718
           147              -1.3801367              -1.5469375              -1.8907287
           148              -1.3801367              -1.5469375              -1.2604859
           149              -1.3801367              -1.5469375              -0.6302428
           150              -1.3801367              -1.5469375               0.0000000
           151              -2.0702045              -1.5469375              -3.1512146
           152              -2.0702045              -1.5469375              -2.5209718
           153              -2.0702045              -1.5469375              -1.8907287
           154              -2.0702045              -1.5469375              -1.2604859
           155              -2.0702045              -1.5469375              -0.6302428
           156              -2.0702045              -1.5469375               0.0000000
           157              -2.7602727              -1.5469375              -3.1512146
           158              -2.7602727              -1.5469375              -2.5209718
           159              -2.7602727              -1.5469375              -1.8907287
           160              -2.7602727              -1.5469375              -1.2604859
           161              -2.7602727              -1.5469375              -0.6302428
           162              -2.7602727              -1.5469375               0.0000000
           163              -3.4503410              -1.5469375              -3.1512146
           164              -3.4503410              -1.5469375              -2.5209718
           165              -3.4503410              -1.5469375              -1.8907287
           166              -3.4503410              -1.5469375              -1.2604859
           167              -3.4503410              -1.5469375              -0.6302428
           168              -3.4503410              -1.5469375               0.0000000
           169              -3.4503410              -1.5469375              -3.1512146
           170              -3.4503410              -1.5469375              -2.5209718
           171              -3.4503410              -1.5469375              -1.8907287
           172              -3.4503410              -1.5469375              -1.2604859
           173              -3.4503410              -1.5469375              -0.6302428
           174              -3.4503410              -1.5469375               0.0000000
           175              -3.4503410              -0.9281625              -3.1512146
           176              -3.4503410              -0.9281625              -2.5209718
           177              -3.4503410              -0.9281625              -1.8907287
           178              -3.4503410              -0.9281625              -1.2604859
           179              -3.4503410              -0.9281625              -0.6302428
           180              -3.4503410              -0.9281625               0.0000000
           181              -3.4503410              -0.3093874              -3.1512146
           182              -3.4503410              -0.3093874              -2.5209718
           183              -3.4503410              -0.3093874              -1.8907287
           184              -3.4503410              -0.3093874              -1.2604859
           185              -3.4503410              -0.3093874              -0.6302428
           186              -3.4503410              -0.3093874               0.0000000
           187              -3.4503410               0.3093874              -3.1512146
           188              -3.4503410               0.3093874              -2.5209718
           189              -3.4503410               0.3093874              -1.8907287
           190              -3.4503410               0.3093874              -1.2604859
           191              -3.4503410               0.3093874              -0.6302428
           192              -3.4503410               0.3093874               0.0000000
           193              -3.4503410               0.9281626              -3.1512146
           194              -3.4503410               0.9281626              -2.5209718
           195              -3.4503410               0.9281626              -1.8907287
           196              -3.4503410               0.9281626              -1.2604859
           197              -3.4503410               0.9281626              -0.6302428
           198              -3.4503410               0.9281626               0.0000000
           199              -3.4503410               1.5469375              -3.1512146
           200              -3.4503410               1.5469375              -2.5209718
           201              -3.4503410               1.5469375              -1.8907287
           202              -3.4503410               1.5469375              -1.2604859
           203              -3.4503410               1.5469375              -0.6302428
           204              -3.4503410               1.5469375               0.0000000
           205               3.4503410              -1.5469375              -3.1512146
           206               2.7602727              -1.5469375              -3.1512146
           207               2.0702047              -1.5469375              -3.1512146
           208               1.3801365              -1.5469375              -3.1512146
           209               0.6900682              -1.5469375              -3.1512146
           210               0.0000000              -1.5469375              -3.1512146
           211              -0.6900680              -1.5469375              -3.1512146
           212              -1.3801367              -1.5469375              -3.1512146
           213              -2.0702045              -1.5469375              -3.1512146
           214              -2.7602727              -1.5469375              -3.1512146
           215              -3.4503410              -1.5469375              -3.1512146
           216               3.4503410              -0.9281625              -3.1512146
           217               2.7602727              -0.9281625              -3.1512146
           218               2.0702047              -0.9281625              -3.1512146
           219               1.3801365              -0.9281625              -3.1512146
           220               0.6900682              -0.9281625              -3.1512146
           221               0.0000000              -0.9281625              -3.1512146
           222              -0.6900680              -0.9281625              -3.1512146
           223              -1.3801367              -0.9281625              -3.1512146
           224              -2.0702045              -0.9281625              -3.1512146
           225              -2.7602727              -0.9281625              -3.1512146
           226              -3.4503410              -0.9281625              -3.1512146
           227               3.4503410              -0.3093874              -3.1512146
           228               2.7602727              -0.3093874              -3.1512146
           229               2.0702047              -0.3093874              -3.1512146
           230               1.3801365              -0.3093874              -3.1512146
           231               0.6900682              -0.3093874              -3.1512146
           232               0.0000000              -0.3093874              -3.1512146
           233              -0.6900680              -0.3093874              -3.1512146
           234              -1.3801367              -0.3093874              -3.1512146
           235              -2.0702045              -0.3093874              -3.1512146
           236              -2.7602727              -0.3093874              -3.1512146
           237              -3.4503410              -0.3093874              -3.1512146
           238               3.4503410               0.3093874              -3.1512146
           239               2.7602727               0.3093874              -3.1512146
           240               2.0702047               0.3093874              -3.1512146
           241               1.3801365               0.3093874              -3.1512146
           242               0.6900682               0.3093874              -3.1512146
           243               0.0000000               0.3093874              -3.1512146
           244              -0.6900680               0.3093874              -3.1512146
           245              -1.3801367               0.3093874              -3.1512146
           246              -2.0702045               0.3093874              -3.1512146
           247              -2.7602727               0.3093874              -3.1512146
           248              -3.4503410               0.3093874              -3.1512146
           249               3.4503410               0.9281626              -3.1512146
           250               2.7602727               0.9281626              -3.1512146
           251               2.0702047               0.9281626              -3.1512146
           252               1.3801365               0.9281626              -3.1512146
           253               0.6900682               0.9281626              -3.1512146
           254               0.0000000               0.9281626              -3.1512146
           255              -0.6900680               0.9281626              -3.1512146
           256              -1.3801367               0.9281626              -3.1512146
           257              -2.0702045               0.9281626              -3.1512146
           258              -2.7602727               0.9281626              -3.1512146
           259              -3.4503410               0.9281626              -3.1512146
           260               3.4503410               1.5469375              -3.1512146
           261               2.7602727               1.5469375              -3.1512146
           262               2.0702047               1.5469375              -3.1512146
           263               1.3801365               1.5469375              -3.1512146
           264               0.6900682               1.5469375              -3.1512146
           265               0.0000000               1.5469375              -3.1512146
           266              -0.6900680               1.5469375              -3.1512146
           267              -1.3801367               1.5469375              -3.1512146
           268              -2.0702045               1.5469375              -3.1512146
           269              -2.7602727               1.5469375              -3.1512146
           270              -3.4503410               1.5469375              -3.1512146
             0          0.00          0.00          0.00
               1               2               8               7
               2               3               9               8
               3               4              10               9
               4               5              11              10
               5               6              12              11
               7               8              14              13
               8               9              15              14
               9              10              16              15
              10              11              17              16
              11              12              18              17
              13              14              20              19
              14              15              21              20
              15              16              22              21
              16              17              23              22
              17              18              24              23
              19              20              26              25
              20              21              27              26
              21              22              28              27
              22              23              29              28
              23              24              30              29
              25              26              32              31
              26              27              33              32
              27              28              34              33
              28              29              35              34
              29              30              36              35
              31              32              38              37
              32              33              39              38
              33              34              40              39
              34              35              41              40
              35              36              42              41
              37              38              44              43
              38              39              45              44
              39              40              46              45
              40              41              47              46
              41              42              48              47
              43              44              50              49
              44              45              51              50
              45              46              52              51
              46              47              53              52
              47              48              54              53
              49              50              56              55
              50              51              57              56
              51              52              58              57
              52              53              59              58
              53              54              60              59
              55              56              62              61
              56              57              63              62
              57              58              64              63
              58              59              65              64
              59              60              66              65
              67              68              74              73
              68              69              75              74
              69              70              76              75
              70              71              77              76
              71              72              78              77
              73              74              80              79
              74              75              81              80
              75              76              82              81
              76              77              83              82
              77              78              84              83
              79              80              86              85
              80              81              87              86
              81              82              88              87
              82              83              89              88
              83              84              90              89
              85              86              92              91
              86              87              93              92
              87              88              94              93
              88              89              95              94
              89              90              96              95
              91              92              98              97
              92              93              99              98
              93              94             100              99
              94              95             101             100
              95              96             102             101
             103             104             110             109
             104             105             111             110
             105             106             112             111
             106             107             113             112
             107             108             114             113
             109             110             116             115
             110             111             117             116
             111             112             118             117
             112             113             119             118
             113             114             120             119
             115             116             122             121
             116             117             123             122
             117             118             124             123
             118             119             125             124
             119             120             126             125
             121             122             128             127
             122             123             129             128
             123             124             130             129
             124             125             131             130
             125             126             132             131
             127             128             134             133
             128             129             135             134
             129             130             136             135
             130             131             137             136
             131             132             138             137
             133             134             140             139
             134             135             141             140
             135             136             142             141
             136             137             143             142
             137             138             144             143
             139             140             146             145
             140             141             147             146
             141             142             148             147
             142             143             149             148
             143             144             150             149
             145             146             152             151
             146             147             153             152
             147             148             154             153
             148             149             155             154
             149             150             156             155
             151             152             158             157
             152             153             159             158
             153             154             160             159
             154             155             161             160
             155             156             162             161
             157             158             164             163
             158             159             165             164
             159             160             166             165
             160             161             167             166
             161             162             168             167
             169             170             176             175
             170             171             177             176
             171             172             178             177
             172             173             179             178
             173             174             180             179
             175             176             182             181
             176             177             183             182
             177             178             184             183
             178             179             185             184
             179             180             186             185
             181             182             188             187
             182             183             189             188
             183             184             190             189
             184             185             191             190
             185             186             192             191
             187             188             194             193
             188             189             195             194
             189             190             196             195
             190             191             197             196
             191             192             198             197
             193             194             200             199
             194             195             201             200
             195             196             202             201
             196             197             203             202
             197             198             204             203
             205             206             217             216
             206             207             218             217
             207             208             219             218
             208             209             220             219
             209             210             221             220
             210             211             222             221
             211             212             223             222
             212             213             224             223
             213             214             225             224
             214             215             226             225
             216             217             228             227
             217             218             229             228
             218             219             230             229
             219             220             231             230
             220             221             232             231
             221             222             233             232
             222             223             234             233
             223             224             235             234
             224             225             236             235
             225             226             237             236
             227             228             239             238
             228             229             240             239
             229             230             241             240
             230             231             242             241
             231             232             243             242
             232             233             244             243
             233             234             245             244
             234             235             246             245
             235             236             247             246
             236             237             248             247
             238             239             250             249
             239             240             251             250
             240             241             252             251
             241             242             253             252
             242             243             254             253
             243             244             255             254
             244             245             256             255
             245             246             257             256
             246             247             258             257
             247             248             259             258
             249             250             261             260
             250             251             262             261
             251             252             263             262
             252             253             264             263
             253             254             265             264
             254             255             266             265
             255             256             267             266
             256             257             268             267
             257             258             269             268
             258             259             270             269
          0          0          0          0
