                    2          0
             1               0.0000000               4.6147823              -4.3743148
             2              -0.5552235               4.6147823              -3.8275254
             3              -1.1104469               4.6147823              -3.2807360
             4              -1.6656704               4.6147823              -2.7339468
             5              -2.2208939               4.6147823              -2.1871574
             6              -2.7761173               4.6147823              -1.6403680
             7              -3.3313408               4.6147823              -1.0935788
             8              -3.8865643               4.6147823              -0.5467894
             9              -4.4417877               4.6147823               0.0000000
            10               0.0000000               4.6147823              -4.3743148
            11               0.5552235               4.6147823              -3.8275254
            12               1.1104469               4.6147823              -3.2807360
            13               1.6656704               4.6147823              -2.7339468
            14               2.2208939               4.6147823              -2.1871574
            15               2.7761173               4.6147823              -1.6403680
            16               3.3313408               4.6147823              -1.0935788
            17               3.8865643               4.6147823              -0.5467894
            18               4.4417877               4.6147823               0.0000000
            19               0.0000000               4.6147823              -4.3743148
            20               0.5552235               4.6147823              -3.8275254
            21               1.1104469               4.6147823              -3.2807360
            22               1.6656704               4.6147823              -2.7339468
            23               2.2208939               4.6147823              -2.1871574
            24               2.7761173               4.6147823              -1.6403680
            25               3.3313408               4.6147823              -1.0935788
            26               3.8865643               4.6147823              -0.5467894
            27               4.4417877               4.6147823               0.0000000
            28               0.0000000               3.7757311              -4.3743148
            29               0.5552235               3.7757311              -3.8275254
            30               1.1104469               3.7757311              -3.2807360
            31               1.6656704               3.7757311              -2.7339468
            32               2.2208939               3.7757311              -2.1871574
            33               2.7761173               3.7757311              -1.6403680
            34               3.3313408               3.7757311              -1.0935788
            35               3.8865643               3.7757311              -0.5467894
            36               4.4417877               3.7757311               0.0000000
            37               0.0000000               2.9366798              -4.3743148
            38               0.5552235               2.9366798              -3.8275254
            39               1.1104469               2.9366798              -3.2807360
            40               1.6656704               2.9366798              -2.7339468
            41               2.2208939               2.9366798              -2.1871574
            42               2.7761173               2.9366798              -1.6403680
            43               3.3313408               2.9366798              -1.0935788
            44               3.8865643               2.9366798              -0.5467894
            45               4.4417877               2.9366798               0.0000000
            46               0.0000000               2.0976284              -4.3743148
            47               0.5552235               2.0976284              -3.8275254
            48               1.1104469               2.0976284              -3.2807360
            49               1.6656704               2.0976284              -2.7339468
            50               2.2208939               2.0976284              -2.1871574
            51               2.7761173               2.0976284              -1.6403680
            52               3.3313408               2.0976284              -1.0935788
            53               3.8865643               2.0976284              -0.5467894
            54               4.4417877               2.0976284               0.0000000
            55               0.0000000               1.2585771              -4.3743148
            56               0.5552235               1.2585771              -3.8275254
            57               1.1104469               1.2585771              -3.2807360
            58               1.6656704               1.2585771              -2.7339468
            59               2.2208939               1.2585771              -2.1871574
            60               2.7761173               1.2585771              -1.6403680
            61               3.3313408               1.2585771              -1.0935788
            62               3.8865643               1.2585771              -0.5467894
            63               4.4417877               1.2585771               0.0000000
            64               0.0000000               0.4195256              -4.3743148
            65               0.5552235               0.4195256              -3.8275254
            66               1.1104469               0.4195256              -3.2807360
            67               1.6656704               0.4195256              -2.7339468
            68               2.2208939               0.4195256              -2.1871574
            69               2.7761173               0.4195256              -1.6403680
            70               3.3313408               0.4195256              -1.0935788
            71               3.8865643               0.4195256              -0.5467894
            72               4.4417877               0.4195256               0.0000000
            73               0.0000000              -0.4195256              -4.3743148
            74               0.5552235              -0.4195256              -3.8275254
            75               1.1104469              -0.4195256              -3.2807360
            76               1.6656704              -0.4195256              -2.7339468
            77               2.2208939              -0.4195256              -2.1871574
            78               2.7761173              -0.4195256              -1.6403680
            79               3.3313408              -0.4195256              -1.0935788
            80               3.8865643              -0.4195256              -0.5467894
            81               4.4417877              -0.4195256               0.0000000
            82               0.0000000              -1.2585769              -4.3743148
            83               0.5552235              -1.2585769              -3.8275254
            84               1.1104469              -1.2585769              -3.2807360
            85               1.6656704              -1.2585769              -2.7339468
            86               2.2208939              -1.2585769              -2.1871574
            87               2.7761173              -1.2585769              -1.6403680
            88               3.3313408              -1.2585769              -1.0935788
            89               3.8865643              -1.2585769              -0.5467894
            90               4.4417877              -1.2585769               0.0000000
            91               0.0000000              -2.0976281              -4.3743148
            92               0.5552235              -2.0976281              -3.8275254
            93               1.1104469              -2.0976281              -3.2807360
            94               1.6656704              -2.0976281              -2.7339468
            95               2.2208939              -2.0976281              -2.1871574
            96               2.7761173              -2.0976281              -1.6403680
            97               3.3313408              -2.0976281              -1.0935788
            98               3.8865643              -2.0976281              -0.5467894
            99               4.4417877              -2.0976281               0.0000000
           100               0.0000000              -2.9366798              -4.3743148
           101               0.5552235              -2.9366798              -3.8275254
           102               1.1104469              -2.9366798              -3.2807360
           103               1.6656704              -2.9366798              -2.7339468
           104               2.2208939              -2.9366798              -2.1871574
           105               2.7761173              -2.9366798              -1.6403680
           106               3.3313408              -2.9366798              -1.0935788
           107               3.8865643              -2.9366798              -0.5467894
           108               4.4417877              -2.9366798               0.0000000
           109               0.0000000              -3.7757311              -4.3743148
           110               0.5552235              -3.7757311              -3.8275254
           111               1.1104469              -3.7757311              -3.2807360
           112               1.6656704              -3.7757311              -2.7339468
           113               2.2208939              -3.7757311              -2.1871574
           114               2.7761173              -3.7757311              -1.6403680
           115               3.3313408              -3.7757311              -1.0935788
           116               3.8865643              -3.7757311              -0.5467894
           117               4.4417877              -3.7757311               0.0000000
           118               0.0000000              -4.6147823              -4.3743148
           119               0.5552235              -4.6147823              -3.8275254
           120               1.1104469              -4.6147823              -3.2807360
           121               1.6656704              -4.6147823              -2.7339468
           122               2.2208939              -4.6147823              -2.1871574
           123               2.7761173              -4.6147823              -1.6403680
           124               3.3313408              -4.6147823              -1.0935788
           125               3.8865643              -4.6147823              -0.5467894
           126               4.4417877              -4.6147823               0.0000000
           127               0.0000000              -4.6147823              -4.3743148
           128               0.5552235              -4.6147823              -3.8275254
           129               1.1104469              -4.6147823              -3.2807360
           130               1.6656704              -4.6147823              -2.7339468
           131               2.2208939              -4.6147823              -2.1871574
           132               2.7761173              -4.6147823              -1.6403680
           133               3.3313408              -4.6147823              -1.0935788
           134               3.8865643              -4.6147823              -0.5467894
           135               4.4417877              -4.6147823               0.0000000
           136               0.0000000              -4.6147823              -4.3743148
           137              -0.5552235              -4.6147823              -3.8275254
           138              -1.1104469              -4.6147823              -3.2807360
           139              -1.6656704              -4.6147823              -2.7339468
           140              -2.2208939              -4.6147823              -2.1871574
           141              -2.7761173              -4.6147823              -1.6403680
           142              -3.3313408              -4.6147823              -1.0935788
           143              -3.8865643              -4.6147823              -0.5467894
           144              -4.4417877              -4.6147823               0.0000000
           145               0.0000000              -4.6147823              -4.3743148
           146              -0.5552235              -4.6147823              -3.8275254
           147              -1.1104469              -4.6147823              -3.2807360
           148              -1.6656704              -4.6147823              -2.7339468
           149              -2.2208939              -4.6147823              -2.1871574
           150              -2.7761173              -4.6147823              -1.6403680
           151              -3.3313408              -4.6147823              -1.0935788
           152              -3.8865643              -4.6147823              -0.5467894
           153              -4.4417877              -4.6147823               0.0000000
           154               0.0000000              -3.7757311              -4.3743148
           155              -0.5552235              -3.7757311              -3.8275254
           156              -1.1104469              -3.7757311              -3.2807360
           157              -1.6656704              -3.7757311              -2.7339468
           158              -2.2208939              -3.7757311              -2.1871574
           159              -2.7761173              -3.7757311              -1.6403680
           160              -3.3313408              -3.7757311              -1.0935788
           161              -3.8865643              -3.7757311              -0.5467894
           162              -4.4417877              -3.7757311               0.0000000
           163               0.0000000              -2.9366798              -4.3743148
           164              -0.5552235              -2.9366798              -3.8275254
           165              -1.1104469              -2.9366798              -3.2807360
           166              -1.6656704              -2.9366798              -2.7339468
           167              -2.2208939              -2.9366798              -2.1871574
           168              -2.7761173              -2.9366798              -1.6403680
           169              -3.3313408              -2.9366798              -1.0935788
           170              -3.8865643              -2.9366798              -0.5467894
           171              -4.4417877              -2.9366798               0.0000000
           172               0.0000000              -2.0976284              -4.3743148
           173              -0.5552235              -2.0976284              -3.8275254
           174              -1.1104469              -2.0976284              -3.2807360
           175              -1.6656704              -2.0976284              -2.7339468
           176              -2.2208939              -2.0976284              -2.1871574
           177              -2.7761173              -2.0976284              -1.6403680
           178              -3.3313408              -2.0976284              -1.0935788
           179              -3.8865643              -2.0976284              -0.5467894
           180              -4.4417877              -2.0976284               0.0000000
           181               0.0000000              -1.2585771              -4.3743148
           182              -0.5552235              -1.2585771              -3.8275254
           183              -1.1104469              -1.2585771              -3.2807360
           184              -1.6656704              -1.2585771              -2.7339468
           185              -2.2208939              -1.2585771              -2.1871574
           186              -2.7761173              -1.2585771              -1.6403680
           187              -3.3313408              -1.2585771              -1.0935788
           188              -3.8865643              -1.2585771              -0.5467894
           189              -4.4417877              -1.2585771               0.0000000
           190               0.0000000              -0.4195256              -4.3743148
           191              -0.5552235              -0.4195256              -3.8275254
           192              -1.1104469              -0.4195256              -3.2807360
           193              -1.6656704              -0.4195256              -2.7339468
           194              -2.2208939              -0.4195256              -2.1871574
           195              -2.7761173              -0.4195256              -1.6403680
           196              -3.3313408              -0.4195256              -1.0935788
           197              -3.8865643              -0.4195256              -0.5467894
           198              -4.4417877              -0.4195256               0.0000000
           199               0.0000000               0.4195256              -4.3743148
           200              -0.5552235               0.4195256              -3.8275254
           201              -1.1104469               0.4195256              -3.2807360
           202              -1.6656704               0.4195256              -2.7339468
           203              -2.2208939               0.4195256              -2.1871574
           204              -2.7761173               0.4195256              -1.6403680
           205              -3.3313408               0.4195256              -1.0935788
           206              -3.8865643               0.4195256              -0.5467894
           207              -4.4417877               0.4195256               0.0000000
           208               0.0000000               1.2585769              -4.3743148
           209              -0.5552235               1.2585769              -3.8275254
           210              -1.1104469               1.2585769              -3.2807360
           211              -1.6656704               1.2585769              -2.7339468
           212              -2.2208939               1.2585769              -2.1871574
           213              -2.7761173               1.2585769              -1.6403680
           214              -3.3313408               1.2585769              -1.0935788
           215              -3.8865643               1.2585769              -0.5467894
           216              -4.4417877               1.2585769               0.0000000
           217               0.0000000               2.0976281              -4.3743148
           218              -0.5552235               2.0976281              -3.8275254
           219              -1.1104469               2.0976281              -3.2807360
           220              -1.6656704               2.0976281              -2.7339468
           221              -2.2208939               2.0976281              -2.1871574
           222              -2.7761173               2.0976281              -1.6403680
           223              -3.3313408               2.0976281              -1.0935788
           224              -3.8865643               2.0976281              -0.5467894
           225              -4.4417877               2.0976281               0.0000000
           226               0.0000000               2.9366798              -4.3743148
           227              -0.5552235               2.9366798              -3.8275254
           228              -1.1104469               2.9366798              -3.2807360
           229              -1.6656704               2.9366798              -2.7339468
           230              -2.2208939               2.9366798              -2.1871574
           231              -2.7761173               2.9366798              -1.6403680
           232              -3.3313408               2.9366798              -1.0935788
           233              -3.8865643               2.9366798              -0.5467894
           234              -4.4417877               2.9366798               0.0000000
           235               0.0000000               3.7757311              -4.3743148
           236              -0.5552235               3.7757311              -3.8275254
           237              -1.1104469               3.7757311              -3.2807360
           238              -1.6656704               3.7757311              -2.7339468
           239              -2.2208939               3.7757311              -2.1871574
           240              -2.7761173               3.7757311              -1.6403680
           241              -3.3313408               3.7757311              -1.0935788
           242              -3.8865643               3.7757311              -0.5467894
           243              -4.4417877               3.7757311               0.0000000
           244               0.0000000               4.6147823              -4.3743148
           245              -0.5552235               4.6147823              -3.8275254
           246              -1.1104469               4.6147823              -3.2807360
           247              -1.6656704               4.6147823              -2.7339468
           248              -2.2208939               4.6147823              -2.1871574
           249              -2.7761173               4.6147823              -1.6403680
           250              -3.3313408               4.6147823              -1.0935788
           251              -3.8865643               4.6147823              -0.5467894
           252              -4.4417877               4.6147823               0.0000000
             0          0.00          0.00          0.00
               1               2              11              10
               2               3              12              11
               3               4              13              12
               4               5              14              13
               5               6              15              14
               6               7              16              15
               7               8              17              16
               8               9              18              17
              19              20              29              28
              20              21              30              29
              21              22              31              30
              22              23              32              31
              23              24              33              32
              24              25              34              33
              25              26              35              34
              26              27              36              35
              28              29              38              37
              29              30              39              38
              30              31              40              39
              31              32              41              40
              32              33              42              41
              33              34              43              42
              34              35              44              43
              35              36              45              44
              37              38              47              46
              38              39              48              47
              39              40              49              48
              40              41              50              49
              41              42              51              50
              42              43              52              51
              43              44              53              52
              44              45              54              53
              46              47              56              55
              47              48              57              56
              48              49              58              57
              49              50              59              58
              50              51              60              59
              51              52              61              60
              52              53              62              61
              53              54              63              62
              55              56              65              64
              56              57              66              65
              57              58              67              66
              58              59              68              67
              59              60              69              68
              60              61              70              69
              61              62              71              70
              62              63              72              71
              64              65              74              73
              65              66              75              74
              66              67              76              75
              67              68              77              76
              68              69              78              77
              69              70              79              78
              70              71              80              79
              71              72              81              80
              73              74              83              82
              74              75              84              83
              75              76              85              84
              76              77              86              85
              77              78              87              86
              78              79              88              87
              79              80              89              88
              80              81              90              89
              82              83              92              91
              83              84              93              92
              84              85              94              93
              85              86              95              94
              86              87              96              95
              87              88              97              96
              88              89              98              97
              89              90              99              98
              91              92             101             100
              92              93             102             101
              93              94             103             102
              94              95             104             103
              95              96             105             104
              96              97             106             105
              97              98             107             106
              98              99             108             107
             100             101             110             109
             101             102             111             110
             102             103             112             111
             103             104             113             112
             104             105             114             113
             105             106             115             114
             106             107             116             115
             107             108             117             116
             109             110             119             118
             110             111             120             119
             111             112             121             120
             112             113             122             121
             113             114             123             122
             114             115             124             123
             115             116             125             124
             116             117             126             125
             127             128             137             136
             128             129             138             137
             129             130             139             138
             130             131             140             139
             131             132             141             140
             132             133             142             141
             133             134             143             142
             134             135             144             143
             145             146             155             154
             146             147             156             155
             147             148             157             156
             148             149             158             157
             149             150             159             158
             150             151             160             159
             151             152             161             160
             152             153             162             161
             154             155             164             163
             155             156             165             164
             156             157             166             165
             157             158             167             166
             158             159             168             167
             159             160             169             168
             160             161             170             169
             161             162             171             170
             163             164             173             172
             164             165             174             173
             165             166             175             174
             166             167             176             175
             167             168             177             176
             168             169             178             177
             169             170             179             178
             170             171             180             179
             172             173             182             181
             173             174             183             182
             174             175             184             183
             175             176             185             184
             176             177             186             185
             177             178             187             186
             178             179             188             187
             179             180             189             188
             181             182             191             190
             182             183             192             191
             183             184             193             192
             184             185             194             193
             185             186             195             194
             186             187             196             195
             187             188             197             196
             188             189             198             197
             190             191             200             199
             191             192             201             200
             192             193             202             201
             193             194             203             202
             194             195             204             203
             195             196             205             204
             196             197             206             205
             197             198             207             206
             199             200             209             208
             200             201             210             209
             201             202             211             210
             202             203             212             211
             203             204             213             212
             204             205             214             213
             205             206             215             214
             206             207             216             215
             208             209             218             217
             209             210             219             218
             210             211             220             219
             211             212             221             220
             212             213             222             221
             213             214             223             222
             214             215             224             223
             215             216             225             224
             217             218             227             226
             218             219             228             227
             219             220             229             228
             220             221             230             229
             221             222             231             230
             222             223             232             231
             223             224             233             232
             224             225             234             233
             226             227             236             235
             227             228             237             236
             228             229             238             237
             229             230             239             238
             230             231             240             239
             231             232             241             240
             232             233             242             241
             233             234             243             242
             235             236             245             244
             236             237             246             245
             237             238             247             246
             238             239             248             247
             239             240             249             248
             240             241             250             249
             241             242             251             250
             242             243             252             251
          0          0          0          0
