                    2          0
             1               2.2022772               0.8531667              -6.6705184
             2               2.2022772               0.8531667              -5.8367038
             3               2.2022772               0.8531667              -5.0028887
             4               2.2022772               0.8531667              -4.1690741
             5               2.2022772               0.8531667              -3.3352592
             6               2.2022772               0.8531667              -2.5014443
             7               2.2022772               0.8531667              -1.6676297
             8               2.2022772               0.8531667              -0.8338146
             9               2.2022772               0.8531667               0.0000000
            10               2.3617618               0.0000000              -6.6705184
            11               2.3617618               0.0000000              -5.8367038
            12               2.3617618               0.0000000              -5.0028887
            13               2.3617618               0.0000000              -4.1690741
            14               2.3617618               0.0000000              -3.3352592
            15               2.3617618               0.0000000              -2.5014443
            16               2.3617618               0.0000000              -1.6676297
            17               2.3617618               0.0000000              -0.8338146
            18               2.3617618               0.0000000               0.0000000
            19               1.7453630               1.5911086              -6.6705184
            20               1.7453630               1.5911086              -5.8367038
            21               1.7453630               1.5911086              -5.0028887
            22               1.7453630               1.5911086              -4.1690741
            23               1.7453630               1.5911086              -3.3352592
            24               1.7453630               1.5911086              -2.5014443
            25               1.7453630               1.5911086              -1.6676297
            26               1.7453630               1.5911086              -0.8338146
            27               1.7453630               1.5911086               0.0000000
            28               2.2022772               0.8531667              -6.6705184
            29               2.2022772               0.8531667              -5.8367038
            30               2.2022772               0.8531667              -5.0028887
            31               2.2022772               0.8531667              -4.1690741
            32               2.2022772               0.8531667              -3.3352592
            33               2.2022772               0.8531667              -2.5014443
            34               2.2022772               0.8531667              -1.6676297
            35               2.2022772               0.8531667              -0.8338146
            36               2.2022772               0.8531667               0.0000000
            37               1.0527278               2.1141624              -6.6705184
            38               1.0527278               2.1141624              -5.8367038
            39               1.0527278               2.1141624              -5.0028887
            40               1.0527278               2.1141624              -4.1690741
            41               1.0527278               2.1141624              -3.3352592
            42               1.0527278               2.1141624              -2.5014443
            43               1.0527278               2.1141624              -1.6676297
            44               1.0527278               2.1141624              -0.8338146
            45               1.0527278               2.1141624               0.0000000
            46               1.7453630               1.5911086              -6.6705184
            47               1.7453630               1.5911086              -5.8367038
            48               1.7453630               1.5911086              -5.0028887
            49               1.7453630               1.5911086              -4.1690741
            50               1.7453630               1.5911086              -3.3352592
            51               1.7453630               1.5911086              -2.5014443
            52               1.7453630               1.5911086              -1.6676297
            53               1.7453630               1.5911086              -0.8338146
            54               1.7453630               1.5911086               0.0000000
            55               0.2179159               2.3516870              -6.6705184
            56               0.2179159               2.3516870              -5.8367038
            57               0.2179159               2.3516870              -5.0028887
            58               0.2179159               2.3516870              -4.1690741
            59               0.2179159               2.3516870              -3.3352592
            60               0.2179159               2.3516870              -2.5014443
            61               0.2179159               2.3516870              -1.6676297
            62               0.2179159               2.3516870              -0.8338146
            63               0.2179159               2.3516870               0.0000000
            64               1.0527278               2.1141624              -6.6705184
            65               1.0527278               2.1141624              -5.8367038
            66               1.0527278               2.1141624              -5.0028887
            67               1.0527278               2.1141624              -4.1690741
            68               1.0527278               2.1141624              -3.3352592
            69               1.0527278               2.1141624              -2.5014443
            70               1.0527278               2.1141624              -1.6676297
            71               1.0527278               2.1141624              -0.8338146
            72               1.0527278               2.1141624               0.0000000
            73              -0.6463268               2.2716031              -6.6705184
            74              -0.6463268               2.2716031              -5.8367038
            75              -0.6463268               2.2716031              -5.0028887
            76              -0.6463268               2.2716031              -4.1690741
            77              -0.6463268               2.2716031              -3.3352592
            78              -0.6463268               2.2716031              -2.5014443
            79              -0.6463268               2.2716031              -1.6676297
            80              -0.6463268               2.2716031              -0.8338146
            81              -0.6463268               2.2716031               0.0000000
            82               0.2179159               2.3516870              -6.6705184
            83               0.2179159               2.3516870              -5.8367038
            84               0.2179159               2.3516870              -5.0028887
            85               0.2179159               2.3516870              -4.1690741
            86               0.2179159               2.3516870              -3.3352592
            87               0.2179159               2.3516870              -2.5014443
            88               0.2179159               2.3516870              -1.6676297
            89               0.2179159               2.3516870              -0.8338146
            90               0.2179159               2.3516870               0.0000000
            91              -1.4232794               1.8847266              -6.6705184
            92              -1.4232794               1.8847266              -5.8367038
            93              -1.4232794               1.8847266              -5.0028887
            94              -1.4232794               1.8847266              -4.1690741
            95              -1.4232794               1.8847266              -3.3352592
            96              -1.4232794               1.8847266              -2.5014443
            97              -1.4232794               1.8847266              -1.6676297
            98              -1.4232794               1.8847266              -0.8338146
            99              -1.4232794               1.8847266               0.0000000
           100              -0.6463268               2.2716031              -6.6705184
           101              -0.6463268               2.2716031              -5.8367038
           102              -0.6463268               2.2716031              -5.0028887
           103              -0.6463268               2.2716031              -4.1690741
           104              -0.6463268               2.2716031              -3.3352592
           105              -0.6463268               2.2716031              -2.5014443
           106              -0.6463268               2.2716031              -1.6676297
           107              -0.6463268               2.2716031              -0.8338146
           108              -0.6463268               2.2716031               0.0000000
           109              -2.0080104               1.2433074              -6.6705184
           110              -2.0080104               1.2433074              -5.8367038
           111              -2.0080104               1.2433074              -5.0028887
           112              -2.0080104               1.2433074              -4.1690741
           113              -2.0080104               1.2433074              -3.3352592
           114              -2.0080104               1.2433074              -2.5014443
           115              -2.0080104               1.2433074              -1.6676297
           116              -2.0080104               1.2433074              -0.8338146
           117              -2.0080104               1.2433074               0.0000000
           118              -1.4232794               1.8847266              -6.6705184
           119              -1.4232794               1.8847266              -5.8367038
           120              -1.4232794               1.8847266              -5.0028887
           121              -1.4232794               1.8847266              -4.1690741
           122              -1.4232794               1.8847266              -3.3352592
           123              -1.4232794               1.8847266              -2.5014443
           124              -1.4232794               1.8847266              -1.6676297
           125              -1.4232794               1.8847266              -0.8338146
           126              -1.4232794               1.8847266               0.0000000
           127              -2.3215482               0.4339726              -6.6705184
           128              -2.3215482               0.4339726              -5.8367038
           129              -2.3215482               0.4339726              -5.0028887
           130              -2.3215482               0.4339726              -4.1690741
           131              -2.3215482               0.4339726              -3.3352592
           132              -2.3215482               0.4339726              -2.5014443
           133              -2.3215482               0.4339726              -1.6676297
           134              -2.3215482               0.4339726              -0.8338146
           135              -2.3215482               0.4339726               0.0000000
           136              -2.0080104               1.2433074              -6.6705184
           137              -2.0080104               1.2433074              -5.8367038
           138              -2.0080104               1.2433074              -5.0028887
           139              -2.0080104               1.2433074              -4.1690741
           140              -2.0080104               1.2433074              -3.3352592
           141              -2.0080104               1.2433074              -2.5014443
           142              -2.0080104               1.2433074              -1.6676297
           143              -2.0080104               1.2433074              -0.8338146
           144              -2.0080104               1.2433074               0.0000000
           145              -2.3215482              -0.4339726              -6.6705184
           146              -2.3215482              -0.4339726              -5.8367038
           147              -2.3215482              -0.4339726              -5.0028887
           148              -2.3215482              -0.4339726              -4.1690741
           149              -2.3215482              -0.4339726              -3.3352592
           150              -2.3215482              -0.4339726              -2.5014443
           151              -2.3215482              -0.4339726              -1.6676297
           152              -2.3215482              -0.4339726              -0.8338146
           153              -2.3215482              -0.4339726               0.0000000
           154              -2.3215482               0.4339726              -6.6705184
           155              -2.3215482               0.4339726              -5.8367038
           156              -2.3215482               0.4339726              -5.0028887
           157              -2.3215482               0.4339726              -4.1690741
           158              -2.3215482               0.4339726              -3.3352592
           159              -2.3215482               0.4339726              -2.5014443
           160              -2.3215482               0.4339726              -1.6676297
           161              -2.3215482               0.4339726              -0.8338146
           162              -2.3215482               0.4339726               0.0000000
           163              -2.0080104              -1.2433074              -6.6705184
           164              -2.0080104              -1.2433074              -5.8367038
           165              -2.0080104              -1.2433074              -5.0028887
           166              -2.0080104              -1.2433074              -4.1690741
           167              -2.0080104              -1.2433074              -3.3352592
           168              -2.0080104              -1.2433074              -2.5014443
           169              -2.0080104              -1.2433074              -1.6676297
           170              -2.0080104              -1.2433074              -0.8338146
           171              -2.0080104              -1.2433074               0.0000000
           172              -2.3215482              -0.4339726              -6.6705184
           173              -2.3215482              -0.4339726              -5.8367038
           174              -2.3215482              -0.4339726              -5.0028887
           175              -2.3215482              -0.4339726              -4.1690741
           176              -2.3215482              -0.4339726              -3.3352592
           177              -2.3215482              -0.4339726              -2.5014443
           178              -2.3215482              -0.4339726              -1.6676297
           179              -2.3215482              -0.4339726              -0.8338146
           180              -2.3215482              -0.4339726               0.0000000
           181              -1.4232794              -1.8847266              -6.6705184
           182              -1.4232794              -1.8847266              -5.8367038
           183              -1.4232794              -1.8847266              -5.0028887
           184              -1.4232794              -1.8847266              -4.1690741
           185              -1.4232794              -1.8847266              -3.3352592
           186              -1.4232794              -1.8847266              -2.5014443
           187              -1.4232794              -1.8847266              -1.6676297
           188              -1.4232794              -1.8847266              -0.8338146
           189              -1.4232794              -1.8847266               0.0000000
           190              -2.0080104              -1.2433074              -6.6705184
           191              -2.0080104              -1.2433074              -5.8367038
           192              -2.0080104              -1.2433074              -5.0028887
           193              -2.0080104              -1.2433074              -4.1690741
           194              -2.0080104              -1.2433074              -3.3352592
           195              -2.0080104              -1.2433074              -2.5014443
           196              -2.0080104              -1.2433074              -1.6676297
           197              -2.0080104              -1.2433074              -0.8338146
           198              -2.0080104              -1.2433074               0.0000000
           199              -0.6463268              -2.2716031              -6.6705184
           200              -0.6463268              -2.2716031              -5.8367038
           201              -0.6463268              -2.2716031              -5.0028887
           202              -0.6463268              -2.2716031              -4.1690741
           203              -0.6463268              -2.2716031              -3.3352592
           204              -0.6463268              -2.2716031              -2.5014443
           205              -0.6463268              -2.2716031              -1.6676297
           206              -0.6463268              -2.2716031              -0.8338146
           207              -0.6463268              -2.2716031               0.0000000
           208              -1.4232794              -1.8847266              -6.6705184
           209              -1.4232794              -1.8847266              -5.8367038
           210              -1.4232794              -1.8847266              -5.0028887
           211              -1.4232794              -1.8847266              -4.1690741
           212              -1.4232794              -1.8847266              -3.3352592
           213              -1.4232794              -1.8847266              -2.5014443
           214              -1.4232794              -1.8847266              -1.6676297
           215              -1.4232794              -1.8847266              -0.8338146
           216              -1.4232794              -1.8847266               0.0000000
           217               0.2179159              -2.3516870              -6.6705184
           218               0.2179159              -2.3516870              -5.8367038
           219               0.2179159              -2.3516870              -5.0028887
           220               0.2179159              -2.3516870              -4.1690741
           221               0.2179159              -2.3516870              -3.3352592
           222               0.2179159              -2.3516870              -2.5014443
           223               0.2179159              -2.3516870              -1.6676297
           224               0.2179159              -2.3516870              -0.8338146
           225               0.2179159              -2.3516870               0.0000000
           226              -0.6463268              -2.2716031              -6.6705184
           227              -0.6463268              -2.2716031              -5.8367038
           228              -0.6463268              -2.2716031              -5.0028887
           229              -0.6463268              -2.2716031              -4.1690741
           230              -0.6463268              -2.2716031              -3.3352592
           231              -0.6463268              -2.2716031              -2.5014443
           232              -0.6463268              -2.2716031              -1.6676297
           233              -0.6463268              -2.2716031              -0.8338146
           234              -0.6463268              -2.2716031               0.0000000
           235               1.0527278              -2.1141624              -6.6705184
           236               1.0527278              -2.1141624              -5.8367038
           237               1.0527278              -2.1141624              -5.0028887
           238               1.0527278              -2.1141624              -4.1690741
           239               1.0527278              -2.1141624              -3.3352592
           240               1.0527278              -2.1141624              -2.5014443
           241               1.0527278              -2.1141624              -1.6676297
           242               1.0527278              -2.1141624              -0.8338146
           243               1.0527278              -2.1141624               0.0000000
           244               0.2179159              -2.3516870              -6.6705184
           245               0.2179159              -2.3516870              -5.8367038
           246               0.2179159              -2.3516870              -5.0028887
           247               0.2179159              -2.3516870              -4.1690741
           248               0.2179159              -2.3516870              -3.3352592
           249               0.2179159              -2.3516870              -2.5014443
           250               0.2179159              -2.3516870              -1.6676297
           251               0.2179159              -2.3516870              -0.8338146
           252               0.2179159              -2.3516870               0.0000000
           253               1.7453630              -1.5911086              -6.6705184
           254               1.7453630              -1.5911086              -5.8367038
           255               1.7453630              -1.5911086              -5.0028887
           256               1.7453630              -1.5911086              -4.1690741
           257               1.7453630              -1.5911086              -3.3352592
           258               1.7453630              -1.5911086              -2.5014443
           259               1.7453630              -1.5911086              -1.6676297
           260               1.7453630              -1.5911086              -0.8338146
           261               1.7453630              -1.5911086               0.0000000
           262               1.0527278              -2.1141624              -6.6705184
           263               1.0527278              -2.1141624              -5.8367038
           264               1.0527278              -2.1141624              -5.0028887
           265               1.0527278              -2.1141624              -4.1690741
           266               1.0527278              -2.1141624              -3.3352592
           267               1.0527278              -2.1141624              -2.5014443
           268               1.0527278              -2.1141624              -1.6676297
           269               1.0527278              -2.1141624              -0.8338146
           270               1.0527278              -2.1141624               0.0000000
           271               2.2022772              -0.8531667              -6.6705184
           272               2.2022772              -0.8531667              -5.8367038
           273               2.2022772              -0.8531667              -5.0028887
           274               2.2022772              -0.8531667              -4.1690741
           275               2.2022772              -0.8531667              -3.3352592
           276               2.2022772              -0.8531667              -2.5014443
           277               2.2022772              -0.8531667              -1.6676297
           278               2.2022772              -0.8531667              -0.8338146
           279               2.2022772              -0.8531667               0.0000000
           280               1.7453630              -1.5911086              -6.6705184
           281               1.7453630              -1.5911086              -5.8367038
           282               1.7453630              -1.5911086              -5.0028887
           283               1.7453630              -1.5911086              -4.1690741
           284               1.7453630              -1.5911086              -3.3352592
           285               1.7453630              -1.5911086              -2.5014443
           286               1.7453630              -1.5911086              -1.6676297
           287               1.7453630              -1.5911086              -0.8338146
           288               1.7453630              -1.5911086               0.0000000
           289               2.3617618               0.0000000              -6.6705184
           290               2.3617618               0.0000000              -5.8367038
           291               2.3617618               0.0000000              -5.0028887
           292               2.3617618               0.0000000              -4.1690741
           293               2.3617618               0.0000000              -3.3352592
           294               2.3617618               0.0000000              -2.5014443
           295               2.3617618               0.0000000              -1.6676297
           296               2.3617618               0.0000000              -0.8338146
           297               2.3617618               0.0000000               0.0000000
           298               2.2022772              -0.8531667              -6.6705184
           299               2.2022772              -0.8531667              -5.8367038
           300               2.2022772              -0.8531667              -5.0028887
           301               2.2022772              -0.8531667              -4.1690741
           302               2.2022772              -0.8531667              -3.3352592
           303               2.2022772              -0.8531667              -2.5014443
           304               2.2022772              -0.8531667              -1.6676297
           305               2.2022772              -0.8531667              -0.8338146
           306               2.2022772              -0.8531667               0.0000000
           307               0.0000000               0.0000000              -6.6705184
           308               0.0000000               0.0000000              -6.6705184
           309               0.7872539               0.0000000              -6.6705184
           310               0.7340924               0.2843889              -6.6705184
           311               1.5745078               0.0000000              -6.6705184
           312               1.4681848               0.5687778              -6.6705184
           313               2.3617618               0.0000000              -6.6705184
           314               2.2022772               0.8531668              -6.6705184
           315               0.0000000               0.0000000              -6.6705184
           316               0.0000000               0.0000000              -6.6705184
           317               0.7340924               0.2843889              -6.6705184
           318               0.5817876               0.5303695              -6.6705184
           319               1.4681848               0.5687778              -6.6705184
           320               1.1635753               1.0607390              -6.6705184
           321               2.2022772               0.8531668              -6.6705184
           322               1.7453629               1.5911087              -6.6705184
           323               0.0000000               0.0000000              -6.6705184
           324               0.0000000               0.0000000              -6.6705184
           325               0.5817876               0.5303695              -6.6705184
           326               0.3509093               0.7047208              -6.6705184
           327               1.1635753               1.0607390              -6.6705184
           328               0.7018185               1.4094416              -6.6705184
           329               1.7453629               1.5911087              -6.6705184
           330               1.0527278               2.1141624              -6.6705184
           331               0.0000000               0.0000000              -6.6705184
           332               0.0000000               0.0000000              -6.6705184
           333               0.3509093               0.7047208              -6.6705184
           334               0.0726386               0.7838957              -6.6705184
           335               0.7018185               1.4094416              -6.6705184
           336               0.1452773               1.5677913              -6.6705184
           337               1.0527278               2.1141624              -6.6705184
           338               0.2179159               2.3516870              -6.6705184
           339               0.0000000               0.0000000              -6.6705184
           340               0.0000000               0.0000000              -6.6705184
           341               0.0726386               0.7838957              -6.6705184
           342              -0.2154422               0.7572010              -6.6705184
           343               0.1452773               1.5677913              -6.6705184
           344              -0.4308845               1.5144020              -6.6705184
           345               0.2179159               2.3516870              -6.6705184
           346              -0.6463268               2.2716031              -6.6705184
           347               0.0000000               0.0000000              -6.6705184
           348               0.0000000               0.0000000              -6.6705184
           349              -0.2154423               0.7572010              -6.6705184
           350              -0.4744264               0.6282422              -6.6705184
           351              -0.4308845               1.5144020              -6.6705184
           352              -0.9488529               1.2564844              -6.6705184
           353              -0.6463268               2.2716031              -6.6705184
           354              -1.4232794               1.8847266              -6.6705184
           355               0.0000000               0.0000000              -6.6705184
           356               0.0000000               0.0000000              -6.6705184
           357              -0.4744265               0.6282422              -6.6705184
           358              -0.6693368               0.4144358              -6.6705184
           359              -0.9488530               1.2564844              -6.6705184
           360              -1.3386736               0.8288715              -6.6705184
           361              -1.4232794               1.8847266              -6.6705184
           362              -2.0080104               1.2433074              -6.6705184
           363               0.0000000               0.0000000              -6.6705184
           364               0.0000000               0.0000000              -6.6705184
           365              -0.6693368               0.4144358              -6.6705184
           366              -0.7738494               0.1446575              -6.6705184
           367              -1.3386736               0.8288715              -6.6705184
           368              -1.5476989               0.2893150              -6.6705184
           369              -2.0080104               1.2433074              -6.6705184
           370              -2.3215482               0.4339726              -6.6705184
           371               0.0000000               0.0000000              -6.6705184
           372               0.0000000               0.0000000              -6.6705184
           373              -0.7738494               0.1446575              -6.6705184
           374              -0.7738494              -0.1446575              -6.6705184
           375              -1.5476989               0.2893151              -6.6705184
           376              -1.5476989              -0.2893151              -6.6705184
           377              -2.3215482               0.4339726              -6.6705184
           378              -2.3215482              -0.4339726              -6.6705184
           379               0.0000000               0.0000000              -6.6705184
           380               0.0000000               0.0000000              -6.6705184
           381              -0.7738494              -0.1446575              -6.6705184
           382              -0.6693368              -0.4144358              -6.6705184
           383              -1.5476989              -0.2893151              -6.6705184
           384              -1.3386736              -0.8288716              -6.6705184
           385              -2.3215482              -0.4339726              -6.6705184
           386              -2.0080104              -1.2433074              -6.6705184
           387               0.0000000               0.0000000              -6.6705184
           388               0.0000000               0.0000000              -6.6705184
           389              -0.6693368              -0.4144358              -6.6705184
           390              -0.4744265              -0.6282422              -6.6705184
           391              -1.3386736              -0.8288715              -6.6705184
           392              -0.9488530              -1.2564844              -6.6705184
           393              -2.0080104              -1.2433074              -6.6705184
           394              -1.4232794              -1.8847266              -6.6705184
           395               0.0000000               0.0000000              -6.6705184
           396               0.0000000               0.0000000              -6.6705184
           397              -0.4744265              -0.6282422              -6.6705184
           398              -0.2154423              -0.7572010              -6.6705184
           399              -0.9488530              -1.2564844              -6.6705184
           400              -0.4308845              -1.5144020              -6.6705184
           401              -1.4232794              -1.8847266              -6.6705184
           402              -0.6463268              -2.2716031              -6.6705184
           403               0.0000000               0.0000000              -6.6705184
           404               0.0000000               0.0000000              -6.6705184
           405              -0.2154423              -0.7572010              -6.6705184
           406               0.0726386              -0.7838957              -6.6705184
           407              -0.4308845              -1.5144020              -6.6705184
           408               0.1452772              -1.5677913              -6.6705184
           409              -0.6463268              -2.2716031              -6.6705184
           410               0.2179159              -2.3516870              -6.6705184
           411               0.0000000               0.0000000              -6.6705184
           412               0.0000000               0.0000000              -6.6705184
           413               0.0726386              -0.7838957              -6.6705184
           414               0.3509093              -0.7047208              -6.6705184
           415               0.1452773              -1.5677913              -6.6705184
           416               0.7018185              -1.4094416              -6.6705184
           417               0.2179159              -2.3516870              -6.6705184
           418               1.0527278              -2.1141624              -6.6705184
           419               0.0000000               0.0000000              -6.6705184
           420               0.0000000               0.0000000              -6.6705184
           421               0.3509093              -0.7047208              -6.6705184
           422               0.5817876              -0.5303695              -6.6705184
           423               0.7018185              -1.4094416              -6.6705184
           424               1.1635753              -1.0607390              -6.6705184
           425               1.0527278              -2.1141624              -6.6705184
           426               1.7453629              -1.5911087              -6.6705184
           427               0.0000000               0.0000000              -6.6705184
           428               0.0000000               0.0000000              -6.6705184
           429               0.5817876              -0.5303695              -6.6705184
           430               0.7340924              -0.2843889              -6.6705184
           431               1.1635753              -1.0607390              -6.6705184
           432               1.4681848              -0.5687778              -6.6705184
           433               1.7453629              -1.5911087              -6.6705184
           434               2.2022772              -0.8531668              -6.6705184
           435               0.0000000               0.0000000              -6.6705184
           436               0.0000000               0.0000000              -6.6705184
           437               0.7340924              -0.2843889              -6.6705184
           438               0.7872539               0.0000000              -6.6705184
           439               1.4681848              -0.5687778              -6.6705184
           440               1.5745078               0.0000000              -6.6705184
           441               2.2022772              -0.8531668              -6.6705184
           442               2.3617618               0.0000000              -6.6705184
             0          0.00          0.00          0.00
               1               2              11              10
               2               3              12              11
               3               4              13              12
               4               5              14              13
               5               6              15              14
               6               7              16              15
               7               8              17              16
               8               9              18              17
              19              20              29              28
              20              21              30              29
              21              22              31              30
              22              23              32              31
              23              24              33              32
              24              25              34              33
              25              26              35              34
              26              27              36              35
              37              38              47              46
              38              39              48              47
              39              40              49              48
              40              41              50              49
              41              42              51              50
              42              43              52              51
              43              44              53              52
              44              45              54              53
              55              56              65              64
              56              57              66              65
              57              58              67              66
              58              59              68              67
              59              60              69              68
              60              61              70              69
              61              62              71              70
              62              63              72              71
              73              74              83              82
              74              75              84              83
              75              76              85              84
              76              77              86              85
              77              78              87              86
              78              79              88              87
              79              80              89              88
              80              81              90              89
              91              92             101             100
              92              93             102             101
              93              94             103             102
              94              95             104             103
              95              96             105             104
              96              97             106             105
              97              98             107             106
              98              99             108             107
             109             110             119             118
             110             111             120             119
             111             112             121             120
             112             113             122             121
             113             114             123             122
             114             115             124             123
             115             116             125             124
             116             117             126             125
             127             128             137             136
             128             129             138             137
             129             130             139             138
             130             131             140             139
             131             132             141             140
             132             133             142             141
             133             134             143             142
             134             135             144             143
             145             146             155             154
             146             147             156             155
             147             148             157             156
             148             149             158             157
             149             150             159             158
             150             151             160             159
             151             152             161             160
             152             153             162             161
             163             164             173             172
             164             165             174             173
             165             166             175             174
             166             167             176             175
             167             168             177             176
             168             169             178             177
             169             170             179             178
             170             171             180             179
             181             182             191             190
             182             183             192             191
             183             184             193             192
             184             185             194             193
             185             186             195             194
             186             187             196             195
             187             188             197             196
             188             189             198             197
             199             200             209             208
             200             201             210             209
             201             202             211             210
             202             203             212             211
             203             204             213             212
             204             205             214             213
             205             206             215             214
             206             207             216             215
             217             218             227             226
             218             219             228             227
             219             220             229             228
             220             221             230             229
             221             222             231             230
             222             223             232             231
             223             224             233             232
             224             225             234             233
             235             236             245             244
             236             237             246             245
             237             238             247             246
             238             239             248             247
             239             240             249             248
             240             241             250             249
             241             242             251             250
             242             243             252             251
             253             254             263             262
             254             255             264             263
             255             256             265             264
             256             257             266             265
             257             258             267             266
             258             259             268             267
             259             260             269             268
             260             261             270             269
             271             272             281             280
             272             273             282             281
             273             274             283             282
             274             275             284             283
             275             276             285             284
             276             277             286             285
             277             278             287             286
             278             279             288             287
             289             290             299             298
             290             291             300             299
             291             292             301             300
             292             293             302             301
             293             294             303             302
             294             295             304             303
             295             296             305             304
             296             297             306             305
             307             308             310             309
             309             310             312             311
             311             312             314             313
             315             316             318             317
             317             318             320             319
             319             320             322             321
             323             324             326             325
             325             326             328             327
             327             328             330             329
             331             332             334             333
             333             334             336             335
             335             336             338             337
             339             340             342             341
             341             342             344             343
             343             344             346             345
             347             348             350             349
             349             350             352             351
             351             352             354             353
             355             356             358             357
             357             358             360             359
             359             360             362             361
             363             364             366             365
             365             366             368             367
             367             368             370             369
             371             372             374             373
             373             374             376             375
             375             376             378             377
             379             380             382             381
             381             382             384             383
             383             384             386             385
             387             388             390             389
             389             390             392             391
             391             392             394             393
             395             396             398             397
             397             398             400             399
             399             400             402             401
             403             404             406             405
             405             406             408             407
             407             408             410             409
             411             412             414             413
             413             414             416             415
             415             416             418             417
             419             420             422             421
             421             422             424             423
             423             424             426             425
             427             428             430             429
             429             430             432             431
             431             432             434             433
             435             436             438             437
             437             438             440             439
             439             440             442             441
          0          0          0          0
