                    2          0
             1               3.9197230               1.5185088              -1.7411805
             2               4.0812006               1.5810654              -0.8705903
             3               4.2426777               1.6436220               0.0000000
             4               4.0616522               0.7592544              -1.7411805
             5               4.2289762               0.7905327              -0.8705903
             6               4.3963008               0.8218110               0.0000000
             7               4.2035818               0.0000000              -1.7411805
             8               4.3767529               0.0000000              -0.8705903
             9               4.5499239               0.0000000               0.0000000
            10               3.0000262               1.1622163              -3.2172821
            11               3.4598746               1.3403625              -2.4792314
            12               3.9197230               1.5185088              -1.7411805
            13               3.2172821               0.0000000              -3.2172821
            14               3.7104321               0.0000000              -2.4792314
            15               4.2035818               0.0000000              -1.7411805
            16               1.6236025               0.6289869              -4.2035818
            17               2.3118143               0.8956016              -3.7104321
            18               3.0000262               1.1622163              -3.2172821
            19               1.7411805               0.0000000              -4.2035818
            20               2.4792314               0.0000000              -3.7104321
            21               3.2172821               0.0000000              -3.2172821
            22               0.0000000               0.0000000              -4.5499239
            23               0.8118013               0.3144934              -4.3767529
            24               1.6236025               0.6289869              -4.2035818
            25               0.0000000               0.0000000              -4.5499239
            26               0.8705903               0.0000000              -4.3767529
            27               1.7411805               0.0000000              -4.2035818
            28               3.1064844               2.8319347              -1.7411805
            29               3.2344594               2.9485993              -0.8705903
            30               3.3624344               3.0652640               0.0000000
            31               3.5131037               2.1752217              -1.7411805
            32               3.6578298               2.2648325              -0.8705903
            33               3.8025560               2.3544431               0.0000000
            34               3.9197230               1.5185088              -1.7411805
            35               4.0812006               1.5810654              -0.8705903
            36               4.2426777               1.6436220               0.0000000
            37               2.3776002               2.1674688              -3.2172821
            38               2.7420423               2.4997017              -2.4792314
            39               3.1064844               2.8319347              -1.7411805
            40               3.0000262               1.1622163              -3.2172821
            41               3.4598746               1.3403625              -2.4792314
            42               3.9197230               1.5185088              -1.7411805
            43               1.2867479               1.1730257              -4.2035818
            44               1.8321741               1.6702473              -3.7104321
            45               2.3776002               2.1674688              -3.2172821
            46               1.6236025               0.6289869              -4.2035818
            47               2.3118143               0.8956016              -3.7104321
            48               3.0000262               1.1622163              -3.2172821
            49               0.0000000               0.0000000              -4.5499239
            50               0.6433740               0.5865129              -4.3767529
            51               1.2867479               1.1730257              -4.2035818
            52               0.0000000               0.0000000              -4.5499239
            53               0.8118013               0.3144934              -4.3767529
            54               1.6236025               0.6289869              -4.2035818
            55               1.8736975               3.7628920              -1.7411805
            56               1.9508866               3.9179087              -0.8705903
            57               2.0280757               4.0729251               0.0000000
            58               2.4900908               3.2974133              -1.7411805
            59               2.5926728               3.4332540              -0.8705903
            60               2.6952550               3.5690947               0.0000000
            61               3.1064844               2.8319347              -1.7411805
            62               3.2344594               2.9485993              -0.8705903
            63               3.3624344               3.0652640               0.0000000
            64               1.4340661               2.8799927              -3.2172821
            65               1.6538818               3.3214424              -2.4792314
            66               1.8736975               3.7628920              -1.7411805
            67               2.3776002               2.1674688              -3.2172821
            68               2.7420423               2.4997017              -2.4792314
            69               3.1064844               2.8319347              -1.7411805
            70               0.7761109               1.5586410              -4.2035818
            71               1.1050885               2.2193170              -3.7104321
            72               1.4340661               2.8799927              -3.2172821
            73               1.2867479               1.1730257              -4.2035818
            74               1.8321741               1.6702473              -3.7104321
            75               2.3776002               2.1674688              -3.2172821
            76               0.0000000               0.0000000              -4.5499239
            77               0.3880554               0.7793205              -4.3767529
            78               0.7761109               1.5586410              -4.2035818
            79               0.0000000               0.0000000              -4.5499239
            80               0.6433740               0.5865129              -4.3767529
            81               1.2867479               1.1730257              -4.2035818
            82               0.3878576               4.1856499              -1.7411805
            83               0.4038358               4.3580823              -0.8705903
            84               0.4198140               4.5305147               0.0000000
            85               1.1307776               3.9742708              -1.7411805
            86               1.1773612               4.1379952              -0.8705903
            87               1.2239449               4.3017197               0.0000000
            88               1.8736975               3.7628920              -1.7411805
            89               1.9508866               3.9179087              -0.8705903
            90               2.0280757               4.0729251               0.0000000
            91               0.2968533               3.2035577              -3.2172821
            92               0.3423554               3.6946039              -2.4792314
            93               0.3878576               4.1856499              -1.7411805
            94               1.4340661               2.8799927              -3.2172821
            95               1.6538818               3.3214424              -2.4792314
            96               1.8736975               3.7628920              -1.7411805
            97               0.1606559               1.7337528              -4.2035818
            98               0.2287546               2.4686553              -3.7104321
            99               0.2968533               3.2035577              -3.2172821
           100               0.7761109               1.5586410              -4.2035818
           101               1.1050885               2.2193170              -3.7104321
           102               1.4340661               2.8799927              -3.2172821
           103               0.0000000               0.0000000              -4.5499239
           104               0.0803280               0.8668764              -4.3767529
           105               0.1606559               1.7337528              -4.2035818
           106               0.0000000               0.0000000              -4.5499239
           107               0.3880554               0.7793205              -4.3767529
           108               0.7761109               1.5586410              -4.2035818
           109              -1.1503648               4.0431128              -1.7411805
           110              -1.1977553               4.2096729              -0.8705903
           111              -1.2451458               4.3762336               0.0000000
           112              -0.3812536               4.1143813              -1.7411805
           113              -0.3969598               4.2838774              -0.8705903
           114              -0.4126659               4.4533739               0.0000000
           115               0.3878576               4.1856499              -1.7411805
           116               0.4038358               4.3580823              -0.8705903
           117               0.4198140               4.5305147               0.0000000
           118              -0.8804510               3.0944643              -3.2172821
           119              -1.0154079               3.5687885              -2.4792314
           120              -1.1503648               4.0431128              -1.7411805
           121               0.2968532               3.2035577              -3.2172821
           122               0.3423554               3.6946039              -2.4792314
           123               0.3878576               4.1856499              -1.7411805
           124              -0.4764967               1.6747121              -4.2035818
           125              -0.6784738               2.3845882              -3.7104321
           126              -0.8804510               3.0944643              -3.2172821
           127               0.1606559               1.7337528              -4.2035818
           128               0.2287546               2.4686553              -3.7104321
           129               0.2968532               3.2035577              -3.2172821
           130               0.0000000               0.0000000              -4.5499239
           131              -0.2382483               0.8373560              -4.3767529
           132              -0.4764967               1.6747121              -4.2035818
           133               0.0000000               0.0000000              -4.5499239
           134               0.0803280               0.8668764              -4.3767529
           135               0.1606559               1.7337528              -4.2035818
           136              -2.5332239               3.3545306              -1.7411805
           137              -2.6375828               3.4927242              -0.8705903
           138              -2.7419417               3.6309178               0.0000000
           139              -1.8417943               3.6988215              -1.7411805
           140              -1.9176691               3.8511987              -0.8705903
           141              -1.9935437               4.0035758               0.0000000
           142              -1.1503648               4.0431128              -1.7411805
           143              -1.1977553               4.2096729              -0.8705903
           144              -1.2451458               4.3762336               0.0000000
           145              -1.9388456               2.5674465              -3.2172821
           146              -2.2360349               2.9609885              -2.4792314
           147              -2.5332239               3.3545306              -1.7411805
           148              -0.8804510               3.0944643              -3.2172821
           149              -1.0154078               3.5687885              -2.4792314
           150              -1.1503648               4.0431128              -1.7411805
           151              -1.0492957               1.3894920              -4.2035818
           152              -1.4940706               1.9784693              -3.7104321
           153              -1.9388456               2.5674465              -3.2172821
           154              -0.4764967               1.6747121              -4.2035818
           155              -0.6784738               2.3845882              -3.7104321
           156              -0.8804510               3.0944643              -3.2172821
           157               0.0000000               0.0000000              -4.5499239
           158              -0.5246478               0.6947460              -4.3767529
           159              -1.0492957               1.3894920              -4.2035818
           160               0.0000000               0.0000000              -4.5499239
           161              -0.2382483               0.8373560              -4.3767529
           162              -0.4764967               1.6747121              -4.2035818
           163              -3.5739572               2.2129004              -1.7411805
           164              -3.7211902               2.3040633              -0.8705903
           165              -3.8684232               2.3952262               0.0000000
           166              -3.0535905               2.7837155              -1.7411805
           167              -3.1793866               2.8983936              -0.8705903
           168              -3.3051825               3.0130720               0.0000000
           169              -2.5332239               3.3545306              -1.7411805
           170              -2.6375828               3.4927242              -0.8705903
           171              -2.7419417               3.6309178               0.0000000
           172              -2.7353883               1.6936808              -3.2172821
           173              -3.1546726               1.9532906              -2.4792314
           174              -3.5739572               2.2129004              -1.7411805
           175              -1.9388456               2.5674465              -3.2172821
           176              -2.2360349               2.9609885              -2.4792314
           177              -2.5332239               3.3545306              -1.7411805
           178              -1.4803815               0.9166134              -4.2035818
           179              -2.1078849               1.3051471              -3.7104321
           180              -2.7353883               1.6936808              -3.2172821
           181              -1.0492957               1.3894920              -4.2035818
           182              -1.4940706               1.9784693              -3.7104321
           183              -1.9388456               2.5674465              -3.2172821
           184               0.0000000               0.0000000              -4.5499239
           185              -0.7401907               0.4583067              -4.3767529
           186              -1.4803815               0.9166134              -4.2035818
           187               0.0000000               0.0000000              -4.5499239
           188              -0.5246478               0.6947460              -4.3767529
           189              -1.0492957               1.3894920              -4.2035818
           190              -4.1320076               0.7724061              -1.7411805
           191              -4.3022299               0.8042262              -0.8705903
           192              -4.4724526               0.8360463               0.0000000
           193              -3.8529825               1.4926533              -1.7411805
           194              -4.0117102               1.5541449              -0.8705903
           195              -4.1704378               1.6156363               0.0000000
           196              -3.5739572               2.2129004              -1.7411805
           197              -3.7211902               2.3040633              -0.8705903
           198              -3.8684232               2.3952262               0.0000000
           199              -3.1625018               0.5911740              -3.2172821
           200              -3.6472547               0.6817901              -2.4792314
           201              -4.1320076               0.7724061              -1.7411805
           202              -2.7353883               1.6936808              -3.2172821
           203              -3.1546726               1.9532906              -2.4792314
           204              -3.5739572               2.2129004              -1.7411805
           205              -1.7115335               0.3199411              -4.2035818
           206              -2.4370177               0.4555576              -3.7104321
           207              -3.1625018               0.5911740              -3.2172821
           208              -1.4803815               0.9166134              -4.2035818
           209              -2.1078849               1.3051471              -3.7104321
           210              -2.7353883               1.6936808              -3.2172821
           211               0.0000000               0.0000000              -4.5499239
           212              -0.8557668               0.1599706              -4.3767529
           213              -1.7115335               0.3199411              -4.2035818
           214               0.0000000               0.0000000              -4.5499239
           215              -0.7401907               0.4583067              -4.3767529
           216              -1.4803815               0.9166134              -4.2035818
           217              -4.1320076              -0.7724061              -1.7411805
           218              -4.3022299              -0.8042262              -0.8705903
           219              -4.4724526              -0.8360463               0.0000000
           220              -4.1320076               0.0000000              -1.7411805
           221              -4.3022299               0.0000000              -0.8705903
           222              -4.4724526               0.0000000               0.0000000
           223              -4.1320076               0.7724061              -1.7411805
           224              -4.3022299               0.8042262              -0.8705903
           225              -4.4724526               0.8360463               0.0000000
           226              -3.1625018              -0.5911740              -3.2172821
           227              -3.6472547              -0.6817901              -2.4792314
           228              -4.1320076              -0.7724061              -1.7411805
           229              -3.1625018               0.5911740              -3.2172821
           230              -3.6472547               0.6817901              -2.4792314
           231              -4.1320076               0.7724061              -1.7411805
           232              -1.7115335              -0.3199411              -4.2035818
           233              -2.4370177              -0.4555576              -3.7104321
           234              -3.1625018              -0.5911740              -3.2172821
           235              -1.7115335               0.3199411              -4.2035818
           236              -2.4370177               0.4555576              -3.7104321
           237              -3.1625018               0.5911740              -3.2172821
           238               0.0000000               0.0000000              -4.5499239
           239              -0.8557668              -0.1599706              -4.3767529
           240              -1.7115335              -0.3199411              -4.2035818
           241               0.0000000               0.0000000              -4.5499239
           242              -0.8557668               0.1599706              -4.3767529
           243              -1.7115335               0.3199411              -4.2035818
           244              -3.5739572              -2.2129004              -1.7411805
           245              -3.7211902              -2.3040633              -0.8705903
           246              -3.8684232              -2.3952262               0.0000000
           247              -3.8529825              -1.4926533              -1.7411805
           248              -4.0117102              -1.5541447              -0.8705903
           249              -4.1704378              -1.6156362               0.0000000
           250              -4.1320076              -0.7724061              -1.7411805
           251              -4.3022299              -0.8042262              -0.8705903
           252              -4.4724526              -0.8360462               0.0000000
           253              -2.7353883              -1.6936808              -3.2172821
           254              -3.1546726              -1.9532906              -2.4792314
           255              -3.5739572              -2.2129004              -1.7411805
           256              -3.1625018              -0.5911740              -3.2172821
           257              -3.6472547              -0.6817901              -2.4792314
           258              -4.1320076              -0.7724061              -1.7411805
           259              -1.4803815              -0.9166134              -4.2035818
           260              -2.1078849              -1.3051471              -3.7104321
           261              -2.7353883              -1.6936808              -3.2172821
           262              -1.7115335              -0.3199411              -4.2035818
           263              -2.4370177              -0.4555576              -3.7104321
           264              -3.1625018              -0.5911740              -3.2172821
           265               0.0000000               0.0000000              -4.5499239
           266              -0.7401907              -0.4583067              -4.3767529
           267              -1.4803815              -0.9166134              -4.2035818
           268               0.0000000               0.0000000              -4.5499239
           269              -0.8557668              -0.1599706              -4.3767529
           270              -1.7115335              -0.3199411              -4.2035818
           271              -2.5332239              -3.3545306              -1.7411805
           272              -2.6375828              -3.4927242              -0.8705903
           273              -2.7419417              -3.6309178               0.0000000
           274              -3.0535905              -2.7837155              -1.7411805
           275              -3.1793866              -2.8983936              -0.8705903
           276              -3.3051825              -3.0130720               0.0000000
           277              -3.5739572              -2.2129004              -1.7411805
           278              -3.7211902              -2.3040633              -0.8705903
           279              -3.8684232              -2.3952262               0.0000000
           280              -1.9388456              -2.5674465              -3.2172821
           281              -2.2360349              -2.9609885              -2.4792314
           282              -2.5332239              -3.3545306              -1.7411805
           283              -2.7353883              -1.6936808              -3.2172821
           284              -3.1546726              -1.9532906              -2.4792314
           285              -3.5739572              -2.2129004              -1.7411805
           286              -1.0492957              -1.3894920              -4.2035818
           287              -1.4940706              -1.9784693              -3.7104321
           288              -1.9388456              -2.5674465              -3.2172821
           289              -1.4803815              -0.9166134              -4.2035818
           290              -2.1078849              -1.3051471              -3.7104321
           291              -2.7353883              -1.6936808              -3.2172821
           292               0.0000000               0.0000000              -4.5499239
           293              -0.5246478              -0.6947460              -4.3767529
           294              -1.0492957              -1.3894920              -4.2035818
           295               0.0000000               0.0000000              -4.5499239
           296              -0.7401907              -0.4583067              -4.3767529
           297              -1.4803815              -0.9166134              -4.2035818
           298              -1.1503648              -4.0431128              -1.7411805
           299              -1.1977553              -4.2096729              -0.8705903
           300              -1.2451458              -4.3762336               0.0000000
           301              -1.8417943              -3.6988215              -1.7411805
           302              -1.9176691              -3.8511987              -0.8705903
           303              -1.9935437              -4.0035758               0.0000000
           304              -2.5332239              -3.3545306              -1.7411805
           305              -2.6375828              -3.4927242              -0.8705903
           306              -2.7419417              -3.6309178               0.0000000
           307              -0.8804510              -3.0944643              -3.2172821
           308              -1.0154079              -3.5687885              -2.4792314
           309              -1.1503648              -4.0431128              -1.7411805
           310              -1.9388456              -2.5674465              -3.2172821
           311              -2.2360349              -2.9609885              -2.4792314
           312              -2.5332239              -3.3545306              -1.7411805
           313              -0.4764967              -1.6747121              -4.2035818
           314              -0.6784738              -2.3845882              -3.7104321
           315              -0.8804510              -3.0944643              -3.2172821
           316              -1.0492957              -1.3894920              -4.2035818
           317              -1.4940706              -1.9784693              -3.7104321
           318              -1.9388456              -2.5674465              -3.2172821
           319               0.0000000               0.0000000              -4.5499239
           320              -0.2382483              -0.8373560              -4.3767529
           321              -0.4764967              -1.6747121              -4.2035818
           322               0.0000000               0.0000000              -4.5499239
           323              -0.5246478              -0.6947460              -4.3767529
           324              -1.0492957              -1.3894920              -4.2035818
           325               0.3878576              -4.1856499              -1.7411805
           326               0.4038358              -4.3580823              -0.8705903
           327               0.4198140              -4.5305147               0.0000000
           328              -0.3812536              -4.1143813              -1.7411805
           329              -0.3969597              -4.2838774              -0.8705903
           330              -0.4126659              -4.4533739               0.0000000
           331              -1.1503648              -4.0431128              -1.7411805
           332              -1.1977553              -4.2096729              -0.8705903
           333              -1.2451458              -4.3762336               0.0000000
           334               0.2968533              -3.2035577              -3.2172821
           335               0.3423554              -3.6946039              -2.4792314
           336               0.3878576              -4.1856499              -1.7411805
           337              -0.8804510              -3.0944643              -3.2172821
           338              -1.0154078              -3.5687885              -2.4792314
           339              -1.1503648              -4.0431128              -1.7411805
           340               0.1606559              -1.7337528              -4.2035818
           341               0.2287546              -2.4686553              -3.7104321
           342               0.2968533              -3.2035577              -3.2172821
           343              -0.4764967              -1.6747121              -4.2035818
           344              -0.6784738              -2.3845882              -3.7104321
           345              -0.8804510              -3.0944643              -3.2172821
           346               0.0000000               0.0000000              -4.5499239
           347               0.0803280              -0.8668764              -4.3767529
           348               0.1606559              -1.7337528              -4.2035818
           349               0.0000000               0.0000000              -4.5499239
           350              -0.2382483              -0.8373560              -4.3767529
           351              -0.4764967              -1.6747121              -4.2035818
           352               1.8736975              -3.7628920              -1.7411805
           353               1.9508866              -3.9179087              -0.8705903
           354               2.0280757              -4.0729251               0.0000000
           355               1.1307776              -3.9742708              -1.7411805
           356               1.1773612              -4.1379952              -0.8705903
           357               1.2239449              -4.3017197               0.0000000
           358               0.3878576              -4.1856499              -1.7411805
           359               0.4038358              -4.3580823              -0.8705903
           360               0.4198140              -4.5305147               0.0000000
           361               1.4340661              -2.8799927              -3.2172821
           362               1.6538818              -3.3214424              -2.4792314
           363               1.8736975              -3.7628920              -1.7411805
           364               0.2968533              -3.2035577              -3.2172821
           365               0.3423554              -3.6946039              -2.4792314
           366               0.3878576              -4.1856499              -1.7411805
           367               0.7761109              -1.5586410              -4.2035818
           368               1.1050885              -2.2193170              -3.7104321
           369               1.4340661              -2.8799927              -3.2172821
           370               0.1606559              -1.7337528              -4.2035818
           371               0.2287546              -2.4686553              -3.7104321
           372               0.2968533              -3.2035577              -3.2172821
           373               0.0000000               0.0000000              -4.5499239
           374               0.3880554              -0.7793205              -4.3767529
           375               0.7761109              -1.5586410              -4.2035818
           376               0.0000000               0.0000000              -4.5499239
           377               0.0803280              -0.8668764              -4.3767529
           378               0.1606559              -1.7337528              -4.2035818
           379               3.1064844              -2.8319347              -1.7411805
           380               3.2344594              -2.9485993              -0.8705903
           381               3.3624344              -3.0652640               0.0000000
           382               2.4900908              -3.2974133              -1.7411805
           383               2.5926728              -3.4332540              -0.8705903
           384               2.6952550              -3.5690947               0.0000000
           385               1.8736975              -3.7628920              -1.7411805
           386               1.9508866              -3.9179087              -0.8705903
           387               2.0280757              -4.0729251               0.0000000
           388               2.3776002              -2.1674688              -3.2172821
           389               2.7420423              -2.4997017              -2.4792314
           390               3.1064844              -2.8319347              -1.7411805
           391               1.4340661              -2.8799927              -3.2172821
           392               1.6538818              -3.3214424              -2.4792314
           393               1.8736975              -3.7628920              -1.7411805
           394               1.2867479              -1.1730257              -4.2035818
           395               1.8321741              -1.6702473              -3.7104321
           396               2.3776002              -2.1674688              -3.2172821
           397               0.7761109              -1.5586410              -4.2035818
           398               1.1050885              -2.2193170              -3.7104321
           399               1.4340661              -2.8799927              -3.2172821
           400               0.0000000               0.0000000              -4.5499239
           401               0.6433740              -0.5865129              -4.3767529
           402               1.2867479              -1.1730257              -4.2035818
           403               0.0000000               0.0000000              -4.5499239
           404               0.3880554              -0.7793205              -4.3767529
           405               0.7761109              -1.5586410              -4.2035818
           406               3.9197230              -1.5185088              -1.7411805
           407               4.0812006              -1.5810654              -0.8705903
           408               4.2426777              -1.6436220               0.0000000
           409               3.5131037              -2.1752217              -1.7411805
           410               3.6578298              -2.2648325              -0.8705903
           411               3.8025560              -2.3544431               0.0000000
           412               3.1064844              -2.8319347              -1.7411805
           413               3.2344594              -2.9485993              -0.8705903
           414               3.3624344              -3.0652640               0.0000000
           415               3.0000262              -1.1622163              -3.2172821
           416               3.4598746              -1.3403625              -2.4792314
           417               3.9197230              -1.5185088              -1.7411805
           418               2.3776002              -2.1674688              -3.2172821
           419               2.7420423              -2.4997017              -2.4792314
           420               3.1064844              -2.8319347              -1.7411805
           421               1.6236025              -0.6289869              -4.2035818
           422               2.3118143              -0.8956016              -3.7104321
           423               3.0000262              -1.1622163              -3.2172821
           424               1.2867479              -1.1730257              -4.2035818
           425               1.8321741              -1.6702473              -3.7104321
           426               2.3776002              -2.1674688              -3.2172821
           427               0.0000000               0.0000000              -4.5499239
           428               0.8118013              -0.3144934              -4.3767529
           429               1.6236025              -0.6289869              -4.2035818
           430               0.0000000               0.0000000              -4.5499239
           431               0.6433740              -0.5865129              -4.3767529
           432               1.2867479              -1.1730257              -4.2035818
           433               4.2035818               0.0000000              -1.7411805
           434               4.3767529               0.0000000              -0.8705903
           435               4.5499239               0.0000000               0.0000000
           436               4.0616522              -0.7592544              -1.7411805
           437               4.2289762              -0.7905327              -0.8705903
           438               4.3963008              -0.8218110               0.0000000
           439               3.9197230              -1.5185088              -1.7411805
           440               4.0812006              -1.5810654              -0.8705903
           441               4.2426777              -1.6436220               0.0000000
           442               3.2172821               0.0000000              -3.2172821
           443               3.7104321               0.0000000              -2.4792314
           444               4.2035818               0.0000000              -1.7411805
           445               3.0000262              -1.1622163              -3.2172821
           446               3.4598746              -1.3403625              -2.4792314
           447               3.9197230              -1.5185088              -1.7411805
           448               1.7411805               0.0000000              -4.2035818
           449               2.4792314               0.0000000              -3.7104321
           450               3.2172821               0.0000000              -3.2172821
           451               1.6236025              -0.6289869              -4.2035818
           452               2.3118143              -0.8956016              -3.7104321
           453               3.0000262              -1.1622163              -3.2172821
           454               0.0000000               0.0000000              -4.5499239
           455               0.8705903               0.0000000              -4.3767529
           456               1.7411805               0.0000000              -4.2035818
           457               0.0000000               0.0000000              -4.5499239
           458               0.8118013              -0.3144934              -4.3767529
           459               1.6236025              -0.6289869              -4.2035818
             0          0.00          0.00          0.00
               1               2               5               4
               2               3               6               5
               4               5               8               7
               5               6               9               8
              10              11              14              13
              11              12              15              14
              16              17              20              19
              17              18              21              20
              22              23              26              25
              23              24              27              26
              28              29              32              31
              29              30              33              32
              31              32              35              34
              32              33              36              35
              37              38              41              40
              38              39              42              41
              43              44              47              46
              44              45              48              47
              49              50              53              52
              50              51              54              53
              55              56              59              58
              56              57              60              59
              58              59              62              61
              59              60              63              62
              64              65              68              67
              65              66              69              68
              70              71              74              73
              71              72              75              74
              76              77              80              79
              77              78              81              80
              82              83              86              85
              83              84              87              86
              85              86              89              88
              86              87              90              89
              91              92              95              94
              92              93              96              95
              97              98             101             100
              98              99             102             101
             103             104             107             106
             104             105             108             107
             109             110             113             112
             110             111             114             113
             112             113             116             115
             113             114             117             116
             118             119             122             121
             119             120             123             122
             124             125             128             127
             125             126             129             128
             130             131             134             133
             131             132             135             134
             136             137             140             139
             137             138             141             140
             139             140             143             142
             140             141             144             143
             145             146             149             148
             146             147             150             149
             151             152             155             154
             152             153             156             155
             157             158             161             160
             158             159             162             161
             163             164             167             166
             164             165             168             167
             166             167             170             169
             167             168             171             170
             172             173             176             175
             173             174             177             176
             178             179             182             181
             179             180             183             182
             184             185             188             187
             185             186             189             188
             190             191             194             193
             191             192             195             194
             193             194             197             196
             194             195             198             197
             199             200             203             202
             200             201             204             203
             205             206             209             208
             206             207             210             209
             211             212             215             214
             212             213             216             215
             217             218             221             220
             218             219             222             221
             220             221             224             223
             221             222             225             224
             226             227             230             229
             227             228             231             230
             232             233             236             235
             233             234             237             236
             238             239             242             241
             239             240             243             242
             244             245             248             247
             245             246             249             248
             247             248             251             250
             248             249             252             251
             253             254             257             256
             254             255             258             257
             259             260             263             262
             260             261             264             263
             265             266             269             268
             266             267             270             269
             271             272             275             274
             272             273             276             275
             274             275             278             277
             275             276             279             278
             280             281             284             283
             281             282             285             284
             286             287             290             289
             287             288             291             290
             292             293             296             295
             293             294             297             296
             298             299             302             301
             299             300             303             302
             301             302             305             304
             302             303             306             305
             307             308             311             310
             308             309             312             311
             313             314             317             316
             314             315             318             317
             319             320             323             322
             320             321             324             323
             325             326             329             328
             326             327             330             329
             328             329             332             331
             329             330             333             332
             334             335             338             337
             335             336             339             338
             340             341             344             343
             341             342             345             344
             346             347             350             349
             347             348             351             350
             352             353             356             355
             353             354             357             356
             355             356             359             358
             356             357             360             359
             361             362             365             364
             362             363             366             365
             367             368             371             370
             368             369             372             371
             373             374             377             376
             374             375             378             377
             379             380             383             382
             380             381             384             383
             382             383             386             385
             383             384             387             386
             388             389             392             391
             389             390             393             392
             394             395             398             397
             395             396             399             398
             400             401             404             403
             401             402             405             404
             406             407             410             409
             407             408             411             410
             409             410             413             412
             410             411             414             413
             415             416             419             418
             416             417             420             419
             421             422             425             424
             422             423             426             425
             427             428             431             430
             428             429             432             431
             433             434             437             436
             434             435             438             437
             436             437             440             439
             437             438             441             440
             442             443             446             445
             443             444             447             446
             448             449             452             451
             449             450             453             452
             454             455             458             457
             455             456             459             458
          0          0          0          0
