                    2          0
             1               0.0000000               0.0000000              -8.2156000
             2               0.1858951               0.0720161              -7.4687271
             3               0.3717902               0.1440323              -6.7218547
             4               0.5576853               0.2160484              -5.9749818
             5               0.7435804               0.2880645              -5.2281094
             6               0.9294754               0.3600807              -4.4812365
             7               1.1153706               0.4320968              -3.7343636
             8               1.3012657               0.5041130              -2.9874907
             9               1.4871608               0.5761291              -2.2406182
            10               1.6730558               0.6481453              -1.4937453
            11               1.8589509               0.7201614              -0.7468729
            12               2.0448461               0.7921774               0.0000000
            13               0.0000000               0.0000000              -8.2156000
            14               0.1993572               0.0000000              -7.4687271
            15               0.3987145               0.0000000              -6.7218547
            16               0.5980717               0.0000000              -5.9749818
            17               0.7974289               0.0000000              -5.2281094
            18               0.9967861               0.0000000              -4.4812365
            19               1.1961434               0.0000000              -3.7343636
            20               1.3955007               0.0000000              -2.9874907
            21               1.5948578               0.0000000              -2.2406182
            22               1.7942151               0.0000000              -1.4937453
            23               1.9935722               0.0000000              -0.7468729
            24               2.1929295               0.0000000               0.0000000
            25               0.0000000               0.0000000              -8.2156000
            26               0.1473268               0.1343061              -7.4687271
            27               0.2946535               0.2686122              -6.7218547
            28               0.4419803               0.4029183              -5.9749818
            29               0.5893071               0.5372244              -5.2281094
            30               0.7366338               0.6715305              -4.4812365
            31               0.8839607               0.8058366              -3.7343636
            32               1.0312874               0.9401426              -2.9874907
            33               1.1786141               1.0744487              -2.2406182
            34               1.3259410               1.2087549              -1.4937453
            35               1.4732677               1.3430610              -0.7468729
            36               1.6205945               1.4773670               0.0000000
            37               0.0000000               0.0000000              -8.2156000
            38               0.1858951               0.0720161              -7.4687271
            39               0.3717902               0.1440323              -6.7218547
            40               0.5576853               0.2160484              -5.9749818
            41               0.7435804               0.2880645              -5.2281094
            42               0.9294754               0.3600807              -4.4812365
            43               1.1153706               0.4320968              -3.7343636
            44               1.3012657               0.5041130              -2.9874907
            45               1.4871608               0.5761291              -2.2406182
            46               1.6730558               0.6481453              -1.4937453
            47               1.8589509               0.7201614              -0.7468729
            48               2.0448461               0.7921774               0.0000000
            49               0.0000000               0.0000000              -8.2156000
            50               0.0888612               0.1784573              -7.4687271
            51               0.1777223               0.3569146              -6.7218547
            52               0.2665835               0.5353718              -5.9749818
            53               0.3554446               0.7138291              -5.2281094
            54               0.4443058               0.8922864              -4.4812365
            55               0.5331669               1.0707437              -3.7343636
            56               0.6220281               1.2492009              -2.9874907
            57               0.7108893               1.4276582              -2.2406182
            58               0.7997504               1.6061155              -1.4937453
            59               0.8886116               1.7845727              -0.7468729
            60               0.9774728               1.9630300               0.0000000
            61               0.0000000               0.0000000              -8.2156000
            62               0.1473268               0.1343061              -7.4687271
            63               0.2946535               0.2686122              -6.7218547
            64               0.4419803               0.4029183              -5.9749818
            65               0.5893071               0.5372244              -5.2281094
            66               0.7366338               0.6715305              -4.4812365
            67               0.8839607               0.8058366              -3.7343636
            68               1.0312874               0.9401426              -2.9874907
            69               1.1786141               1.0744487              -2.2406182
            70               1.3259410               1.2087549              -1.4937453
            71               1.4732677               1.3430610              -0.7468729
            72               1.6205945               1.4773670               0.0000000
            73               0.0000000               0.0000000              -8.2156000
            74               0.0183944               0.1985068              -7.4687271
            75               0.0367887               0.3970136              -6.7218547
            76               0.0551831               0.5955204              -5.9749818
            77               0.0735775               0.7940273              -5.2281094
            78               0.0919718               0.9925340              -4.4812365
            79               0.1103662               1.1910409              -3.7343636
            80               0.1287605               1.3895477              -2.9874907
            81               0.1471549               1.5880545              -2.2406182
            82               0.1655493               1.7865613              -1.4937453
            83               0.1839436               1.9850681              -0.7468729
            84               0.2023380               2.1835749               0.0000000
            85               0.0000000               0.0000000              -8.2156000
            86               0.0888612               0.1784573              -7.4687271
            87               0.1777223               0.3569146              -6.7218547
            88               0.2665835               0.5353718              -5.9749818
            89               0.3554446               0.7138291              -5.2281094
            90               0.4443058               0.8922864              -4.4812365
            91               0.5331669               1.0707437              -3.7343636
            92               0.6220281               1.2492009              -2.9874907
            93               0.7108893               1.4276582              -2.2406182
            94               0.7997504               1.6061155              -1.4937453
            95               0.8886116               1.7845727              -0.7468729
            96               0.9774728               1.9630300               0.0000000
            97               0.0000000               0.0000000              -8.2156000
            98              -0.0545567               0.1917469              -7.4687271
            99              -0.1091134               0.3834938              -6.7218547
           100              -0.1636701               0.5752407              -5.9749818
           101              -0.2182268               0.7669876              -5.2281094
           102              -0.2727835               0.9587345              -4.4812365
           103              -0.3273402               1.1504815              -3.7343636
           104              -0.3818969               1.3422284              -2.9874907
           105              -0.4364536               1.5339752              -2.2406182
           106              -0.4910103               1.7257222              -1.4937453
           107              -0.5455670               1.9174690              -0.7468729
           108              -0.6001237               2.1092160               0.0000000
           109               0.0000000               0.0000000              -8.2156000
           110               0.0183944               0.1985068              -7.4687271
           111               0.0367887               0.3970136              -6.7218547
           112               0.0551831               0.5955204              -5.9749818
           113               0.0735774               0.7940273              -5.2281094
           114               0.0919718               0.9925340              -4.4812365
           115               0.1103662               1.1910409              -3.7343636
           116               0.1287605               1.3895477              -2.9874907
           117               0.1471549               1.5880545              -2.2406182
           118               0.1655493               1.7865613              -1.4937453
           119               0.1839436               1.9850681              -0.7468729
           120               0.2023380               2.1835749               0.0000000
           121               0.0000000               0.0000000              -8.2156000
           122              -0.1201396               0.1590905              -7.4687271
           123              -0.2402792               0.3181810              -6.7218547
           124              -0.3604187               0.4772715              -5.9749818
           125              -0.4805583               0.6363620              -5.2281094
           126              -0.6006979               0.7954525              -4.4812365
           127              -0.7208375               0.9545431              -3.7343636
           128              -0.8409771               1.1136336              -2.9874907
           129              -0.9611166               1.2727240              -2.2406182
           130              -1.0812562               1.4318146              -1.4937453
           131              -1.2013958               1.5909051              -0.7468729
           132              -1.3215353               1.7499957               0.0000000
           133               0.0000000               0.0000000              -8.2156000
           134              -0.0545567               0.1917469              -7.4687271
           135              -0.1091134               0.3834938              -6.7218547
           136              -0.1636701               0.5752407              -5.9749818
           137              -0.2182268               0.7669876              -5.2281094
           138              -0.2727835               0.9587345              -4.4812365
           139              -0.3273402               1.1504815              -3.7343636
           140              -0.3818969               1.3422284              -2.9874907
           141              -0.4364536               1.5339752              -2.2406182
           142              -0.4910103               1.7257222              -1.4937453
           143              -0.5455670               1.9174690              -0.7468729
           144              -0.6001237               2.1092160               0.0000000
           145               0.0000000               0.0000000              -8.2156000
           146              -0.1694969               0.1049481              -7.4687271
           147              -0.3389939               0.2098961              -6.7218547
           148              -0.5084908               0.3148442              -5.9749818
           149              -0.6779878               0.4197923              -5.2281094
           150              -0.8474846               0.5247403              -4.4812365
           151              -1.0169816               0.6296884              -3.7343636
           152              -1.1864785               0.7346365              -2.9874907
           153              -1.3559755               0.8395845              -2.2406182
           154              -1.5254725               0.9445326              -1.4937453
           155              -1.6949693               1.0494806              -0.7468729
           156              -1.8644662               1.1544287               0.0000000
           157               0.0000000               0.0000000              -8.2156000
           158              -0.1201396               0.1590905              -7.4687271
           159              -0.2402792               0.3181810              -6.7218547
           160              -0.3604187               0.4772715              -5.9749818
           161              -0.4805583               0.6363620              -5.2281094
           162              -0.6006979               0.7954525              -4.4812365
           163              -0.7208375               0.9545431              -3.7343636
           164              -0.8409771               1.1136336              -2.9874907
           165              -0.9611166               1.2727240              -2.2406182
           166              -1.0812562               1.4318146              -1.4937453
           167              -1.2013958               1.5909051              -0.7468729
           168              -1.3215353               1.7499957               0.0000000
           169               0.0000000               0.0000000              -8.2156000
           170              -0.1959628               0.0366318              -7.4687271
           171              -0.3919256               0.0732636              -6.7218547
           172              -0.5878884               0.1098954              -5.9749818
           173              -0.7838512               0.1465272              -5.2281094
           174              -0.9798140               0.1831590              -4.4812365
           175              -1.1757767               0.2197908              -3.7343636
           176              -1.3717395               0.2564226              -2.9874907
           177              -1.5677024               0.2930544              -2.2406182
           178              -1.7636651               0.3296862              -1.4937453
           179              -1.9596280               0.3663180              -0.7468729
           180              -2.1555908               0.4029498               0.0000000
           181               0.0000000               0.0000000              -8.2156000
           182              -0.1694969               0.1049481              -7.4687271
           183              -0.3389939               0.2098961              -6.7218547
           184              -0.5084908               0.3148442              -5.9749818
           185              -0.6779878               0.4197923              -5.2281094
           186              -0.8474846               0.5247403              -4.4812365
           187              -1.0169816               0.6296884              -3.7343636
           188              -1.1864785               0.7346365              -2.9874907
           189              -1.3559755               0.8395845              -2.2406182
           190              -1.5254725               0.9445326              -1.4937453
           191              -1.6949693               1.0494806              -0.7468729
           192              -1.8644662               1.1544287               0.0000000
           193               0.0000000               0.0000000              -8.2156000
           194              -0.1959628              -0.0366318              -7.4687271
           195              -0.3919256              -0.0732636              -6.7218547
           196              -0.5878884              -0.1098954              -5.9749818
           197              -0.7838512              -0.1465272              -5.2281094
           198              -0.9798140              -0.1831590              -4.4812365
           199              -1.1757767              -0.2197908              -3.7343636
           200              -1.3717395              -0.2564226              -2.9874907
           201              -1.5677024              -0.2930544              -2.2406182
           202              -1.7636651              -0.3296862              -1.4937453
           203              -1.9596280              -0.3663180              -0.7468729
           204              -2.1555908              -0.4029498               0.0000000
           205               0.0000000               0.0000000              -8.2156000
           206              -0.1959628               0.0366318              -7.4687271
           207              -0.3919256               0.0732636              -6.7218547
           208              -0.5878884               0.1098954              -5.9749818
           209              -0.7838512               0.1465272              -5.2281094
           210              -0.9798140               0.1831590              -4.4812365
           211              -1.1757767               0.2197908              -3.7343636
           212              -1.3717395               0.2564226              -2.9874907
           213              -1.5677024               0.2930544              -2.2406182
           214              -1.7636651               0.3296862              -1.4937453
           215              -1.9596280               0.3663180              -0.7468729
           216              -2.1555908               0.4029498               0.0000000
           217               0.0000000               0.0000000              -8.2156000
           218              -0.1694969              -0.1049481              -7.4687271
           219              -0.3389939              -0.2098961              -6.7218547
           220              -0.5084908              -0.3148442              -5.9749818
           221              -0.6779878              -0.4197923              -5.2281094
           222              -0.8474846              -0.5247403              -4.4812365
           223              -1.0169816              -0.6296884              -3.7343636
           224              -1.1864785              -0.7346365              -2.9874907
           225              -1.3559755              -0.8395845              -2.2406182
           226              -1.5254725              -0.9445326              -1.4937453
           227              -1.6949693              -1.0494806              -0.7468729
           228              -1.8644662              -1.1544287               0.0000000
           229               0.0000000               0.0000000              -8.2156000
           230              -0.1959628              -0.0366318              -7.4687271
           231              -0.3919256              -0.0732636              -6.7218547
           232              -0.5878884              -0.1098954              -5.9749818
           233              -0.7838512              -0.1465272              -5.2281094
           234              -0.9798140              -0.1831590              -4.4812365
           235              -1.1757767              -0.2197908              -3.7343636
           236              -1.3717395              -0.2564226              -2.9874907
           237              -1.5677024              -0.2930544              -2.2406182
           238              -1.7636651              -0.3296862              -1.4937453
           239              -1.9596280              -0.3663180              -0.7468729
           240              -2.1555908              -0.4029498               0.0000000
           241               0.0000000               0.0000000              -8.2156000
           242              -0.1201396              -0.1590905              -7.4687271
           243              -0.2402792              -0.3181810              -6.7218547
           244              -0.3604187              -0.4772715              -5.9749818
           245              -0.4805583              -0.6363620              -5.2281094
           246              -0.6006979              -0.7954525              -4.4812365
           247              -0.7208375              -0.9545431              -3.7343636
           248              -0.8409771              -1.1136336              -2.9874907
           249              -0.9611166              -1.2727240              -2.2406182
           250              -1.0812562              -1.4318146              -1.4937453
           251              -1.2013958              -1.5909051              -0.7468729
           252              -1.3215353              -1.7499957               0.0000000
           253               0.0000000               0.0000000              -8.2156000
           254              -0.1694969              -0.1049481              -7.4687271
           255              -0.3389939              -0.2098961              -6.7218547
           256              -0.5084908              -0.3148442              -5.9749818
           257              -0.6779878              -0.4197923              -5.2281094
           258              -0.8474846              -0.5247403              -4.4812365
           259              -1.0169816              -0.6296884              -3.7343636
           260              -1.1864785              -0.7346365              -2.9874907
           261              -1.3559755              -0.8395845              -2.2406182
           262              -1.5254725              -0.9445326              -1.4937453
           263              -1.6949693              -1.0494806              -0.7468729
           264              -1.8644662              -1.1544287               0.0000000
           265               0.0000000               0.0000000              -8.2156000
           266              -0.0545567              -0.1917469              -7.4687271
           267              -0.1091134              -0.3834938              -6.7218547
           268              -0.1636701              -0.5752407              -5.9749818
           269              -0.2182268              -0.7669876              -5.2281094
           270              -0.2727835              -0.9587345              -4.4812365
           271              -0.3273402              -1.1504815              -3.7343636
           272              -0.3818969              -1.3422284              -2.9874907
           273              -0.4364536              -1.5339752              -2.2406182
           274              -0.4910103              -1.7257222              -1.4937453
           275              -0.5455670              -1.9174690              -0.7468729
           276              -0.6001237              -2.1092160               0.0000000
           277               0.0000000               0.0000000              -8.2156000
           278              -0.1201396              -0.1590905              -7.4687271
           279              -0.2402792              -0.3181810              -6.7218547
           280              -0.3604187              -0.4772715              -5.9749818
           281              -0.4805583              -0.6363620              -5.2281094
           282              -0.6006979              -0.7954525              -4.4812365
           283              -0.7208375              -0.9545431              -3.7343636
           284              -0.8409771              -1.1136336              -2.9874907
           285              -0.9611166              -1.2727240              -2.2406182
           286              -1.0812562              -1.4318146              -1.4937453
           287              -1.2013958              -1.5909051              -0.7468729
           288              -1.3215353              -1.7499957               0.0000000
           289               0.0000000               0.0000000              -8.2156000
           290               0.0183944              -0.1985068              -7.4687271
           291               0.0367887              -0.3970136              -6.7218547
           292               0.0551831              -0.5955204              -5.9749818
           293               0.0735775              -0.7940273              -5.2281094
           294               0.0919718              -0.9925340              -4.4812365
           295               0.1103662              -1.1910409              -3.7343636
           296               0.1287605              -1.3895477              -2.9874907
           297               0.1471549              -1.5880545              -2.2406182
           298               0.1655493              -1.7865613              -1.4937453
           299               0.1839436              -1.9850681              -0.7468729
           300               0.2023380              -2.1835749               0.0000000
           301               0.0000000               0.0000000              -8.2156000
           302              -0.0545567              -0.1917469              -7.4687271
           303              -0.1091134              -0.3834938              -6.7218547
           304              -0.1636701              -0.5752407              -5.9749818
           305              -0.2182268              -0.7669876              -5.2281094
           306              -0.2727835              -0.9587345              -4.4812365
           307              -0.3273402              -1.1504815              -3.7343636
           308              -0.3818969              -1.3422284              -2.9874907
           309              -0.4364536              -1.5339752              -2.2406182
           310              -0.4910103              -1.7257222              -1.4937453
           311              -0.5455670              -1.9174690              -0.7468729
           312              -0.6001237              -2.1092160               0.0000000
           313               0.0000000               0.0000000              -8.2156000
           314               0.0888612              -0.1784573              -7.4687271
           315               0.1777223              -0.3569146              -6.7218547
           316               0.2665835              -0.5353718              -5.9749818
           317               0.3554446              -0.7138291              -5.2281094
           318               0.4443058              -0.8922864              -4.4812365
           319               0.5331669              -1.0707437              -3.7343636
           320               0.6220281              -1.2492009              -2.9874907
           321               0.7108893              -1.4276582              -2.2406182
           322               0.7997504              -1.6061155              -1.4937453
           323               0.8886116              -1.7845727              -0.7468729
           324               0.9774728              -1.9630300               0.0000000
           325               0.0000000               0.0000000              -8.2156000
           326               0.0183944              -0.1985068              -7.4687271
           327               0.0367887              -0.3970136              -6.7218547
           328               0.0551831              -0.5955204              -5.9749818
           329               0.0735774              -0.7940273              -5.2281094
           330               0.0919718              -0.9925340              -4.4812365
           331               0.1103662              -1.1910409              -3.7343636
           332               0.1287605              -1.3895477              -2.9874907
           333               0.1471549              -1.5880545              -2.2406182
           334               0.1655493              -1.7865613              -1.4937453
           335               0.1839436              -1.9850681              -0.7468729
           336               0.2023380              -2.1835749               0.0000000
           337               0.0000000               0.0000000              -8.2156000
           338               0.1473268              -0.1343061              -7.4687271
           339               0.2946535              -0.2686122              -6.7218547
           340               0.4419803              -0.4029183              -5.9749818
           341               0.5893071              -0.5372244              -5.2281094
           342               0.7366338              -0.6715305              -4.4812365
           343               0.8839607              -0.8058366              -3.7343636
           344               1.0312874              -0.9401426              -2.9874907
           345               1.1786141              -1.0744487              -2.2406182
           346               1.3259410              -1.2087549              -1.4937453
           347               1.4732677              -1.3430610              -0.7468729
           348               1.6205945              -1.4773670               0.0000000
           349               0.0000000               0.0000000              -8.2156000
           350               0.0888612              -0.1784573              -7.4687271
           351               0.1777223              -0.3569146              -6.7218547
           352               0.2665835              -0.5353718              -5.9749818
           353               0.3554446              -0.7138291              -5.2281094
           354               0.4443058              -0.8922864              -4.4812365
           355               0.5331669              -1.0707437              -3.7343636
           356               0.6220281              -1.2492009              -2.9874907
           357               0.7108893              -1.4276582              -2.2406182
           358               0.7997504              -1.6061155              -1.4937453
           359               0.8886116              -1.7845727              -0.7468729
           360               0.9774728              -1.9630300               0.0000000
           361               0.0000000               0.0000000              -8.2156000
           362               0.1858951              -0.0720161              -7.4687271
           363               0.3717902              -0.1440323              -6.7218547
           364               0.5576853              -0.2160484              -5.9749818
           365               0.7435804              -0.2880645              -5.2281094
           366               0.9294754              -0.3600807              -4.4812365
           367               1.1153706              -0.4320968              -3.7343636
           368               1.3012657              -0.5041130              -2.9874907
           369               1.4871608              -0.5761291              -2.2406182
           370               1.6730558              -0.6481453              -1.4937453
           371               1.8589509              -0.7201614              -0.7468729
           372               2.0448461              -0.7921774               0.0000000
           373               0.0000000               0.0000000              -8.2156000
           374               0.1473268              -0.1343061              -7.4687271
           375               0.2946535              -0.2686122              -6.7218547
           376               0.4419803              -0.4029183              -5.9749818
           377               0.5893071              -0.5372244              -5.2281094
           378               0.7366338              -0.6715305              -4.4812365
           379               0.8839607              -0.8058366              -3.7343636
           380               1.0312874              -0.9401426              -2.9874907
           381               1.1786141              -1.0744487              -2.2406182
           382               1.3259410              -1.2087549              -1.4937453
           383               1.4732677              -1.3430610              -0.7468729
           384               1.6205945              -1.4773670               0.0000000
           385               0.0000000               0.0000000              -8.2156000
           386               0.1993572               0.0000000              -7.4687271
           387               0.3987145               0.0000000              -6.7218547
           388               0.5980717               0.0000000              -5.9749818
           389               0.7974289               0.0000000              -5.2281094
           390               0.9967861               0.0000000              -4.4812365
           391               1.1961434               0.0000000              -3.7343636
           392               1.3955007               0.0000000              -2.9874907
           393               1.5948578               0.0000000              -2.2406182
           394               1.7942151               0.0000000              -1.4937453
           395               1.9935722               0.0000000              -0.7468729
           396               2.1929295               0.0000000               0.0000000
           397               0.0000000               0.0000000              -8.2156000
           398               0.1858951              -0.0720161              -7.4687271
           399               0.3717902              -0.1440323              -6.7218547
           400               0.5576853              -0.2160484              -5.9749818
           401               0.7435804              -0.2880645              -5.2281094
           402               0.9294754              -0.3600807              -4.4812365
           403               1.1153706              -0.4320968              -3.7343636
           404               1.3012657              -0.5041130              -2.9874907
           405               1.4871608              -0.5761291              -2.2406182
           406               1.6730558              -0.6481453              -1.4937453
           407               1.8589509              -0.7201614              -0.7468729
           408               2.0448461              -0.7921774               0.0000000
             0          0.00          0.00          0.00
               1               2              14              13
               2               3              15              14
               3               4              16              15
               4               5              17              16
               5               6              18              17
               6               7              19              18
               7               8              20              19
               8               9              21              20
               9              10              22              21
              10              11              23              22
              11              12              24              23
              25              26              38              37
              26              27              39              38
              27              28              40              39
              28              29              41              40
              29              30              42              41
              30              31              43              42
              31              32              44              43
              32              33              45              44
              33              34              46              45
              34              35              47              46
              35              36              48              47
              49              50              62              61
              50              51              63              62
              51              52              64              63
              52              53              65              64
              53              54              66              65
              54              55              67              66
              55              56              68              67
              56              57              69              68
              57              58              70              69
              58              59              71              70
              59              60              72              71
              73              74              86              85
              74              75              87              86
              75              76              88              87
              76              77              89              88
              77              78              90              89
              78              79              91              90
              79              80              92              91
              80              81              93              92
              81              82              94              93
              82              83              95              94
              83              84              96              95
              97              98             110             109
              98              99             111             110
              99             100             112             111
             100             101             113             112
             101             102             114             113
             102             103             115             114
             103             104             116             115
             104             105             117             116
             105             106             118             117
             106             107             119             118
             107             108             120             119
             121             122             134             133
             122             123             135             134
             123             124             136             135
             124             125             137             136
             125             126             138             137
             126             127             139             138
             127             128             140             139
             128             129             141             140
             129             130             142             141
             130             131             143             142
             131             132             144             143
             145             146             158             157
             146             147             159             158
             147             148             160             159
             148             149             161             160
             149             150             162             161
             150             151             163             162
             151             152             164             163
             152             153             165             164
             153             154             166             165
             154             155             167             166
             155             156             168             167
             169             170             182             181
             170             171             183             182
             171             172             184             183
             172             173             185             184
             173             174             186             185
             174             175             187             186
             175             176             188             187
             176             177             189             188
             177             178             190             189
             178             179             191             190
             179             180             192             191
             193             194             206             205
             194             195             207             206
             195             196             208             207
             196             197             209             208
             197             198             210             209
             198             199             211             210
             199             200             212             211
             200             201             213             212
             201             202             214             213
             202             203             215             214
             203             204             216             215
             217             218             230             229
             218             219             231             230
             219             220             232             231
             220             221             233             232
             221             222             234             233
             222             223             235             234
             223             224             236             235
             224             225             237             236
             225             226             238             237
             226             227             239             238
             227             228             240             239
             241             242             254             253
             242             243             255             254
             243             244             256             255
             244             245             257             256
             245             246             258             257
             246             247             259             258
             247             248             260             259
             248             249             261             260
             249             250             262             261
             250             251             263             262
             251             252             264             263
             265             266             278             277
             266             267             279             278
             267             268             280             279
             268             269             281             280
             269             270             282             281
             270             271             283             282
             271             272             284             283
             272             273             285             284
             273             274             286             285
             274             275             287             286
             275             276             288             287
             289             290             302             301
             290             291             303             302
             291             292             304             303
             292             293             305             304
             293             294             306             305
             294             295             307             306
             295             296             308             307
             296             297             309             308
             297             298             310             309
             298             299             311             310
             299             300             312             311
             313             314             326             325
             314             315             327             326
             315             316             328             327
             316             317             329             328
             317             318             330             329
             318             319             331             330
             319             320             332             331
             320             321             333             332
             321             322             334             333
             322             323             335             334
             323             324             336             335
             337             338             350             349
             338             339             351             350
             339             340             352             351
             340             341             353             352
             341             342             354             353
             342             343             355             354
             343             344             356             355
             344             345             357             356
             345             346             358             357
             346             347             359             358
             347             348             360             359
             361             362             374             373
             362             363             375             374
             363             364             376             375
             364             365             377             376
             365             366             378             377
             366             367             379             378
             367             368             380             379
             368             369             381             380
             369             370             382             381
             370             371             383             382
             371             372             384             383
             385             386             398             397
             386             387             399             398
             387             388             400             399
             388             389             401             400
             389             390             402             401
             390             391             403             402
             391             392             404             403
             392             393             405             404
             393             394             406             405
             394             395             407             406
             395             396             408             407
          0          0          0          0
