                    2          0
             1               0.0000000               3.3463395              -7.1801586
             2              -0.2738379               3.3463395              -6.4621429
             3              -0.5476757               3.3463395              -5.7441268
             4              -0.8215135               3.3463395              -5.0261111
             5              -1.0953515               3.3463395              -4.3080950
             6              -1.3691893               3.3463395              -3.5900791
             7              -1.6430271               3.3463395              -2.8720636
             8              -1.9168650               3.3463395              -2.1540480
             9              -2.1907029               3.3463395              -1.4360318
            10              -2.4645407               3.3463395              -0.7180157
            11              -2.7383785               3.3463395               0.0000005
            12               0.0000000               3.3463395              -7.1801586
            13               0.2738379               3.3463395              -6.4621429
            14               0.5476757               3.3463395              -5.7441268
            15               0.8215135               3.3463395              -5.0261111
            16               1.0953515               3.3463395              -4.3080950
            17               1.3691893               3.3463395              -3.5900791
            18               1.6430271               3.3463395              -2.8720636
            19               1.9168650               3.3463395              -2.1540480
            20               2.1907029               3.3463395              -1.4360318
            21               2.4645407               3.3463395              -0.7180157
            22               2.7383785               3.3463395               0.0000005
            23               0.0000000               3.3463395              -7.1801586
            24               0.2738379               3.3463395              -6.4621429
            25               0.5476757               3.3463395              -5.7441268
            26               0.8215135               3.3463395              -5.0261111
            27               1.0953515               3.3463395              -4.3080950
            28               1.3691893               3.3463395              -3.5900791
            29               1.6430271               3.3463395              -2.8720636
            30               1.9168650               3.3463395              -2.1540480
            31               2.1907029               3.3463395              -1.4360318
            32               2.4645407               3.3463395              -0.7180157
            33               2.7383785               3.3463395               0.0000005
            34               0.0000000               2.5097547              -7.1801586
            35               0.2738379               2.5097547              -6.4621429
            36               0.5476757               2.5097547              -5.7441268
            37               0.8215135               2.5097547              -5.0261111
            38               1.0953515               2.5097547              -4.3080950
            39               1.3691893               2.5097547              -3.5900791
            40               1.6430271               2.5097547              -2.8720636
            41               1.9168650               2.5097547              -2.1540480
            42               2.1907029               2.5097547              -1.4360318
            43               2.4645407               2.5097547              -0.7180157
            44               2.7383785               2.5097547               0.0000005
            45               0.0000000               1.6731697              -7.1801586
            46               0.2738379               1.6731697              -6.4621429
            47               0.5476757               1.6731697              -5.7441268
            48               0.8215135               1.6731697              -5.0261111
            49               1.0953515               1.6731697              -4.3080950
            50               1.3691893               1.6731697              -3.5900791
            51               1.6430271               1.6731697              -2.8720636
            52               1.9168650               1.6731697              -2.1540480
            53               2.1907029               1.6731697              -1.4360318
            54               2.4645407               1.6731697              -0.7180157
            55               2.7383785               1.6731697               0.0000005
            56               0.0000000               0.8365848              -7.1801586
            57               0.2738379               0.8365848              -6.4621429
            58               0.5476757               0.8365848              -5.7441268
            59               0.8215135               0.8365848              -5.0261111
            60               1.0953515               0.8365848              -4.3080950
            61               1.3691893               0.8365848              -3.5900791
            62               1.6430271               0.8365848              -2.8720636
            63               1.9168650               0.8365848              -2.1540480
            64               2.1907029               0.8365848              -1.4360318
            65               2.4645407               0.8365848              -0.7180157
            66               2.7383785               0.8365848               0.0000005
            67               0.0000000               0.0000000              -7.1801586
            68               0.2738379               0.0000000              -6.4621429
            69               0.5476757               0.0000000              -5.7441268
            70               0.8215135               0.0000000              -5.0261111
            71               1.0953515               0.0000000              -4.3080950
            72               1.3691893               0.0000000              -3.5900791
            73               1.6430271               0.0000000              -2.8720636
            74               1.9168650               0.0000000              -2.1540480
            75               2.1907029               0.0000000              -1.4360318
            76               2.4645407               0.0000000              -0.7180157
            77               2.7383785               0.0000000               0.0000005
            78               0.0000000              -0.8365848              -7.1801586
            79               0.2738379              -0.8365848              -6.4621429
            80               0.5476757              -0.8365848              -5.7441268
            81               0.8215135              -0.8365848              -5.0261111
            82               1.0953515              -0.8365848              -4.3080950
            83               1.3691893              -0.8365848              -3.5900791
            84               1.6430271              -0.8365848              -2.8720636
            85               1.9168650              -0.8365848              -2.1540480
            86               2.1907029              -0.8365848              -1.4360318
            87               2.4645407              -0.8365848              -0.7180157
            88               2.7383785              -0.8365848               0.0000005
            89               0.0000000              -1.6731699              -7.1801586
            90               0.2738379              -1.6731699              -6.4621429
            91               0.5476757              -1.6731699              -5.7441268
            92               0.8215135              -1.6731699              -5.0261111
            93               1.0953515              -1.6731699              -4.3080950
            94               1.3691893              -1.6731699              -3.5900791
            95               1.6430271              -1.6731699              -2.8720636
            96               1.9168650              -1.6731699              -2.1540480
            97               2.1907029              -1.6731699              -1.4360318
            98               2.4645407              -1.6731699              -0.7180157
            99               2.7383785              -1.6731699               0.0000005
           100               0.0000000              -2.5097544              -7.1801586
           101               0.2738379              -2.5097544              -6.4621429
           102               0.5476757              -2.5097544              -5.7441268
           103               0.8215135              -2.5097544              -5.0261111
           104               1.0953515              -2.5097544              -4.3080950
           105               1.3691893              -2.5097544              -3.5900791
           106               1.6430271              -2.5097544              -2.8720636
           107               1.9168650              -2.5097544              -2.1540480
           108               2.1907029              -2.5097544              -1.4360318
           109               2.4645407              -2.5097544              -0.7180157
           110               2.7383785              -2.5097544               0.0000005
           111               0.0000000              -3.3463395              -7.1801586
           112               0.2738379              -3.3463395              -6.4621429
           113               0.5476757              -3.3463395              -5.7441268
           114               0.8215135              -3.3463395              -5.0261111
           115               1.0953515              -3.3463395              -4.3080950
           116               1.3691893              -3.3463395              -3.5900791
           117               1.6430271              -3.3463395              -2.8720636
           118               1.9168650              -3.3463395              -2.1540480
           119               2.1907029              -3.3463395              -1.4360318
           120               2.4645407              -3.3463395              -0.7180157
           121               2.7383785              -3.3463395               0.0000005
           122               0.0000000              -3.3463395              -7.1801586
           123               0.2738379              -3.3463395              -6.4621429
           124               0.5476757              -3.3463395              -5.7441268
           125               0.8215135              -3.3463395              -5.0261111
           126               1.0953515              -3.3463395              -4.3080950
           127               1.3691893              -3.3463395              -3.5900791
           128               1.6430271              -3.3463395              -2.8720636
           129               1.9168650              -3.3463395              -2.1540480
           130               2.1907029              -3.3463395              -1.4360318
           131               2.4645407              -3.3463395              -0.7180157
           132               2.7383785              -3.3463395               0.0000005
           133               0.0000000              -3.3463395              -7.1801586
           134              -0.2738379              -3.3463395              -6.4621429
           135              -0.5476757              -3.3463395              -5.7441268
           136              -0.8215135              -3.3463395              -5.0261111
           137              -1.0953515              -3.3463395              -4.3080950
           138              -1.3691893              -3.3463395              -3.5900791
           139              -1.6430271              -3.3463395              -2.8720636
           140              -1.9168650              -3.3463395              -2.1540480
           141              -2.1907029              -3.3463395              -1.4360318
           142              -2.4645407              -3.3463395              -0.7180157
           143              -2.7383785              -3.3463395               0.0000005
           144               0.0000000              -3.3463395              -7.1801586
           145              -0.2738379              -3.3463395              -6.4621429
           146              -0.5476757              -3.3463395              -5.7441268
           147              -0.8215135              -3.3463395              -5.0261111
           148              -1.0953515              -3.3463395              -4.3080950
           149              -1.3691893              -3.3463395              -3.5900791
           150              -1.6430271              -3.3463395              -2.8720636
           151              -1.9168650              -3.3463395              -2.1540480
           152              -2.1907029              -3.3463395              -1.4360318
           153              -2.4645407              -3.3463395              -0.7180157
           154              -2.7383785              -3.3463395               0.0000005
           155               0.0000000              -2.5097547              -7.1801586
           156              -0.2738379              -2.5097547              -6.4621429
           157              -0.5476757              -2.5097547              -5.7441268
           158              -0.8215135              -2.5097547              -5.0261111
           159              -1.0953515              -2.5097547              -4.3080950
           160              -1.3691893              -2.5097547              -3.5900791
           161              -1.6430271              -2.5097547              -2.8720636
           162              -1.9168650              -2.5097547              -2.1540480
           163              -2.1907029              -2.5097547              -1.4360318
           164              -2.4645407              -2.5097547              -0.7180157
           165              -2.7383785              -2.5097547               0.0000005
           166               0.0000000              -1.6731697              -7.1801586
           167              -0.2738379              -1.6731697              -6.4621429
           168              -0.5476757              -1.6731697              -5.7441268
           169              -0.8215135              -1.6731697              -5.0261111
           170              -1.0953515              -1.6731697              -4.3080950
           171              -1.3691893              -1.6731697              -3.5900791
           172              -1.6430271              -1.6731697              -2.8720636
           173              -1.9168650              -1.6731697              -2.1540480
           174              -2.1907029              -1.6731697              -1.4360318
           175              -2.4645407              -1.6731697              -0.7180157
           176              -2.7383785              -1.6731697               0.0000005
           177               0.0000000              -0.8365848              -7.1801586
           178              -0.2738379              -0.8365848              -6.4621429
           179              -0.5476757              -0.8365848              -5.7441268
           180              -0.8215135              -0.8365848              -5.0261111
           181              -1.0953515              -0.8365848              -4.3080950
           182              -1.3691893              -0.8365848              -3.5900791
           183              -1.6430271              -0.8365848              -2.8720636
           184              -1.9168650              -0.8365848              -2.1540480
           185              -2.1907029              -0.8365848              -1.4360318
           186              -2.4645407              -0.8365848              -0.7180157
           187              -2.7383785              -0.8365848               0.0000005
           188               0.0000000               0.0000000              -7.1801586
           189              -0.2738379               0.0000000              -6.4621429
           190              -0.5476757               0.0000000              -5.7441268
           191              -0.8215135               0.0000000              -5.0261111
           192              -1.0953515               0.0000000              -4.3080950
           193              -1.3691893               0.0000000              -3.5900791
           194              -1.6430271               0.0000000              -2.8720636
           195              -1.9168650               0.0000000              -2.1540480
           196              -2.1907029               0.0000000              -1.4360318
           197              -2.4645407               0.0000000              -0.7180157
           198              -2.7383785               0.0000000               0.0000005
           199               0.0000000               0.8365848              -7.1801586
           200              -0.2738379               0.8365848              -6.4621429
           201              -0.5476757               0.8365848              -5.7441268
           202              -0.8215135               0.8365848              -5.0261111
           203              -1.0953515               0.8365848              -4.3080950
           204              -1.3691893               0.8365848              -3.5900791
           205              -1.6430271               0.8365848              -2.8720636
           206              -1.9168650               0.8365848              -2.1540480
           207              -2.1907029               0.8365848              -1.4360318
           208              -2.4645407               0.8365848              -0.7180157
           209              -2.7383785               0.8365848               0.0000005
           210               0.0000000               1.6731699              -7.1801586
           211              -0.2738379               1.6731699              -6.4621429
           212              -0.5476757               1.6731699              -5.7441268
           213              -0.8215135               1.6731699              -5.0261111
           214              -1.0953515               1.6731699              -4.3080950
           215              -1.3691893               1.6731699              -3.5900791
           216              -1.6430271               1.6731699              -2.8720636
           217              -1.9168650               1.6731699              -2.1540480
           218              -2.1907029               1.6731699              -1.4360318
           219              -2.4645407               1.6731699              -0.7180157
           220              -2.7383785               1.6731699               0.0000005
           221               0.0000000               2.5097544              -7.1801586
           222              -0.2738379               2.5097544              -6.4621429
           223              -0.5476757               2.5097544              -5.7441268
           224              -0.8215135               2.5097544              -5.0261111
           225              -1.0953515               2.5097544              -4.3080950
           226              -1.3691893               2.5097544              -3.5900791
           227              -1.6430271               2.5097544              -2.8720636
           228              -1.9168650               2.5097544              -2.1540480
           229              -2.1907029               2.5097544              -1.4360318
           230              -2.4645407               2.5097544              -0.7180157
           231              -2.7383785               2.5097544               0.0000005
           232               0.0000000               3.3463395              -7.1801586
           233              -0.2738379               3.3463395              -6.4621429
           234              -0.5476757               3.3463395              -5.7441268
           235              -0.8215135               3.3463395              -5.0261111
           236              -1.0953515               3.3463395              -4.3080950
           237              -1.3691893               3.3463395              -3.5900791
           238              -1.6430271               3.3463395              -2.8720636
           239              -1.9168650               3.3463395              -2.1540480
           240              -2.1907029               3.3463395              -1.4360318
           241              -2.4645407               3.3463395              -0.7180157
           242              -2.7383785               3.3463395               0.0000005
             0          0.00          0.00          0.00
               1               2              13              12
               2               3              14              13
               3               4              15              14
               4               5              16              15
               5               6              17              16
               6               7              18              17
               7               8              19              18
               8               9              20              19
               9              10              21              20
              10              11              22              21
              23              24              35              34
              24              25              36              35
              25              26              37              36
              26              27              38              37
              27              28              39              38
              28              29              40              39
              29              30              41              40
              30              31              42              41
              31              32              43              42
              32              33              44              43
              34              35              46              45
              35              36              47              46
              36              37              48              47
              37              38              49              48
              38              39              50              49
              39              40              51              50
              40              41              52              51
              41              42              53              52
              42              43              54              53
              43              44              55              54
              45              46              57              56
              46              47              58              57
              47              48              59              58
              48              49              60              59
              49              50              61              60
              50              51              62              61
              51              52              63              62
              52              53              64              63
              53              54              65              64
              54              55              66              65
              56              57              68              67
              57              58              69              68
              58              59              70              69
              59              60              71              70
              60              61              72              71
              61              62              73              72
              62              63              74              73
              63              64              75              74
              64              65              76              75
              65              66              77              76
              67              68              79              78
              68              69              80              79
              69              70              81              80
              70              71              82              81
              71              72              83              82
              72              73              84              83
              73              74              85              84
              74              75              86              85
              75              76              87              86
              76              77              88              87
              78              79              90              89
              79              80              91              90
              80              81              92              91
              81              82              93              92
              82              83              94              93
              83              84              95              94
              84              85              96              95
              85              86              97              96
              86              87              98              97
              87              88              99              98
              89              90             101             100
              90              91             102             101
              91              92             103             102
              92              93             104             103
              93              94             105             104
              94              95             106             105
              95              96             107             106
              96              97             108             107
              97              98             109             108
              98              99             110             109
             100             101             112             111
             101             102             113             112
             102             103             114             113
             103             104             115             114
             104             105             116             115
             105             106             117             116
             106             107             118             117
             107             108             119             118
             108             109             120             119
             109             110             121             120
             122             123             134             133
             123             124             135             134
             124             125             136             135
             125             126             137             136
             126             127             138             137
             127             128             139             138
             128             129             140             139
             129             130             141             140
             130             131             142             141
             131             132             143             142
             144             145             156             155
             145             146             157             156
             146             147             158             157
             147             148             159             158
             148             149             160             159
             149             150             161             160
             150             151             162             161
             151             152             163             162
             152             153             164             163
             153             154             165             164
             155             156             167             166
             156             157             168             167
             157             158             169             168
             158             159             170             169
             159             160             171             170
             160             161             172             171
             161             162             173             172
             162             163             174             173
             163             164             175             174
             164             165             176             175
             166             167             178             177
             167             168             179             178
             168             169             180             179
             169             170             181             180
             170             171             182             181
             171             172             183             182
             172             173             184             183
             173             174             185             184
             174             175             186             185
             175             176             187             186
             177             178             189             188
             178             179             190             189
             179             180             191             190
             180             181             192             191
             181             182             193             192
             182             183             194             193
             183             184             195             194
             184             185             196             195
             185             186             197             196
             186             187             198             197
             188             189             200             199
             189             190             201             200
             190             191             202             201
             191             192             203             202
             192             193             204             203
             193             194             205             204
             194             195             206             205
             195             196             207             206
             196             197             208             207
             197             198             209             208
             199             200             211             210
             200             201             212             211
             201             202             213             212
             202             203             214             213
             203             204             215             214
             204             205             216             215
             205             206             217             216
             206             207             218             217
             207             208             219             218
             208             209             220             219
             210             211             222             221
             211             212             223             222
             212             213             224             223
             213             214             225             224
             214             215             226             225
             215             216             227             226
             216             217             228             227
             217             218             229             228
             218             219             230             229
             219             220             231             230
             221             222             233             232
             222             223             234             233
             223             224             235             234
             224             225             236             235
             225             226             237             236
             226             227             238             237
             227             228             239             238
             228             229             240             239
             229             230             241             240
             230             231             242             241
          0          0          0          0
