                    2          0
             1               0.0000000               0.0000000              -6.2802982
             2               0.3205883               0.1241966              -5.7093620
             3               0.6411766               0.2483931              -5.1384258
             4               0.9617649               0.3725897              -4.5674896
             5               1.2823533               0.4967863              -3.9965534
             6               1.6029416               0.6209829              -3.4256172
             7               1.9235299               0.7451794              -2.8546810
             8               2.2441182               0.8693760              -2.2837446
             9               2.5647066               0.9935726              -1.7128086
            10               2.8852949               1.1177691              -1.1418724
            11               3.2058833               1.2419658              -0.5709362
            12               3.5264716               1.3661623               0.0000000
            13               0.0000000               0.0000000              -6.2802982
            14               0.3438047               0.0000000              -5.7093620
            15               0.6876094               0.0000000              -5.1384258
            16               1.0314140               0.0000000              -4.5674896
            17               1.3752187               0.0000000              -3.9965534
            18               1.7190235               0.0000000              -3.4256172
            19               2.0628281               0.0000000              -2.8546810
            20               2.4066329               0.0000000              -2.2837446
            21               2.7504375               0.0000000              -1.7128086
            22               3.0942421               0.0000000              -1.1418724
            23               3.4380469               0.0000000              -0.5709362
            24               3.7818518               0.0000000               0.0000000
            25               0.0000000               0.0000000              -6.2802982
            26               0.2540747               0.2316197              -5.7093620
            27               0.5081494               0.4632395              -5.1384258
            28               0.7622242               0.6948591              -4.5674896
            29               1.0162989               0.9264789              -3.9965534
            30               1.2703736               1.1580987              -3.4256172
            31               1.5244484               1.3897183              -2.8546810
            32               1.7785230               1.6213380              -2.2837446
            33               2.0325978               1.8529578              -1.7128086
            34               2.2866726               2.0845776              -1.1418724
            35               2.5407472               2.3161974              -0.5709362
            36               2.7948220               2.5478170               0.0000000
            37               0.0000000               0.0000000              -6.2802982
            38               0.3205883               0.1241966              -5.7093620
            39               0.6411766               0.2483931              -5.1384258
            40               0.9617649               0.3725897              -4.5674896
            41               1.2823533               0.4967863              -3.9965534
            42               1.6029416               0.6209829              -3.4256172
            43               1.9235299               0.7451794              -2.8546810
            44               2.2441182               0.8693760              -2.2837446
            45               2.5647066               0.9935726              -1.7128086
            46               2.8852949               1.1177691              -1.1418724
            47               3.2058833               1.2419658              -0.5709362
            48               3.5264716               1.3661623               0.0000000
            49               0.0000000               0.0000000              -6.2802982
            50               0.1532469               0.3077613              -5.7093620
            51               0.3064939               0.6155227              -5.1384258
            52               0.4597408               0.9232840              -4.5674896
            53               0.6129878               1.2310454              -3.9965534
            54               0.7662346               1.5388068              -3.4256172
            55               0.9194816               1.8465680              -2.8546810
            56               1.0727285               2.1543295              -2.2837446
            57               1.2259755               2.4620907              -1.7128086
            58               1.3792224               2.7698519              -1.1418724
            59               1.5324693               3.0776136              -0.5709362
            60               1.6857163               3.3853750               0.0000000
            61               0.0000000               0.0000000              -6.2802982
            62               0.2540747               0.2316197              -5.7093620
            63               0.5081494               0.4632395              -5.1384258
            64               0.7622242               0.6948591              -4.5674896
            65               1.0162989               0.9264789              -3.9965534
            66               1.2703736               1.1580987              -3.4256172
            67               1.5244484               1.3897183              -2.8546810
            68               1.7785230               1.6213380              -2.2837446
            69               2.0325978               1.8529578              -1.7128086
            70               2.2866726               2.0845776              -1.1418724
            71               2.5407472               2.3161974              -0.5709362
            72               2.7948220               2.5478170               0.0000000
            73               0.0000000               0.0000000              -6.2802982
            74               0.0317223               0.3423381              -5.7093620
            75               0.0634446               0.6846761              -5.1384258
            76               0.0951669               1.0270143              -4.5674896
            77               0.1268892               1.3693522              -3.9965534
            78               0.1586114               1.7116904              -3.4256172
            79               0.1903338               2.0540285              -2.8546810
            80               0.2220560               2.3963664              -2.2837446
            81               0.2537783               2.7387044              -1.7128086
            82               0.2855006               3.0810425              -1.1418724
            83               0.3172229               3.4233809              -0.5709362
            84               0.3489452               3.7657187               0.0000000
            85               0.0000000               0.0000000              -6.2802982
            86               0.1532469               0.3077613              -5.7093620
            87               0.3064938               0.6155227              -5.1384258
            88               0.4597408               0.9232840              -4.5674896
            89               0.6129877               1.2310454              -3.9965534
            90               0.7662346               1.5388068              -3.4256172
            91               0.9194815               1.8465680              -2.8546810
            92               1.0727284               2.1543295              -2.2837446
            93               1.2259754               2.4620907              -1.7128086
            94               1.3792224               2.7698519              -1.1418724
            95               1.5324693               3.0776136              -0.5709362
            96               1.6857162               3.3853750               0.0000000
            97               0.0000000               0.0000000              -6.2802982
            98              -0.0940866               0.3306802              -5.7093620
            99              -0.1881732               0.6613603              -5.1384258
           100              -0.2822599               0.9920405              -4.5674896
           101              -0.3763465               1.3227206              -3.9965534
           102              -0.4704331               1.6534008              -3.4256172
           103              -0.5645197               1.9840809              -2.8546810
           104              -0.6586063               2.3147612              -2.2837446
           105              -0.7526929               2.6454413              -1.7128086
           106              -0.8467796               2.9761214              -1.1418724
           107              -0.9408661               3.3068016              -0.5709362
           108              -1.0349528               3.6374817               0.0000000
           109               0.0000000               0.0000000              -6.2802982
           110               0.0317223               0.3423381              -5.7093620
           111               0.0634446               0.6846761              -5.1384258
           112               0.0951669               1.0270143              -4.5674896
           113               0.1268892               1.3693522              -3.9965534
           114               0.1586115               1.7116904              -3.4256172
           115               0.1903338               2.0540285              -2.8546810
           116               0.2220561               2.3963664              -2.2837446
           117               0.2537784               2.7387044              -1.7128086
           118               0.2855006               3.0810425              -1.1418724
           119               0.3172230               3.4233809              -0.5709362
           120               0.3489453               3.7657187               0.0000000
           121               0.0000000               0.0000000              -6.2802982
           122              -0.2071886               0.2743621              -5.7093620
           123              -0.4143772               0.5487241              -5.1384258
           124              -0.6215658               0.8230862              -4.5674896
           125              -0.8287544               1.0974482              -3.9965534
           126              -1.0359430               1.3718103              -3.4256172
           127              -1.2431316               1.6461724              -2.8546810
           128              -1.4503202               1.9205345              -2.2837446
           129              -1.6575089               2.1948965              -1.7128086
           130              -1.8646976               2.4692585              -1.1418724
           131              -2.0718861               2.7436206              -0.5709362
           132              -2.2790747               3.0179827               0.0000000
           133               0.0000000               0.0000000              -6.2802982
           134              -0.0940866               0.3306802              -5.7093620
           135              -0.1881732               0.6613603              -5.1384258
           136              -0.2822599               0.9920405              -4.5674896
           137              -0.3763465               1.3227206              -3.9965534
           138              -0.4704331               1.6534008              -3.4256172
           139              -0.5645197               1.9840809              -2.8546810
           140              -0.6586063               2.3147612              -2.2837446
           141              -0.7526929               2.6454413              -1.7128086
           142              -0.8467796               2.9761214              -1.1418724
           143              -0.9408661               3.3068016              -0.5709362
           144              -1.0349528               3.6374817               0.0000000
           145               0.0000000               0.0000000              -6.2802982
           146              -0.2923086               0.1809898              -5.7093620
           147              -0.5846173               0.3619797              -5.1384258
           148              -0.8769259               0.5429695              -4.5674896
           149              -1.1692345               0.7239594              -3.9965534
           150              -1.4615432               0.9049492              -3.4256172
           151              -1.7538518               1.0859390              -2.8546810
           152              -2.0461605               1.2669289              -2.2837446
           153              -2.3384690               1.4479188              -1.7128086
           154              -2.6307776               1.6289086              -1.1418724
           155              -2.9230864               1.8098985              -0.5709362
           156              -3.2153952               1.9908885               0.0000000
           157               0.0000000               0.0000000              -6.2802982
           158              -0.2071886               0.2743621              -5.7093620
           159              -0.4143772               0.5487241              -5.1384258
           160              -0.6215658               0.8230862              -4.5674896
           161              -0.8287544               1.0974482              -3.9965534
           162              -1.0359430               1.3718103              -3.4256172
           163              -1.2431316               1.6461724              -2.8546810
           164              -1.4503202               1.9205345              -2.2837446
           165              -1.6575089               2.1948965              -1.7128086
           166              -1.8646976               2.4692585              -1.1418724
           167              -2.0718861               2.7436206              -0.5709362
           168              -2.2790747               3.0179827               0.0000000
           169               0.0000000               0.0000000              -6.2802982
           170              -0.3379507               0.0631739              -5.7093620
           171              -0.6759015               0.1263479              -5.1384258
           172              -1.0138522               0.1895218              -4.5674896
           173              -1.3518029               0.2526958              -3.9965534
           174              -1.6897538               0.3158697              -3.4256172
           175              -2.0277045               0.3790437              -2.8546810
           176              -2.3656552               0.4422176              -2.2837446
           177              -2.7036059               0.5053915              -1.7128086
           178              -3.0415566               0.5685655              -1.1418724
           179              -3.3795075               0.6317394              -0.5709362
           180              -3.7174582               0.6949134               0.0000000
           181               0.0000000               0.0000000              -6.2802982
           182              -0.2923086               0.1809898              -5.7093620
           183              -0.5846173               0.3619797              -5.1384258
           184              -0.8769259               0.5429695              -4.5674896
           185              -1.1692345               0.7239594              -3.9965534
           186              -1.4615432               0.9049492              -3.4256172
           187              -1.7538518               1.0859390              -2.8546810
           188              -2.0461605               1.2669289              -2.2837446
           189              -2.3384690               1.4479188              -1.7128086
           190              -2.6307776               1.6289086              -1.1418724
           191              -2.9230864               1.8098985              -0.5709362
           192              -3.2153952               1.9908885               0.0000000
           193               0.0000000               0.0000000              -6.2802982
           194              -0.3379507              -0.0631739              -5.7093620
           195              -0.6759015              -0.1263479              -5.1384258
           196              -1.0138522              -0.1895218              -4.5674896
           197              -1.3518029              -0.2526958              -3.9965534
           198              -1.6897538              -0.3158697              -3.4256172
           199              -2.0277045              -0.3790437              -2.8546810
           200              -2.3656552              -0.4422176              -2.2837446
           201              -2.7036059              -0.5053915              -1.7128086
           202              -3.0415566              -0.5685655              -1.1418724
           203              -3.3795075              -0.6317394              -0.5709362
           204              -3.7174582              -0.6949134               0.0000000
           205               0.0000000               0.0000000              -6.2802982
           206              -0.3379507               0.0631739              -5.7093620
           207              -0.6759015               0.1263479              -5.1384258
           208              -1.0138522               0.1895218              -4.5674896
           209              -1.3518029               0.2526958              -3.9965534
           210              -1.6897538               0.3158697              -3.4256172
           211              -2.0277045               0.3790437              -2.8546810
           212              -2.3656552               0.4422176              -2.2837446
           213              -2.7036059               0.5053915              -1.7128086
           214              -3.0415566               0.5685655              -1.1418724
           215              -3.3795075               0.6317394              -0.5709362
           216              -3.7174582               0.6949134               0.0000000
           217               0.0000000               0.0000000              -6.2802982
           218              -0.2923086              -0.1809898              -5.7093620
           219              -0.5846173              -0.3619797              -5.1384258
           220              -0.8769259              -0.5429695              -4.5674896
           221              -1.1692345              -0.7239594              -3.9965534
           222              -1.4615432              -0.9049492              -3.4256172
           223              -1.7538518              -1.0859390              -2.8546810
           224              -2.0461605              -1.2669289              -2.2837446
           225              -2.3384690              -1.4479188              -1.7128086
           226              -2.6307776              -1.6289086              -1.1418724
           227              -2.9230864              -1.8098985              -0.5709362
           228              -3.2153952              -1.9908885               0.0000000
           229               0.0000000               0.0000000              -6.2802982
           230              -0.3379507              -0.0631739              -5.7093620
           231              -0.6759015              -0.1263479              -5.1384258
           232              -1.0138522              -0.1895218              -4.5674896
           233              -1.3518029              -0.2526958              -3.9965534
           234              -1.6897538              -0.3158697              -3.4256172
           235              -2.0277045              -0.3790437              -2.8546810
           236              -2.3656552              -0.4422176              -2.2837446
           237              -2.7036059              -0.5053915              -1.7128086
           238              -3.0415566              -0.5685655              -1.1418724
           239              -3.3795075              -0.6317394              -0.5709362
           240              -3.7174582              -0.6949134               0.0000000
           241               0.0000000               0.0000000              -6.2802982
           242              -0.2071886              -0.2743621              -5.7093620
           243              -0.4143772              -0.5487241              -5.1384258
           244              -0.6215658              -0.8230862              -4.5674896
           245              -0.8287544              -1.0974482              -3.9965534
           246              -1.0359430              -1.3718103              -3.4256172
           247              -1.2431316              -1.6461724              -2.8546810
           248              -1.4503202              -1.9205345              -2.2837446
           249              -1.6575089              -2.1948965              -1.7128086
           250              -1.8646976              -2.4692585              -1.1418724
           251              -2.0718861              -2.7436206              -0.5709362
           252              -2.2790747              -3.0179827               0.0000000
           253               0.0000000               0.0000000              -6.2802982
           254              -0.2923086              -0.1809898              -5.7093620
           255              -0.5846173              -0.3619797              -5.1384258
           256              -0.8769259              -0.5429695              -4.5674896
           257              -1.1692345              -0.7239594              -3.9965534
           258              -1.4615432              -0.9049492              -3.4256172
           259              -1.7538518              -1.0859390              -2.8546810
           260              -2.0461605              -1.2669289              -2.2837446
           261              -2.3384690              -1.4479188              -1.7128086
           262              -2.6307776              -1.6289086              -1.1418724
           263              -2.9230864              -1.8098985              -0.5709362
           264              -3.2153952              -1.9908885               0.0000000
           265               0.0000000               0.0000000              -6.2802982
           266              -0.0940866              -0.3306802              -5.7093620
           267              -0.1881732              -0.6613603              -5.1384258
           268              -0.2822599              -0.9920405              -4.5674896
           269              -0.3763465              -1.3227206              -3.9965534
           270              -0.4704331              -1.6534008              -3.4256172
           271              -0.5645197              -1.9840809              -2.8546810
           272              -0.6586063              -2.3147612              -2.2837446
           273              -0.7526929              -2.6454413              -1.7128086
           274              -0.8467796              -2.9761214              -1.1418724
           275              -0.9408661              -3.3068016              -0.5709362
           276              -1.0349528              -3.6374817               0.0000000
           277               0.0000000               0.0000000              -6.2802982
           278              -0.2071886              -0.2743621              -5.7093620
           279              -0.4143772              -0.5487241              -5.1384258
           280              -0.6215658              -0.8230862              -4.5674896
           281              -0.8287544              -1.0974482              -3.9965534
           282              -1.0359430              -1.3718103              -3.4256172
           283              -1.2431316              -1.6461724              -2.8546810
           284              -1.4503202              -1.9205345              -2.2837446
           285              -1.6575089              -2.1948965              -1.7128086
           286              -1.8646976              -2.4692585              -1.1418724
           287              -2.0718861              -2.7436206              -0.5709362
           288              -2.2790747              -3.0179827               0.0000000
           289               0.0000000               0.0000000              -6.2802982
           290               0.0317223              -0.3423381              -5.7093620
           291               0.0634446              -0.6846761              -5.1384258
           292               0.0951669              -1.0270143              -4.5674896
           293               0.1268892              -1.3693522              -3.9965534
           294               0.1586114              -1.7116904              -3.4256172
           295               0.1903338              -2.0540285              -2.8546810
           296               0.2220560              -2.3963664              -2.2837446
           297               0.2537783              -2.7387044              -1.7128086
           298               0.2855006              -3.0810425              -1.1418724
           299               0.3172229              -3.4233809              -0.5709362
           300               0.3489452              -3.7657187               0.0000000
           301               0.0000000               0.0000000              -6.2802982
           302              -0.0940866              -0.3306802              -5.7093620
           303              -0.1881732              -0.6613603              -5.1384258
           304              -0.2822599              -0.9920405              -4.5674896
           305              -0.3763465              -1.3227206              -3.9965534
           306              -0.4704331              -1.6534008              -3.4256172
           307              -0.5645198              -1.9840809              -2.8546810
           308              -0.6586064              -2.3147612              -2.2837446
           309              -0.7526930              -2.6454413              -1.7128086
           310              -0.8467796              -2.9761214              -1.1418724
           311              -0.9408663              -3.3068016              -0.5709362
           312              -1.0349529              -3.6374817               0.0000000
           313               0.0000000               0.0000000              -6.2802982
           314               0.1532469              -0.3077613              -5.7093620
           315               0.3064939              -0.6155227              -5.1384258
           316               0.4597408              -0.9232840              -4.5674896
           317               0.6129878              -1.2310454              -3.9965534
           318               0.7662346              -1.5388068              -3.4256172
           319               0.9194816              -1.8465680              -2.8546810
           320               1.0727285              -2.1543295              -2.2837446
           321               1.2259755              -2.4620907              -1.7128086
           322               1.3792224              -2.7698519              -1.1418724
           323               1.5324693              -3.0776136              -0.5709362
           324               1.6857163              -3.3853750               0.0000000
           325               0.0000000               0.0000000              -6.2802982
           326               0.0317223              -0.3423381              -5.7093620
           327               0.0634446              -0.6846761              -5.1384258
           328               0.0951669              -1.0270143              -4.5674896
           329               0.1268892              -1.3693522              -3.9965534
           330               0.1586115              -1.7116904              -3.4256172
           331               0.1903338              -2.0540285              -2.8546810
           332               0.2220561              -2.3963664              -2.2837446
           333               0.2537784              -2.7387044              -1.7128086
           334               0.2855006              -3.0810425              -1.1418724
           335               0.3172230              -3.4233809              -0.5709362
           336               0.3489453              -3.7657187               0.0000000
           337               0.0000000               0.0000000              -6.2802982
           338               0.2540747              -0.2316197              -5.7093620
           339               0.5081494              -0.4632395              -5.1384258
           340               0.7622242              -0.6948591              -4.5674896
           341               1.0162989              -0.9264789              -3.9965534
           342               1.2703736              -1.1580987              -3.4256172
           343               1.5244484              -1.3897183              -2.8546810
           344               1.7785230              -1.6213380              -2.2837446
           345               2.0325978              -1.8529578              -1.7128086
           346               2.2866726              -2.0845776              -1.1418724
           347               2.5407472              -2.3161974              -0.5709362
           348               2.7948220              -2.5478170               0.0000000
           349               0.0000000               0.0000000              -6.2802982
           350               0.1532469              -0.3077613              -5.7093620
           351               0.3064939              -0.6155227              -5.1384258
           352               0.4597408              -0.9232840              -4.5674896
           353               0.6129878              -1.2310454              -3.9965534
           354               0.7662346              -1.5388068              -3.4256172
           355               0.9194816              -1.8465680              -2.8546810
           356               1.0727285              -2.1543295              -2.2837446
           357               1.2259755              -2.4620907              -1.7128086
           358               1.3792224              -2.7698519              -1.1418724
           359               1.5324693              -3.0776136              -0.5709362
           360               1.6857163              -3.3853750               0.0000000
           361               0.0000000               0.0000000              -6.2802982
           362               0.3205883              -0.1241966              -5.7093620
           363               0.6411766              -0.2483931              -5.1384258
           364               0.9617649              -0.3725897              -4.5674896
           365               1.2823533              -0.4967863              -3.9965534
           366               1.6029416              -0.6209829              -3.4256172
           367               1.9235299              -0.7451794              -2.8546810
           368               2.2441182              -0.8693760              -2.2837446
           369               2.5647066              -0.9935726              -1.7128086
           370               2.8852949              -1.1177691              -1.1418724
           371               3.2058833              -1.2419658              -0.5709362
           372               3.5264716              -1.3661623               0.0000000
           373               0.0000000               0.0000000              -6.2802982
           374               0.2540747              -0.2316197              -5.7093620
           375               0.5081494              -0.4632395              -5.1384258
           376               0.7622242              -0.6948591              -4.5674896
           377               1.0162989              -0.9264789              -3.9965534
           378               1.2703736              -1.1580987              -3.4256172
           379               1.5244484              -1.3897183              -2.8546810
           380               1.7785230              -1.6213380              -2.2837446
           381               2.0325978              -1.8529578              -1.7128086
           382               2.2866726              -2.0845776              -1.1418724
           383               2.5407472              -2.3161974              -0.5709362
           384               2.7948220              -2.5478170               0.0000000
           385               0.0000000               0.0000000              -6.2802982
           386               0.3438047               0.0000000              -5.7093620
           387               0.6876094               0.0000000              -5.1384258
           388               1.0314140               0.0000000              -4.5674896
           389               1.3752187               0.0000000              -3.9965534
           390               1.7190235               0.0000000              -3.4256172
           391               2.0628281               0.0000000              -2.8546810
           392               2.4066329               0.0000000              -2.2837446
           393               2.7504375               0.0000000              -1.7128086
           394               3.0942421               0.0000000              -1.1418724
           395               3.4380469               0.0000000              -0.5709362
           396               3.7818518               0.0000000               0.0000000
           397               0.0000000               0.0000000              -6.2802982
           398               0.3205883              -0.1241966              -5.7093620
           399               0.6411766              -0.2483931              -5.1384258
           400               0.9617649              -0.3725897              -4.5674896
           401               1.2823533              -0.4967863              -3.9965534
           402               1.6029416              -0.6209829              -3.4256172
           403               1.9235299              -0.7451794              -2.8546810
           404               2.2441182              -0.8693760              -2.2837446
           405               2.5647066              -0.9935726              -1.7128086
           406               2.8852949              -1.1177691              -1.1418724
           407               3.2058833              -1.2419658              -0.5709362
           408               3.5264716              -1.3661623               0.0000000
             0          0.00          0.00          0.00
               1               2              14              13
               2               3              15              14
               3               4              16              15
               4               5              17              16
               5               6              18              17
               6               7              19              18
               7               8              20              19
               8               9              21              20
               9              10              22              21
              10              11              23              22
              11              12              24              23
              25              26              38              37
              26              27              39              38
              27              28              40              39
              28              29              41              40
              29              30              42              41
              30              31              43              42
              31              32              44              43
              32              33              45              44
              33              34              46              45
              34              35              47              46
              35              36              48              47
              49              50              62              61
              50              51              63              62
              51              52              64              63
              52              53              65              64
              53              54              66              65
              54              55              67              66
              55              56              68              67
              56              57              69              68
              57              58              70              69
              58              59              71              70
              59              60              72              71
              73              74              86              85
              74              75              87              86
              75              76              88              87
              76              77              89              88
              77              78              90              89
              78              79              91              90
              79              80              92              91
              80              81              93              92
              81              82              94              93
              82              83              95              94
              83              84              96              95
              97              98             110             109
              98              99             111             110
              99             100             112             111
             100             101             113             112
             101             102             114             113
             102             103             115             114
             103             104             116             115
             104             105             117             116
             105             106             118             117
             106             107             119             118
             107             108             120             119
             121             122             134             133
             122             123             135             134
             123             124             136             135
             124             125             137             136
             125             126             138             137
             126             127             139             138
             127             128             140             139
             128             129             141             140
             129             130             142             141
             130             131             143             142
             131             132             144             143
             145             146             158             157
             146             147             159             158
             147             148             160             159
             148             149             161             160
             149             150             162             161
             150             151             163             162
             151             152             164             163
             152             153             165             164
             153             154             166             165
             154             155             167             166
             155             156             168             167
             169             170             182             181
             170             171             183             182
             171             172             184             183
             172             173             185             184
             173             174             186             185
             174             175             187             186
             175             176             188             187
             176             177             189             188
             177             178             190             189
             178             179             191             190
             179             180             192             191
             193             194             206             205
             194             195             207             206
             195             196             208             207
             196             197             209             208
             197             198             210             209
             198             199             211             210
             199             200             212             211
             200             201             213             212
             201             202             214             213
             202             203             215             214
             203             204             216             215
             217             218             230             229
             218             219             231             230
             219             220             232             231
             220             221             233             232
             221             222             234             233
             222             223             235             234
             223             224             236             235
             224             225             237             236
             225             226             238             237
             226             227             239             238
             227             228             240             239
             241             242             254             253
             242             243             255             254
             243             244             256             255
             244             245             257             256
             245             246             258             257
             246             247             259             258
             247             248             260             259
             248             249             261             260
             249             250             262             261
             250             251             263             262
             251             252             264             263
             265             266             278             277
             266             267             279             278
             267             268             280             279
             268             269             281             280
             269             270             282             281
             270             271             283             282
             271             272             284             283
             272             273             285             284
             273             274             286             285
             274             275             287             286
             275             276             288             287
             289             290             302             301
             290             291             303             302
             291             292             304             303
             292             293             305             304
             293             294             306             305
             294             295             307             306
             295             296             308             307
             296             297             309             308
             297             298             310             309
             298             299             311             310
             299             300             312             311
             313             314             326             325
             314             315             327             326
             315             316             328             327
             316             317             329             328
             317             318             330             329
             318             319             331             330
             319             320             332             331
             320             321             333             332
             321             322             334             333
             322             323             335             334
             323             324             336             335
             337             338             350             349
             338             339             351             350
             339             340             352             351
             340             341             353             352
             341             342             354             353
             342             343             355             354
             343             344             356             355
             344             345             357             356
             345             346             358             357
             346             347             359             358
             347             348             360             359
             361             362             374             373
             362             363             375             374
             363             364             376             375
             364             365             377             376
             365             366             378             377
             366             367             379             378
             367             368             380             379
             368             369             381             380
             369             370             382             381
             370             371             383             382
             371             372             384             383
             385             386             398             397
             386             387             399             398
             387             388             400             399
             388             389             401             400
             389             390             402             401
             390             391             403             402
             391             392             404             403
             392             393             405             404
             393             394             406             405
             394             395             407             406
             395             396             408             407
          0          0          0          0
