                    2          0
             1               3.2930572               1.2757372              -7.6100330
             2               3.2930572               1.2757372              -6.3416944
             3               3.2930572               1.2757372              -5.0733557
             4               3.2930572               1.2757372              -3.8050165
             5               3.2930572               1.2757372              -2.5366778
             6               3.2930572               1.2757372              -1.2683392
             7               3.2930572               1.2757372               0.0000000
             8               3.5315340               0.0000000              -7.6100330
             9               3.5315340               0.0000000              -6.3416944
            10               3.5315340               0.0000000              -5.0733557
            11               3.5315340               0.0000000              -3.8050165
            12               3.5315340               0.0000000              -2.5366778
            13               3.5315340               0.0000000              -1.2683392
            14               3.5315340               0.0000000               0.0000000
            15               2.6098349               2.3791790              -7.6100330
            16               2.6098349               2.3791790              -6.3416944
            17               2.6098349               2.3791790              -5.0733557
            18               2.6098349               2.3791790              -3.8050165
            19               2.6098349               2.3791790              -2.5366778
            20               2.6098349               2.3791790              -1.2683392
            21               2.6098349               2.3791790               0.0000000
            22               3.2930572               1.2757372              -7.6100330
            23               3.2930572               1.2757372              -6.3416944
            24               3.2930572               1.2757372              -5.0733557
            25               3.2930572               1.2757372              -3.8050165
            26               3.2930572               1.2757372              -2.5366778
            27               3.2930572               1.2757372              -1.2683392
            28               3.2930572               1.2757372               0.0000000
            29               1.5741401               3.1612995              -7.6100330
            30               1.5741401               3.1612995              -6.3416944
            31               1.5741401               3.1612995              -5.0733557
            32               1.5741401               3.1612995              -3.8050165
            33               1.5741401               3.1612995              -2.5366778
            34               1.5741401               3.1612995              -1.2683392
            35               1.5741401               3.1612995               0.0000000
            36               2.6098349               2.3791790              -7.6100330
            37               2.6098349               2.3791790              -6.3416944
            38               2.6098349               2.3791790              -5.0733557
            39               2.6098349               2.3791790              -3.8050165
            40               2.6098349               2.3791790              -2.5366778
            41               2.6098349               2.3791790              -1.2683392
            42               2.6098349               2.3791790               0.0000000
            43               0.3258488               3.5164690              -7.6100330
            44               0.3258488               3.5164690              -6.3416944
            45               0.3258488               3.5164690              -5.0733557
            46               0.3258488               3.5164690              -3.8050165
            47               0.3258488               3.5164690              -2.5366778
            48               0.3258488               3.5164690              -1.2683392
            49               0.3258488               3.5164690               0.0000000
            50               1.5741401               3.1612995              -7.6100330
            51               1.5741401               3.1612995              -6.3416944
            52               1.5741401               3.1612995              -5.0733557
            53               1.5741401               3.1612995              -3.8050165
            54               1.5741401               3.1612995              -2.5366778
            55               1.5741401               3.1612995              -1.2683392
            56               1.5741401               3.1612995               0.0000000
            57              -0.9664501               3.3967199              -7.6100330
            58              -0.9664501               3.3967199              -6.3416944
            59              -0.9664501               3.3967199              -5.0733557
            60              -0.9664501               3.3967199              -3.8050165
            61              -0.9664501               3.3967199              -2.5366778
            62              -0.9664501               3.3967199              -1.2683392
            63              -0.9664501               3.3967199               0.0000000
            64               0.3258488               3.5164690              -7.6100330
            65               0.3258488               3.5164690              -6.3416944
            66               0.3258488               3.5164690              -5.0733557
            67               0.3258488               3.5164690              -3.8050165
            68               0.3258488               3.5164690              -2.5366778
            69               0.3258488               3.5164690              -1.2683392
            70               0.3258488               3.5164690               0.0000000
            71              -2.1282246               2.8182249              -7.6100330
            72              -2.1282246               2.8182249              -6.3416944
            73              -2.1282246               2.8182249              -5.0733557
            74              -2.1282246               2.8182249              -3.8050165
            75              -2.1282246               2.8182249              -2.5366778
            76              -2.1282246               2.8182249              -1.2683392
            77              -2.1282246               2.8182249               0.0000000
            78              -0.9664501               3.3967199              -7.6100330
            79              -0.9664501               3.3967199              -6.3416944
            80              -0.9664501               3.3967199              -5.0733557
            81              -0.9664501               3.3967199              -3.8050165
            82              -0.9664501               3.3967199              -2.5366778
            83              -0.9664501               3.3967199              -1.2683392
            84              -0.9664501               3.3967199               0.0000000
            85              -3.0025706               1.8591130              -7.6100330
            86              -3.0025706               1.8591130              -6.3416944
            87              -3.0025706               1.8591130              -5.0733557
            88              -3.0025706               1.8591130              -3.8050165
            89              -3.0025706               1.8591130              -2.5366778
            90              -3.0025706               1.8591130              -1.2683392
            91              -3.0025706               1.8591130               0.0000000
            92              -2.1282246               2.8182249              -7.6100330
            93              -2.1282246               2.8182249              -6.3416944
            94              -2.1282246               2.8182249              -5.0733557
            95              -2.1282246               2.8182249              -3.8050165
            96              -2.1282246               2.8182249              -2.5366778
            97              -2.1282246               2.8182249              -1.2683392
            98              -2.1282246               2.8182249               0.0000000
            99              -3.4714029               0.6489176              -7.6100330
           100              -3.4714029               0.6489176              -6.3416944
           101              -3.4714029               0.6489176              -5.0733557
           102              -3.4714029               0.6489176              -3.8050165
           103              -3.4714029               0.6489176              -2.5366778
           104              -3.4714029               0.6489176              -1.2683392
           105              -3.4714029               0.6489176               0.0000000
           106              -3.0025706               1.8591130              -7.6100330
           107              -3.0025706               1.8591130              -6.3416944
           108              -3.0025706               1.8591130              -5.0733557
           109              -3.0025706               1.8591130              -3.8050165
           110              -3.0025706               1.8591130              -2.5366778
           111              -3.0025706               1.8591130              -1.2683392
           112              -3.0025706               1.8591130               0.0000000
           113              -3.4714029              -0.6489176              -7.6100330
           114              -3.4714029              -0.6489176              -6.3416944
           115              -3.4714029              -0.6489176              -5.0733557
           116              -3.4714029              -0.6489176              -3.8050165
           117              -3.4714029              -0.6489176              -2.5366778
           118              -3.4714029              -0.6489176              -1.2683392
           119              -3.4714029              -0.6489176               0.0000000
           120              -3.4714029               0.6489176              -7.6100330
           121              -3.4714029               0.6489176              -6.3416944
           122              -3.4714029               0.6489176              -5.0733557
           123              -3.4714029               0.6489176              -3.8050165
           124              -3.4714029               0.6489176              -2.5366778
           125              -3.4714029               0.6489176              -1.2683392
           126              -3.4714029               0.6489176               0.0000000
           127              -3.0025706              -1.8591130              -7.6100330
           128              -3.0025706              -1.8591130              -6.3416944
           129              -3.0025706              -1.8591130              -5.0733557
           130              -3.0025706              -1.8591130              -3.8050165
           131              -3.0025706              -1.8591130              -2.5366778
           132              -3.0025706              -1.8591130              -1.2683392
           133              -3.0025706              -1.8591130               0.0000000
           134              -3.4714029              -0.6489177              -7.6100330
           135              -3.4714029              -0.6489177              -6.3416944
           136              -3.4714029              -0.6489177              -5.0733557
           137              -3.4714029              -0.6489177              -3.8050165
           138              -3.4714029              -0.6489177              -2.5366778
           139              -3.4714029              -0.6489177              -1.2683392
           140              -3.4714029              -0.6489177               0.0000000
           141              -2.1282246              -2.8182249              -7.6100330
           142              -2.1282246              -2.8182249              -6.3416944
           143              -2.1282246              -2.8182249              -5.0733557
           144              -2.1282246              -2.8182249              -3.8050165
           145              -2.1282246              -2.8182249              -2.5366778
           146              -2.1282246              -2.8182249              -1.2683392
           147              -2.1282246              -2.8182249               0.0000000
           148              -3.0025706              -1.8591130              -7.6100330
           149              -3.0025706              -1.8591130              -6.3416944
           150              -3.0025706              -1.8591130              -5.0733557
           151              -3.0025706              -1.8591130              -3.8050165
           152              -3.0025706              -1.8591130              -2.5366778
           153              -3.0025706              -1.8591130              -1.2683392
           154              -3.0025706              -1.8591130               0.0000000
           155              -0.9664501              -3.3967199              -7.6100330
           156              -0.9664501              -3.3967199              -6.3416944
           157              -0.9664501              -3.3967199              -5.0733557
           158              -0.9664501              -3.3967199              -3.8050165
           159              -0.9664501              -3.3967199              -2.5366778
           160              -0.9664501              -3.3967199              -1.2683392
           161              -0.9664501              -3.3967199               0.0000000
           162              -2.1282246              -2.8182249              -7.6100330
           163              -2.1282246              -2.8182249              -6.3416944
           164              -2.1282246              -2.8182249              -5.0733557
           165              -2.1282246              -2.8182249              -3.8050165
           166              -2.1282246              -2.8182249              -2.5366778
           167              -2.1282246              -2.8182249              -1.2683392
           168              -2.1282246              -2.8182249               0.0000000
           169               0.3258488              -3.5164690              -7.6100330
           170               0.3258488              -3.5164690              -6.3416944
           171               0.3258488              -3.5164690              -5.0733557
           172               0.3258488              -3.5164690              -3.8050165
           173               0.3258488              -3.5164690              -2.5366778
           174               0.3258488              -3.5164690              -1.2683392
           175               0.3258488              -3.5164690               0.0000000
           176              -0.9664501              -3.3967199              -7.6100330
           177              -0.9664501              -3.3967199              -6.3416944
           178              -0.9664501              -3.3967199              -5.0733557
           179              -0.9664501              -3.3967199              -3.8050165
           180              -0.9664501              -3.3967199              -2.5366778
           181              -0.9664501              -3.3967199              -1.2683392
           182              -0.9664501              -3.3967199               0.0000000
           183               1.5741401              -3.1612995              -7.6100330
           184               1.5741401              -3.1612995              -6.3416944
           185               1.5741401              -3.1612995              -5.0733557
           186               1.5741401              -3.1612995              -3.8050165
           187               1.5741401              -3.1612995              -2.5366778
           188               1.5741401              -3.1612995              -1.2683392
           189               1.5741401              -3.1612995               0.0000000
           190               0.3258488              -3.5164690              -7.6100330
           191               0.3258488              -3.5164690              -6.3416944
           192               0.3258488              -3.5164690              -5.0733557
           193               0.3258488              -3.5164690              -3.8050165
           194               0.3258488              -3.5164690              -2.5366778
           195               0.3258488              -3.5164690              -1.2683392
           196               0.3258488              -3.5164690               0.0000000
           197               2.6098349              -2.3791790              -7.6100330
           198               2.6098349              -2.3791790              -6.3416944
           199               2.6098349              -2.3791790              -5.0733557
           200               2.6098349              -2.3791790              -3.8050165
           201               2.6098349              -2.3791790              -2.5366778
           202               2.6098349              -2.3791790              -1.2683392
           203               2.6098349              -2.3791790               0.0000000
           204               1.5741401              -3.1612995              -7.6100330
           205               1.5741401              -3.1612995              -6.3416944
           206               1.5741401              -3.1612995              -5.0733557
           207               1.5741401              -3.1612995              -3.8050165
           208               1.5741401              -3.1612995              -2.5366778
           209               1.5741401              -3.1612995              -1.2683392
           210               1.5741401              -3.1612995               0.0000000
           211               3.2930572              -1.2757372              -7.6100330
           212               3.2930572              -1.2757372              -6.3416944
           213               3.2930572              -1.2757372              -5.0733557
           214               3.2930572              -1.2757372              -3.8050165
           215               3.2930572              -1.2757372              -2.5366778
           216               3.2930572              -1.2757372              -1.2683392
           217               3.2930572              -1.2757372               0.0000000
           218               2.6098349              -2.3791790              -7.6100330
           219               2.6098349              -2.3791790              -6.3416944
           220               2.6098349              -2.3791790              -5.0733557
           221               2.6098349              -2.3791790              -3.8050165
           222               2.6098349              -2.3791790              -2.5366778
           223               2.6098349              -2.3791790              -1.2683392
           224               2.6098349              -2.3791790               0.0000000
           225               3.5315340               0.0000000              -7.6100330
           226               3.5315340               0.0000000              -6.3416944
           227               3.5315340               0.0000000              -5.0733557
           228               3.5315340               0.0000000              -3.8050165
           229               3.5315340               0.0000000              -2.5366778
           230               3.5315340               0.0000000              -1.2683392
           231               3.5315340               0.0000000               0.0000000
           232               3.2930572              -1.2757372              -7.6100330
           233               3.2930572              -1.2757372              -6.3416944
           234               3.2930572              -1.2757372              -5.0733557
           235               3.2930572              -1.2757372              -3.8050165
           236               3.2930572              -1.2757372              -2.5366778
           237               3.2930572              -1.2757372              -1.2683392
           238               3.2930572              -1.2757372               0.0000000
           239               0.0000000               0.0000000              -7.6100330
           240               0.0000000               0.0000000              -7.6100330
           241               1.1771780               0.0000000              -7.6100330
           242               1.0976857               0.4252457              -7.6100330
           243               2.3543561               0.0000000              -7.6100330
           244               2.1953714               0.8504915              -7.6100330
           245               3.5315340               0.0000000              -7.6100330
           246               3.2930572               1.2757372              -7.6100330
           247               0.0000000               0.0000000              -7.6100330
           248               0.0000000               0.0000000              -7.6100330
           249               1.0976857               0.4252457              -7.6100330
           250               0.8699450               0.7930596              -7.6100330
           251               2.1953714               0.8504915              -7.6100330
           252               1.7398900               1.5861193              -7.6100330
           253               3.2930572               1.2757372              -7.6100330
           254               2.6098349               2.3791790              -7.6100330
           255               0.0000000               0.0000000              -7.6100330
           256               0.0000000               0.0000000              -7.6100330
           257               0.8699450               0.7930596              -7.6100330
           258               0.5247133               1.0537665              -7.6100330
           259               1.7398900               1.5861193              -7.6100330
           260               1.0494267               2.1075330              -7.6100330
           261               2.6098349               2.3791790              -7.6100330
           262               1.5741401               3.1612995              -7.6100330
           263               0.0000000               0.0000000              -7.6100330
           264               0.0000000               0.0000000              -7.6100330
           265               0.5247133               1.0537665              -7.6100330
           266               0.1086163               1.1721563              -7.6100330
           267               1.0494267               2.1075330              -7.6100330
           268               0.2172325               2.3443127              -7.6100330
           269               1.5741401               3.1612995              -7.6100330
           270               0.3258488               3.5164690              -7.6100330
           271               0.0000000               0.0000000              -7.6100330
           272               0.0000000               0.0000000              -7.6100330
           273               0.1086163               1.1721563              -7.6100330
           274              -0.3221500               1.1322399              -7.6100330
           275               0.2172325               2.3443127              -7.6100330
           276              -0.6443000               2.2644799              -7.6100330
           277               0.3258488               3.5164690              -7.6100330
           278              -0.9664500               3.3967199              -7.6100330
           279               0.0000000               0.0000000              -7.6100330
           280               0.0000000               0.0000000              -7.6100330
           281              -0.3221500               1.1322399              -7.6100330
           282              -0.7094082               0.9394083              -7.6100330
           283              -0.6443000               2.2644799              -7.6100330
           284              -1.4188164               1.8788166              -7.6100330
           285              -0.9664500               3.3967199              -7.6100330
           286              -2.1282246               2.8182249              -7.6100330
           287               0.0000000               0.0000000              -7.6100330
           288               0.0000000               0.0000000              -7.6100330
           289              -0.7094082               0.9394083              -7.6100330
           290              -1.0008569               0.6197043              -7.6100330
           291              -1.4188164               1.8788166              -7.6100330
           292              -2.0017138               1.2394086              -7.6100330
           293              -2.1282246               2.8182249              -7.6100330
           294              -3.0025704               1.8591131              -7.6100330
           295               0.0000000               0.0000000              -7.6100330
           296               0.0000000               0.0000000              -7.6100330
           297              -1.0008569               0.6197043              -7.6100330
           298              -1.1571343               0.2163059              -7.6100330
           299              -2.0017138               1.2394086              -7.6100330
           300              -2.3142686               0.4326117              -7.6100330
           301              -3.0025704               1.8591131              -7.6100330
           302              -3.4714029               0.6489176              -7.6100330
           303               0.0000000               0.0000000              -7.6100330
           304               0.0000000               0.0000000              -7.6100330
           305              -1.1571343               0.2163059              -7.6100330
           306              -1.1571343              -0.2163059              -7.6100330
           307              -2.3142686               0.4326117              -7.6100330
           308              -2.3142686              -0.4326117              -7.6100330
           309              -3.4714029               0.6489176              -7.6100330
           310              -3.4714029              -0.6489176              -7.6100330
           311               0.0000000               0.0000000              -7.6100330
           312               0.0000000               0.0000000              -7.6100330
           313              -1.1571343              -0.2163059              -7.6100330
           314              -1.0008569              -0.6197043              -7.6100330
           315              -2.3142686              -0.4326117              -7.6100330
           316              -2.0017138              -1.2394086              -7.6100330
           317              -3.4714029              -0.6489176              -7.6100330
           318              -3.0025704              -1.8591132              -7.6100330
           319               0.0000000               0.0000000              -7.6100330
           320               0.0000000               0.0000000              -7.6100330
           321              -1.0008569              -0.6197043              -7.6100330
           322              -0.7094082              -0.9394083              -7.6100330
           323              -2.0017138              -1.2394086              -7.6100330
           324              -1.4188164              -1.8788166              -7.6100330
           325              -3.0025704              -1.8591131              -7.6100330
           326              -2.1282246              -2.8182249              -7.6100330
           327               0.0000000               0.0000000              -7.6100330
           328               0.0000000               0.0000000              -7.6100330
           329              -0.7094082              -0.9394083              -7.6100330
           330              -0.3221500              -1.1322399              -7.6100330
           331              -1.4188164              -1.8788166              -7.6100330
           332              -0.6443000              -2.2644799              -7.6100330
           333              -2.1282246              -2.8182249              -7.6100330
           334              -0.9664500              -3.3967199              -7.6100330
           335               0.0000000               0.0000000              -7.6100330
           336               0.0000000               0.0000000              -7.6100330
           337              -0.3221500              -1.1322399              -7.6100330
           338               0.1086163              -1.1721563              -7.6100330
           339              -0.6443000              -2.2644799              -7.6100330
           340               0.2172325              -2.3443127              -7.6100330
           341              -0.9664500              -3.3967199              -7.6100330
           342               0.3258488              -3.5164690              -7.6100330
           343               0.0000000               0.0000000              -7.6100330
           344               0.0000000               0.0000000              -7.6100330
           345               0.1086163              -1.1721563              -7.6100330
           346               0.5247133              -1.0537665              -7.6100330
           347               0.2172325              -2.3443127              -7.6100330
           348               1.0494267              -2.1075330              -7.6100330
           349               0.3258488              -3.5164690              -7.6100330
           350               1.5741401              -3.1612995              -7.6100330
           351               0.0000000               0.0000000              -7.6100330
           352               0.0000000               0.0000000              -7.6100330
           353               0.5247133              -1.0537665              -7.6100330
           354               0.8699450              -0.7930596              -7.6100330
           355               1.0494267              -2.1075330              -7.6100330
           356               1.7398900              -1.5861193              -7.6100330
           357               1.5741401              -3.1612995              -7.6100330
           358               2.6098349              -2.3791790              -7.6100330
           359               0.0000000               0.0000000              -7.6100330
           360               0.0000000               0.0000000              -7.6100330
           361               0.8699450              -0.7930596              -7.6100330
           362               1.0976857              -0.4252457              -7.6100330
           363               1.7398900              -1.5861193              -7.6100330
           364               2.1953714              -0.8504915              -7.6100330
           365               2.6098349              -2.3791790              -7.6100330
           366               3.2930572              -1.2757372              -7.6100330
           367               0.0000000               0.0000000              -7.6100330
           368               0.0000000               0.0000000              -7.6100330
           369               1.0976857              -0.4252457              -7.6100330
           370               1.1771780               0.0000000              -7.6100330
           371               2.1953714              -0.8504915              -7.6100330
           372               2.3543561               0.0000000              -7.6100330
           373               3.2930572              -1.2757372              -7.6100330
           374               3.5315340               0.0000000              -7.6100330
             0          0.00          0.00          0.00
               1               2               9               8
               2               3              10               9
               3               4              11              10
               4               5              12              11
               5               6              13              12
               6               7              14              13
              15              16              23              22
              16              17              24              23
              17              18              25              24
              18              19              26              25
              19              20              27              26
              20              21              28              27
              29              30              37              36
              30              31              38              37
              31              32              39              38
              32              33              40              39
              33              34              41              40
              34              35              42              41
              43              44              51              50
              44              45              52              51
              45              46              53              52
              46              47              54              53
              47              48              55              54
              48              49              56              55
              57              58              65              64
              58              59              66              65
              59              60              67              66
              60              61              68              67
              61              62              69              68
              62              63              70              69
              71              72              79              78
              72              73              80              79
              73              74              81              80
              74              75              82              81
              75              76              83              82
              76              77              84              83
              85              86              93              92
              86              87              94              93
              87              88              95              94
              88              89              96              95
              89              90              97              96
              90              91              98              97
              99             100             107             106
             100             101             108             107
             101             102             109             108
             102             103             110             109
             103             104             111             110
             104             105             112             111
             113             114             121             120
             114             115             122             121
             115             116             123             122
             116             117             124             123
             117             118             125             124
             118             119             126             125
             127             128             135             134
             128             129             136             135
             129             130             137             136
             130             131             138             137
             131             132             139             138
             132             133             140             139
             141             142             149             148
             142             143             150             149
             143             144             151             150
             144             145             152             151
             145             146             153             152
             146             147             154             153
             155             156             163             162
             156             157             164             163
             157             158             165             164
             158             159             166             165
             159             160             167             166
             160             161             168             167
             169             170             177             176
             170             171             178             177
             171             172             179             178
             172             173             180             179
             173             174             181             180
             174             175             182             181
             183             184             191             190
             184             185             192             191
             185             186             193             192
             186             187             194             193
             187             188             195             194
             188             189             196             195
             197             198             205             204
             198             199             206             205
             199             200             207             206
             200             201             208             207
             201             202             209             208
             202             203             210             209
             211             212             219             218
             212             213             220             219
             213             214             221             220
             214             215             222             221
             215             216             223             222
             216             217             224             223
             225             226             233             232
             226             227             234             233
             227             228             235             234
             228             229             236             235
             229             230             237             236
             230             231             238             237
             239             240             242             241
             241             242             244             243
             243             244             246             245
             247             248             250             249
             249             250             252             251
             251             252             254             253
             255             256             258             257
             257             258             260             259
             259             260             262             261
             263             264             266             265
             265             266             268             267
             267             268             270             269
             271             272             274             273
             273             274             276             275
             275             276             278             277
             279             280             282             281
             281             282             284             283
             283             284             286             285
             287             288             290             289
             289             290             292             291
             291             292             294             293
             295             296             298             297
             297             298             300             299
             299             300             302             301
             303             304             306             305
             305             306             308             307
             307             308             310             309
             311             312             314             313
             313             314             316             315
             315             316             318             317
             319             320             322             321
             321             322             324             323
             323             324             326             325
             327             328             330             329
             329             330             332             331
             331             332             334             333
             335             336             338             337
             337             338             340             339
             339             340             342             341
             343             344             346             345
             345             346             348             347
             347             348             350             349
             351             352             354             353
             353             354             356             355
             355             356             358             357
             359             360             362             361
             361             362             364             363
             363             364             366             365
             367             368             370             369
             369             370             372             371
             371             372             374             373
          0          0          0          0
