                    2          0
             1              -3.1122403               2.4668641              -4.0968409
             2              -3.1122403               2.4668641              -3.2774727
             3              -3.1122403               2.4668641              -2.4581046
             4              -3.1122403               2.4668641              -1.6387362
             5              -3.1122403               2.4668641              -0.8193681
             6              -3.1122403               2.4668641               0.0000000
             7              -2.3341804               2.4668641              -4.0968409
             8              -2.3341804               2.4668641              -3.2774727
             9              -2.3341804               2.4668641              -2.4581046
            10              -2.3341804               2.4668641              -1.6387362
            11              -2.3341804               2.4668641              -0.8193681
            12              -2.3341804               2.4668641               0.0000000
            13              -1.5561202               2.4668641              -4.0968409
            14              -1.5561202               2.4668641              -3.2774727
            15              -1.5561202               2.4668641              -2.4581046
            16              -1.5561202               2.4668641              -1.6387362
            17              -1.5561202               2.4668641              -0.8193681
            18              -1.5561202               2.4668641               0.0000000
            19              -0.7780600               2.4668641              -4.0968409
            20              -0.7780600               2.4668641              -3.2774727
            21              -0.7780600               2.4668641              -2.4581046
            22              -0.7780600               2.4668641              -1.6387362
            23              -0.7780600               2.4668641              -0.8193681
            24              -0.7780600               2.4668641               0.0000000
            25               0.0000000               2.4668641              -4.0968409
            26               0.0000000               2.4668641              -3.2774727
            27               0.0000000               2.4668641              -2.4581046
            28               0.0000000               2.4668641              -1.6387362
            29               0.0000000               2.4668641              -0.8193681
            30               0.0000000               2.4668641               0.0000000
            31               0.7780600               2.4668641              -4.0968409
            32               0.7780600               2.4668641              -3.2774727
            33               0.7780600               2.4668641              -2.4581046
            34               0.7780600               2.4668641              -1.6387362
            35               0.7780600               2.4668641              -0.8193681
            36               0.7780600               2.4668641               0.0000000
            37               1.5561204               2.4668641              -4.0968409
            38               1.5561204               2.4668641              -3.2774727
            39               1.5561204               2.4668641              -2.4581046
            40               1.5561204               2.4668641              -1.6387362
            41               1.5561204               2.4668641              -0.8193681
            42               1.5561204               2.4668641               0.0000000
            43               2.3341804               2.4668641              -4.0968409
            44               2.3341804               2.4668641              -3.2774727
            45               2.3341804               2.4668641              -2.4581046
            46               2.3341804               2.4668641              -1.6387362
            47               2.3341804               2.4668641              -0.8193681
            48               2.3341804               2.4668641               0.0000000
            49               3.1122403               2.4668641              -4.0968409
            50               3.1122403               2.4668641              -3.2774727
            51               3.1122403               2.4668641              -2.4581046
            52               3.1122403               2.4668641              -1.6387362
            53               3.1122403               2.4668641              -0.8193681
            54               3.1122403               2.4668641               0.0000000
            55               3.1122403               2.4668641              -4.0968409
            56               3.1122403               2.4668641              -3.2774727
            57               3.1122403               2.4668641              -2.4581046
            58               3.1122403               2.4668641              -1.6387362
            59               3.1122403               2.4668641              -0.8193681
            60               3.1122403               2.4668641               0.0000000
            61               3.1122403               1.6445761              -4.0968409
            62               3.1122403               1.6445761              -3.2774727
            63               3.1122403               1.6445761              -2.4581046
            64               3.1122403               1.6445761              -1.6387362
            65               3.1122403               1.6445761              -0.8193681
            66               3.1122403               1.6445761               0.0000000
            67               3.1122403               0.8222880              -4.0968409
            68               3.1122403               0.8222880              -3.2774727
            69               3.1122403               0.8222880              -2.4581046
            70               3.1122403               0.8222880              -1.6387362
            71               3.1122403               0.8222880              -0.8193681
            72               3.1122403               0.8222880               0.0000000
            73               3.1122403               0.0000000              -4.0968409
            74               3.1122403               0.0000000              -3.2774727
            75               3.1122403               0.0000000              -2.4581046
            76               3.1122403               0.0000000              -1.6387362
            77               3.1122403               0.0000000              -0.8193681
            78               3.1122403               0.0000000               0.0000000
            79               3.1122403              -0.8222880              -4.0968409
            80               3.1122403              -0.8222880              -3.2774727
            81               3.1122403              -0.8222880              -2.4581046
            82               3.1122403              -0.8222880              -1.6387362
            83               3.1122403              -0.8222880              -0.8193681
            84               3.1122403              -0.8222880               0.0000000
            85               3.1122403              -1.6445761              -4.0968409
            86               3.1122403              -1.6445761              -3.2774727
            87               3.1122403              -1.6445761              -2.4581046
            88               3.1122403              -1.6445761              -1.6387362
            89               3.1122403              -1.6445761              -0.8193681
            90               3.1122403              -1.6445761               0.0000000
            91               3.1122403              -2.4668641              -4.0968409
            92               3.1122403              -2.4668641              -3.2774727
            93               3.1122403              -2.4668641              -2.4581046
            94               3.1122403              -2.4668641              -1.6387362
            95               3.1122403              -2.4668641              -0.8193681
            96               3.1122403              -2.4668641               0.0000000
            97               3.1122403              -2.4668641              -4.0968409
            98               3.1122403              -2.4668641              -3.2774727
            99               3.1122403              -2.4668641              -2.4581046
           100               3.1122403              -2.4668641              -1.6387362
           101               3.1122403              -2.4668641              -0.8193681
           102               3.1122403              -2.4668641               0.0000000
           103               2.3341804              -2.4668641              -4.0968409
           104               2.3341804              -2.4668641              -3.2774727
           105               2.3341804              -2.4668641              -2.4581046
           106               2.3341804              -2.4668641              -1.6387362
           107               2.3341804              -2.4668641              -0.8193681
           108               2.3341804              -2.4668641               0.0000000
           109               1.5561202              -2.4668641              -4.0968409
           110               1.5561202              -2.4668641              -3.2774727
           111               1.5561202              -2.4668641              -2.4581046
           112               1.5561202              -2.4668641              -1.6387362
           113               1.5561202              -2.4668641              -0.8193681
           114               1.5561202              -2.4668641               0.0000000
           115               0.7780600              -2.4668641              -4.0968409
           116               0.7780600              -2.4668641              -3.2774727
           117               0.7780600              -2.4668641              -2.4581046
           118               0.7780600              -2.4668641              -1.6387362
           119               0.7780600              -2.4668641              -0.8193681
           120               0.7780600              -2.4668641               0.0000000
           121               0.0000000              -2.4668641              -4.0968409
           122               0.0000000              -2.4668641              -3.2774727
           123               0.0000000              -2.4668641              -2.4581046
           124               0.0000000              -2.4668641              -1.6387362
           125               0.0000000              -2.4668641              -0.8193681
           126               0.0000000              -2.4668641               0.0000000
           127              -0.7780600              -2.4668641              -4.0968409
           128              -0.7780600              -2.4668641              -3.2774727
           129              -0.7780600              -2.4668641              -2.4581046
           130              -0.7780600              -2.4668641              -1.6387362
           131              -0.7780600              -2.4668641              -0.8193681
           132              -0.7780600              -2.4668641               0.0000000
           133              -1.5561204              -2.4668641              -4.0968409
           134              -1.5561204              -2.4668641              -3.2774727
           135              -1.5561204              -2.4668641              -2.4581046
           136              -1.5561204              -2.4668641              -1.6387362
           137              -1.5561204              -2.4668641              -0.8193681
           138              -1.5561204              -2.4668641               0.0000000
           139              -2.3341804              -2.4668641              -4.0968409
           140              -2.3341804              -2.4668641              -3.2774727
           141              -2.3341804              -2.4668641              -2.4581046
           142              -2.3341804              -2.4668641              -1.6387362
           143              -2.3341804              -2.4668641              -0.8193681
           144              -2.3341804              -2.4668641               0.0000000
           145              -3.1122403              -2.4668641              -4.0968409
           146              -3.1122403              -2.4668641              -3.2774727
           147              -3.1122403              -2.4668641              -2.4581046
           148              -3.1122403              -2.4668641              -1.6387362
           149              -3.1122403              -2.4668641              -0.8193681
           150              -3.1122403              -2.4668641               0.0000000
           151              -3.1122403              -2.4668641              -4.0968409
           152              -3.1122403              -2.4668641              -3.2774727
           153              -3.1122403              -2.4668641              -2.4581046
           154              -3.1122403              -2.4668641              -1.6387362
           155              -3.1122403              -2.4668641              -0.8193681
           156              -3.1122403              -2.4668641               0.0000000
           157              -3.1122403              -1.6445761              -4.0968409
           158              -3.1122403              -1.6445761              -3.2774727
           159              -3.1122403              -1.6445761              -2.4581046
           160              -3.1122403              -1.6445761              -1.6387362
           161              -3.1122403              -1.6445761              -0.8193681
           162              -3.1122403              -1.6445761               0.0000000
           163              -3.1122403              -0.8222880              -4.0968409
           164              -3.1122403              -0.8222880              -3.2774727
           165              -3.1122403              -0.8222880              -2.4581046
           166              -3.1122403              -0.8222880              -1.6387362
           167              -3.1122403              -0.8222880              -0.8193681
           168              -3.1122403              -0.8222880               0.0000000
           169              -3.1122403               0.0000000              -4.0968409
           170              -3.1122403               0.0000000              -3.2774727
           171              -3.1122403               0.0000000              -2.4581046
           172              -3.1122403               0.0000000              -1.6387362
           173              -3.1122403               0.0000000              -0.8193681
           174              -3.1122403               0.0000000               0.0000000
           175              -3.1122403               0.8222880              -4.0968409
           176              -3.1122403               0.8222880              -3.2774727
           177              -3.1122403               0.8222880              -2.4581046
           178              -3.1122403               0.8222880              -1.6387362
           179              -3.1122403               0.8222880              -0.8193681
           180              -3.1122403               0.8222880               0.0000000
           181              -3.1122403               1.6445761              -4.0968409
           182              -3.1122403               1.6445761              -3.2774727
           183              -3.1122403               1.6445761              -2.4581046
           184              -3.1122403               1.6445761              -1.6387362
           185              -3.1122403               1.6445761              -0.8193681
           186              -3.1122403               1.6445761               0.0000000
           187              -3.1122403               2.4668641              -4.0968409
           188              -3.1122403               2.4668641              -3.2774727
           189              -3.1122403               2.4668641              -2.4581046
           190              -3.1122403               2.4668641              -1.6387362
           191              -3.1122403               2.4668641              -0.8193681
           192              -3.1122403               2.4668641               0.0000000
           193               3.1122403              -2.4668641              -4.0968409
           194               2.3341804              -2.4668641              -4.0968409
           195               1.5561202              -2.4668641              -4.0968409
           196               0.7780600              -2.4668641              -4.0968409
           197               0.0000000              -2.4668641              -4.0968409
           198              -0.7780600              -2.4668641              -4.0968409
           199              -1.5561204              -2.4668641              -4.0968409
           200              -2.3341804              -2.4668641              -4.0968409
           201              -3.1122403              -2.4668641              -4.0968409
           202               3.1122403              -1.6445761              -4.0968409
           203               2.3341804              -1.6445761              -4.0968409
           204               1.5561202              -1.6445761              -4.0968409
           205               0.7780600              -1.6445761              -4.0968409
           206               0.0000000              -1.6445761              -4.0968409
           207              -0.7780600              -1.6445761              -4.0968409
           208              -1.5561204              -1.6445761              -4.0968409
           209              -2.3341804              -1.6445761              -4.0968409
           210              -3.1122403              -1.6445761              -4.0968409
           211               3.1122403              -0.8222880              -4.0968409
           212               2.3341804              -0.8222880              -4.0968409
           213               1.5561202              -0.8222880              -4.0968409
           214               0.7780600              -0.8222880              -4.0968409
           215               0.0000000              -0.8222880              -4.0968409
           216              -0.7780600              -0.8222880              -4.0968409
           217              -1.5561204              -0.8222880              -4.0968409
           218              -2.3341804              -0.8222880              -4.0968409
           219              -3.1122403              -0.8222880              -4.0968409
           220               3.1122403               0.0000000              -4.0968409
           221               2.3341804               0.0000000              -4.0968409
           222               1.5561202               0.0000000              -4.0968409
           223               0.7780600               0.0000000              -4.0968409
           224               0.0000000               0.0000000              -4.0968409
           225              -0.7780600               0.0000000              -4.0968409
           226              -1.5561204               0.0000000              -4.0968409
           227              -2.3341804               0.0000000              -4.0968409
           228              -3.1122403               0.0000000              -4.0968409
           229               3.1122403               0.8222880              -4.0968409
           230               2.3341804               0.8222880              -4.0968409
           231               1.5561202               0.8222880              -4.0968409
           232               0.7780600               0.8222880              -4.0968409
           233               0.0000000               0.8222880              -4.0968409
           234              -0.7780600               0.8222880              -4.0968409
           235              -1.5561204               0.8222880              -4.0968409
           236              -2.3341804               0.8222880              -4.0968409
           237              -3.1122403               0.8222880              -4.0968409
           238               3.1122403               1.6445761              -4.0968409
           239               2.3341804               1.6445761              -4.0968409
           240               1.5561202               1.6445761              -4.0968409
           241               0.7780600               1.6445761              -4.0968409
           242               0.0000000               1.6445761              -4.0968409
           243              -0.7780600               1.6445761              -4.0968409
           244              -1.5561204               1.6445761              -4.0968409
           245              -2.3341804               1.6445761              -4.0968409
           246              -3.1122403               1.6445761              -4.0968409
           247               3.1122403               2.4668641              -4.0968409
           248               2.3341804               2.4668641              -4.0968409
           249               1.5561202               2.4668641              -4.0968409
           250               0.7780600               2.4668641              -4.0968409
           251               0.0000000               2.4668641              -4.0968409
           252              -0.7780600               2.4668641              -4.0968409
           253              -1.5561204               2.4668641              -4.0968409
           254              -2.3341804               2.4668641              -4.0968409
           255              -3.1122403               2.4668641              -4.0968409
             0          0.00          0.00          0.00
               1               2               8               7
               2               3               9               8
               3               4              10               9
               4               5              11              10
               5               6              12              11
               7               8              14              13
               8               9              15              14
               9              10              16              15
              10              11              17              16
              11              12              18              17
              13              14              20              19
              14              15              21              20
              15              16              22              21
              16              17              23              22
              17              18              24              23
              19              20              26              25
              20              21              27              26
              21              22              28              27
              22              23              29              28
              23              24              30              29
              25              26              32              31
              26              27              33              32
              27              28              34              33
              28              29              35              34
              29              30              36              35
              31              32              38              37
              32              33              39              38
              33              34              40              39
              34              35              41              40
              35              36              42              41
              37              38              44              43
              38              39              45              44
              39              40              46              45
              40              41              47              46
              41              42              48              47
              43              44              50              49
              44              45              51              50
              45              46              52              51
              46              47              53              52
              47              48              54              53
              55              56              62              61
              56              57              63              62
              57              58              64              63
              58              59              65              64
              59              60              66              65
              61              62              68              67
              62              63              69              68
              63              64              70              69
              64              65              71              70
              65              66              72              71
              67              68              74              73
              68              69              75              74
              69              70              76              75
              70              71              77              76
              71              72              78              77
              73              74              80              79
              74              75              81              80
              75              76              82              81
              76              77              83              82
              77              78              84              83
              79              80              86              85
              80              81              87              86
              81              82              88              87
              82              83              89              88
              83              84              90              89
              85              86              92              91
              86              87              93              92
              87              88              94              93
              88              89              95              94
              89              90              96              95
              97              98             104             103
              98              99             105             104
              99             100             106             105
             100             101             107             106
             101             102             108             107
             103             104             110             109
             104             105             111             110
             105             106             112             111
             106             107             113             112
             107             108             114             113
             109             110             116             115
             110             111             117             116
             111             112             118             117
             112             113             119             118
             113             114             120             119
             115             116             122             121
             116             117             123             122
             117             118             124             123
             118             119             125             124
             119             120             126             125
             121             122             128             127
             122             123             129             128
             123             124             130             129
             124             125             131             130
             125             126             132             131
             127             128             134             133
             128             129             135             134
             129             130             136             135
             130             131             137             136
             131             132             138             137
             133             134             140             139
             134             135             141             140
             135             136             142             141
             136             137             143             142
             137             138             144             143
             139             140             146             145
             140             141             147             146
             141             142             148             147
             142             143             149             148
             143             144             150             149
             151             152             158             157
             152             153             159             158
             153             154             160             159
             154             155             161             160
             155             156             162             161
             157             158             164             163
             158             159             165             164
             159             160             166             165
             160             161             167             166
             161             162             168             167
             163             164             170             169
             164             165             171             170
             165             166             172             171
             166             167             173             172
             167             168             174             173
             169             170             176             175
             170             171             177             176
             171             172             178             177
             172             173             179             178
             173             174             180             179
             175             176             182             181
             176             177             183             182
             177             178             184             183
             178             179             185             184
             179             180             186             185
             181             182             188             187
             182             183             189             188
             183             184             190             189
             184             185             191             190
             185             186             192             191
             193             194             203             202
             194             195             204             203
             195             196             205             204
             196             197             206             205
             197             198             207             206
             198             199             208             207
             199             200             209             208
             200             201             210             209
             202             203             212             211
             203             204             213             212
             204             205             214             213
             205             206             215             214
             206             207             216             215
             207             208             217             216
             208             209             218             217
             209             210             219             218
             211             212             221             220
             212             213             222             221
             213             214             223             222
             214             215             224             223
             215             216             225             224
             216             217             226             225
             217             218             227             226
             218             219             228             227
             220             221             230             229
             221             222             231             230
             222             223             232             231
             223             224             233             232
             224             225             234             233
             225             226             235             234
             226             227             236             235
             227             228             237             236
             229             230             239             238
             230             231             240             239
             231             232             241             240
             232             233             242             241
             233             234             243             242
             234             235             244             243
             235             236             245             244
             236             237             246             245
             238             239             248             247
             239             240             249             248
             240             241             250             249
             241             242             251             250
             242             243             252             251
             243             244             253             252
             244             245             254             253
             245             246             255             254
          0          0          0          0
