                    2          0
             1               0.0000000               2.3354940              -4.7013960
             2              -0.4279311               2.3354940              -4.2312565
             3              -0.8558621               2.3354940              -3.7611167
             4              -1.2837932               2.3354940              -3.2909772
             5              -1.7117243               2.3354940              -2.8208375
             6              -2.1396554               2.3354940              -2.3506980
             7              -2.5675864               2.3354940              -1.8805585
             8              -2.9955175               2.3354940              -1.4104190
             9              -3.4234486               2.3354940              -0.9402792
            10              -3.8513799               2.3354940              -0.4701395
            11              -4.2793107               2.3354940               0.0000000
            12               0.0000000               2.3354940              -4.7013960
            13               0.4279311               2.3354940              -4.2312565
            14               0.8558621               2.3354940              -3.7611167
            15               1.2837932               2.3354940              -3.2909772
            16               1.7117243               2.3354940              -2.8208375
            17               2.1396554               2.3354940              -2.3506980
            18               2.5675864               2.3354940              -1.8805585
            19               2.9955175               2.3354940              -1.4104190
            20               3.4234486               2.3354940              -0.9402792
            21               3.8513799               2.3354940              -0.4701395
            22               4.2793107               2.3354940               0.0000000
            23               0.0000000               2.3354940              -4.7013960
            24               0.4279311               2.3354940              -4.2312565
            25               0.8558621               2.3354940              -3.7611167
            26               1.2837932               2.3354940              -3.2909772
            27               1.7117243               2.3354940              -2.8208375
            28               2.1396554               2.3354940              -2.3506980
            29               2.5675864               2.3354940              -1.8805585
            30               2.9955175               2.3354940              -1.4104190
            31               3.4234486               2.3354940              -0.9402792
            32               3.8513799               2.3354940              -0.4701395
            33               4.2793107               2.3354940               0.0000000
            34               0.0000000               1.7516205              -4.7013960
            35               0.4279311               1.7516205              -4.2312565
            36               0.8558621               1.7516205              -3.7611167
            37               1.2837932               1.7516205              -3.2909772
            38               1.7117243               1.7516205              -2.8208375
            39               2.1396554               1.7516205              -2.3506980
            40               2.5675864               1.7516205              -1.8805585
            41               2.9955175               1.7516205              -1.4104190
            42               3.4234486               1.7516205              -0.9402792
            43               3.8513799               1.7516205              -0.4701395
            44               4.2793107               1.7516205               0.0000000
            45               0.0000000               1.1677470              -4.7013960
            46               0.4279311               1.1677470              -4.2312565
            47               0.8558621               1.1677470              -3.7611167
            48               1.2837932               1.1677470              -3.2909772
            49               1.7117243               1.1677470              -2.8208375
            50               2.1396554               1.1677470              -2.3506980
            51               2.5675864               1.1677470              -1.8805585
            52               2.9955175               1.1677470              -1.4104190
            53               3.4234486               1.1677470              -0.9402792
            54               3.8513799               1.1677470              -0.4701395
            55               4.2793107               1.1677470               0.0000000
            56               0.0000000               0.5838735              -4.7013960
            57               0.4279311               0.5838735              -4.2312565
            58               0.8558621               0.5838735              -3.7611167
            59               1.2837932               0.5838735              -3.2909772
            60               1.7117243               0.5838735              -2.8208375
            61               2.1396554               0.5838735              -2.3506980
            62               2.5675864               0.5838735              -1.8805585
            63               2.9955175               0.5838735              -1.4104190
            64               3.4234486               0.5838735              -0.9402792
            65               3.8513799               0.5838735              -0.4701395
            66               4.2793107               0.5838735               0.0000000
            67               0.0000000               0.0000000              -4.7013960
            68               0.4279311               0.0000000              -4.2312565
            69               0.8558621               0.0000000              -3.7611167
            70               1.2837932               0.0000000              -3.2909772
            71               1.7117243               0.0000000              -2.8208375
            72               2.1396554               0.0000000              -2.3506980
            73               2.5675864               0.0000000              -1.8805585
            74               2.9955175               0.0000000              -1.4104190
            75               3.4234486               0.0000000              -0.9402792
            76               3.8513799               0.0000000              -0.4701395
            77               4.2793107               0.0000000               0.0000000
            78               0.0000000              -0.5838735              -4.7013960
            79               0.4279311              -0.5838735              -4.2312565
            80               0.8558621              -0.5838735              -3.7611167
            81               1.2837932              -0.5838735              -3.2909772
            82               1.7117243              -0.5838735              -2.8208375
            83               2.1396554              -0.5838735              -2.3506980
            84               2.5675864              -0.5838735              -1.8805585
            85               2.9955175              -0.5838735              -1.4104190
            86               3.4234486              -0.5838735              -0.9402792
            87               3.8513799              -0.5838735              -0.4701395
            88               4.2793107              -0.5838735               0.0000000
            89               0.0000000              -1.1677470              -4.7013960
            90               0.4279311              -1.1677470              -4.2312565
            91               0.8558621              -1.1677470              -3.7611167
            92               1.2837932              -1.1677470              -3.2909772
            93               1.7117243              -1.1677470              -2.8208375
            94               2.1396554              -1.1677470              -2.3506980
            95               2.5675864              -1.1677470              -1.8805585
            96               2.9955175              -1.1677470              -1.4104190
            97               3.4234486              -1.1677470              -0.9402792
            98               3.8513799              -1.1677470              -0.4701395
            99               4.2793107              -1.1677470               0.0000000
           100               0.0000000              -1.7516203              -4.7013960
           101               0.4279311              -1.7516203              -4.2312565
           102               0.8558621              -1.7516203              -3.7611167
           103               1.2837932              -1.7516203              -3.2909772
           104               1.7117243              -1.7516203              -2.8208375
           105               2.1396554              -1.7516203              -2.3506980
           106               2.5675864              -1.7516203              -1.8805585
           107               2.9955175              -1.7516203              -1.4104190
           108               3.4234486              -1.7516203              -0.9402792
           109               3.8513799              -1.7516203              -0.4701395
           110               4.2793107              -1.7516203               0.0000000
           111               0.0000000              -2.3354940              -4.7013960
           112               0.4279311              -2.3354940              -4.2312565
           113               0.8558621              -2.3354940              -3.7611167
           114               1.2837932              -2.3354940              -3.2909772
           115               1.7117243              -2.3354940              -2.8208375
           116               2.1396554              -2.3354940              -2.3506980
           117               2.5675864              -2.3354940              -1.8805585
           118               2.9955175              -2.3354940              -1.4104190
           119               3.4234486              -2.3354940              -0.9402792
           120               3.8513799              -2.3354940              -0.4701395
           121               4.2793107              -2.3354940               0.0000000
           122               0.0000000              -2.3354940              -4.7013960
           123               0.4279311              -2.3354940              -4.2312565
           124               0.8558621              -2.3354940              -3.7611167
           125               1.2837932              -2.3354940              -3.2909772
           126               1.7117243              -2.3354940              -2.8208375
           127               2.1396554              -2.3354940              -2.3506980
           128               2.5675864              -2.3354940              -1.8805585
           129               2.9955175              -2.3354940              -1.4104190
           130               3.4234486              -2.3354940              -0.9402792
           131               3.8513799              -2.3354940              -0.4701395
           132               4.2793107              -2.3354940               0.0000000
           133               0.0000000              -2.3354940              -4.7013960
           134              -0.4279311              -2.3354940              -4.2312565
           135              -0.8558621              -2.3354940              -3.7611167
           136              -1.2837932              -2.3354940              -3.2909772
           137              -1.7117243              -2.3354940              -2.8208375
           138              -2.1396554              -2.3354940              -2.3506980
           139              -2.5675864              -2.3354940              -1.8805585
           140              -2.9955175              -2.3354940              -1.4104190
           141              -3.4234486              -2.3354940              -0.9402792
           142              -3.8513799              -2.3354940              -0.4701395
           143              -4.2793107              -2.3354940               0.0000000
           144               0.0000000              -2.3354940              -4.7013960
           145              -0.4279311              -2.3354940              -4.2312565
           146              -0.8558621              -2.3354940              -3.7611167
           147              -1.2837932              -2.3354940              -3.2909772
           148              -1.7117243              -2.3354940              -2.8208375
           149              -2.1396554              -2.3354940              -2.3506980
           150              -2.5675864              -2.3354940              -1.8805585
           151              -2.9955175              -2.3354940              -1.4104190
           152              -3.4234486              -2.3354940              -0.9402792
           153              -3.8513799              -2.3354940              -0.4701395
           154              -4.2793107              -2.3354940               0.0000000
           155               0.0000000              -1.7516205              -4.7013960
           156              -0.4279311              -1.7516205              -4.2312565
           157              -0.8558621              -1.7516205              -3.7611167
           158              -1.2837932              -1.7516205              -3.2909772
           159              -1.7117243              -1.7516205              -2.8208375
           160              -2.1396554              -1.7516205              -2.3506980
           161              -2.5675864              -1.7516205              -1.8805585
           162              -2.9955175              -1.7516205              -1.4104190
           163              -3.4234486              -1.7516205              -0.9402792
           164              -3.8513799              -1.7516205              -0.4701395
           165              -4.2793107              -1.7516205               0.0000000
           166               0.0000000              -1.1677470              -4.7013960
           167              -0.4279311              -1.1677470              -4.2312565
           168              -0.8558621              -1.1677470              -3.7611167
           169              -1.2837932              -1.1677470              -3.2909772
           170              -1.7117243              -1.1677470              -2.8208375
           171              -2.1396554              -1.1677470              -2.3506980
           172              -2.5675864              -1.1677470              -1.8805585
           173              -2.9955175              -1.1677470              -1.4104190
           174              -3.4234486              -1.1677470              -0.9402792
           175              -3.8513799              -1.1677470              -0.4701395
           176              -4.2793107              -1.1677470               0.0000000
           177               0.0000000              -0.5838735              -4.7013960
           178              -0.4279311              -0.5838735              -4.2312565
           179              -0.8558621              -0.5838735              -3.7611167
           180              -1.2837932              -0.5838735              -3.2909772
           181              -1.7117243              -0.5838735              -2.8208375
           182              -2.1396554              -0.5838735              -2.3506980
           183              -2.5675864              -0.5838735              -1.8805585
           184              -2.9955175              -0.5838735              -1.4104190
           185              -3.4234486              -0.5838735              -0.9402792
           186              -3.8513799              -0.5838735              -0.4701395
           187              -4.2793107              -0.5838735               0.0000000
           188               0.0000000               0.0000000              -4.7013960
           189              -0.4279311               0.0000000              -4.2312565
           190              -0.8558621               0.0000000              -3.7611167
           191              -1.2837932               0.0000000              -3.2909772
           192              -1.7117243               0.0000000              -2.8208375
           193              -2.1396554               0.0000000              -2.3506980
           194              -2.5675864               0.0000000              -1.8805585
           195              -2.9955175               0.0000000              -1.4104190
           196              -3.4234486               0.0000000              -0.9402792
           197              -3.8513799               0.0000000              -0.4701395
           198              -4.2793107               0.0000000               0.0000000
           199               0.0000000               0.5838735              -4.7013960
           200              -0.4279311               0.5838735              -4.2312565
           201              -0.8558621               0.5838735              -3.7611167
           202              -1.2837932               0.5838735              -3.2909772
           203              -1.7117243               0.5838735              -2.8208375
           204              -2.1396554               0.5838735              -2.3506980
           205              -2.5675864               0.5838735              -1.8805585
           206              -2.9955175               0.5838735              -1.4104190
           207              -3.4234486               0.5838735              -0.9402792
           208              -3.8513799               0.5838735              -0.4701395
           209              -4.2793107               0.5838735               0.0000000
           210               0.0000000               1.1677470              -4.7013960
           211              -0.4279311               1.1677470              -4.2312565
           212              -0.8558621               1.1677470              -3.7611167
           213              -1.2837932               1.1677470              -3.2909772
           214              -1.7117243               1.1677470              -2.8208375
           215              -2.1396554               1.1677470              -2.3506980
           216              -2.5675864               1.1677470              -1.8805585
           217              -2.9955175               1.1677470              -1.4104190
           218              -3.4234486               1.1677470              -0.9402792
           219              -3.8513799               1.1677470              -0.4701395
           220              -4.2793107               1.1677470               0.0000000
           221               0.0000000               1.7516203              -4.7013960
           222              -0.4279311               1.7516203              -4.2312565
           223              -0.8558621               1.7516203              -3.7611167
           224              -1.2837932               1.7516203              -3.2909772
           225              -1.7117243               1.7516203              -2.8208375
           226              -2.1396554               1.7516203              -2.3506980
           227              -2.5675864               1.7516203              -1.8805585
           228              -2.9955175               1.7516203              -1.4104190
           229              -3.4234486               1.7516203              -0.9402792
           230              -3.8513799               1.7516203              -0.4701395
           231              -4.2793107               1.7516203               0.0000000
           232               0.0000000               2.3354940              -4.7013960
           233              -0.4279311               2.3354940              -4.2312565
           234              -0.8558621               2.3354940              -3.7611167
           235              -1.2837932               2.3354940              -3.2909772
           236              -1.7117243               2.3354940              -2.8208375
           237              -2.1396554               2.3354940              -2.3506980
           238              -2.5675864               2.3354940              -1.8805585
           239              -2.9955175               2.3354940              -1.4104190
           240              -3.4234486               2.3354940              -0.9402792
           241              -3.8513799               2.3354940              -0.4701395
           242              -4.2793107               2.3354940               0.0000000
             0          0.00          0.00          0.00
               1               2              13              12
               2               3              14              13
               3               4              15              14
               4               5              16              15
               5               6              17              16
               6               7              18              17
               7               8              19              18
               8               9              20              19
               9              10              21              20
              10              11              22              21
              23              24              35              34
              24              25              36              35
              25              26              37              36
              26              27              38              37
              27              28              39              38
              28              29              40              39
              29              30              41              40
              30              31              42              41
              31              32              43              42
              32              33              44              43
              34              35              46              45
              35              36              47              46
              36              37              48              47
              37              38              49              48
              38              39              50              49
              39              40              51              50
              40              41              52              51
              41              42              53              52
              42              43              54              53
              43              44              55              54
              45              46              57              56
              46              47              58              57
              47              48              59              58
              48              49              60              59
              49              50              61              60
              50              51              62              61
              51              52              63              62
              52              53              64              63
              53              54              65              64
              54              55              66              65
              56              57              68              67
              57              58              69              68
              58              59              70              69
              59              60              71              70
              60              61              72              71
              61              62              73              72
              62              63              74              73
              63              64              75              74
              64              65              76              75
              65              66              77              76
              67              68              79              78
              68              69              80              79
              69              70              81              80
              70              71              82              81
              71              72              83              82
              72              73              84              83
              73              74              85              84
              74              75              86              85
              75              76              87              86
              76              77              88              87
              78              79              90              89
              79              80              91              90
              80              81              92              91
              81              82              93              92
              82              83              94              93
              83              84              95              94
              84              85              96              95
              85              86              97              96
              86              87              98              97
              87              88              99              98
              89              90             101             100
              90              91             102             101
              91              92             103             102
              92              93             104             103
              93              94             105             104
              94              95             106             105
              95              96             107             106
              96              97             108             107
              97              98             109             108
              98              99             110             109
             100             101             112             111
             101             102             113             112
             102             103             114             113
             103             104             115             114
             104             105             116             115
             105             106             117             116
             106             107             118             117
             107             108             119             118
             108             109             120             119
             109             110             121             120
             122             123             134             133
             123             124             135             134
             124             125             136             135
             125             126             137             136
             126             127             138             137
             127             128             139             138
             128             129             140             139
             129             130             141             140
             130             131             142             141
             131             132             143             142
             144             145             156             155
             145             146             157             156
             146             147             158             157
             147             148             159             158
             148             149             160             159
             149             150             161             160
             150             151             162             161
             151             152             163             162
             152             153             164             163
             153             154             165             164
             155             156             167             166
             156             157             168             167
             157             158             169             168
             158             159             170             169
             159             160             171             170
             160             161             172             171
             161             162             173             172
             162             163             174             173
             163             164             175             174
             164             165             176             175
             166             167             178             177
             167             168             179             178
             168             169             180             179
             169             170             181             180
             170             171             182             181
             171             172             183             182
             172             173             184             183
             173             174             185             184
             174             175             186             185
             175             176             187             186
             177             178             189             188
             178             179             190             189
             179             180             191             190
             180             181             192             191
             181             182             193             192
             182             183             194             193
             183             184             195             194
             184             185             196             195
             185             186             197             196
             186             187             198             197
             188             189             200             199
             189             190             201             200
             190             191             202             201
             191             192             203             202
             192             193             204             203
             193             194             205             204
             194             195             206             205
             195             196             207             206
             196             197             208             207
             197             198             209             208
             199             200             211             210
             200             201             212             211
             201             202             213             212
             202             203             214             213
             203             204             215             214
             204             205             216             215
             205             206             217             216
             206             207             218             217
             207             208             219             218
             208             209             220             219
             210             211             222             221
             211             212             223             222
             212             213             224             223
             213             214             225             224
             214             215             226             225
             215             216             227             226
             216             217             228             227
             217             218             229             228
             218             219             230             229
             219             220             231             230
             221             222             233             232
             222             223             234             233
             223             224             235             234
             224             225             236             235
             225             226             237             236
             226             227             238             237
             227             228             239             238
             228             229             240             239
             229             230             241             240
             230             231             242             241
          0          0          0          0
