                    2          0
             1               3.6898632               1.4294606              -1.6390744
             2               3.8418713               1.4883488              -0.8195372
             3               3.9938793               1.5472370               0.0000000
             4               3.8234694               0.7147303              -1.6390744
             5               3.9809813               0.7441744              -0.8195372
             6               4.1384935               0.7736185               0.0000000
             7               3.9570756               0.0000000              -1.6390744
             8               4.1200914               0.0000000              -0.8195372
             9               4.2831078               0.0000000               0.0000000
            10               2.8240991               1.0940619              -3.0286145
            11               3.2569811               1.2617612              -2.3338444
            12               3.6898632               1.4294606              -1.6390744
            13               2.9263568               0.5470309              -3.0286145
            14               3.3749132               0.6308806              -2.3338444
            15               3.8234694               0.7147303              -1.6390744
            16               3.0286145               0.0000000              -3.0286145
            17               3.4928451               0.0000000              -2.3338444
            18               3.9570756               0.0000000              -1.6390744
            19               1.5283914               0.5921020              -3.9570756
            20               2.1762452               0.8430820              -3.4928451
            21               2.8240991               1.0940619              -3.0286145
            22               1.6390744               0.0000000              -3.9570756
            23               2.3338444               0.0000000              -3.4928451
            24               3.0286145               0.0000000              -3.0286145
            25               0.0000000               0.0000000              -4.2831078
            26               0.7641957               0.2960510              -4.1200914
            27               1.5283914               0.5921020              -3.9570756
            28               0.0000000               0.0000000              -4.2831078
            29               0.8195372               0.0000000              -4.1200914
            30               1.6390744               0.0000000              -3.9570756
            31               2.9243143               2.6658647              -1.6390744
            32               3.0447845               2.7756879              -0.8195372
            33               3.1652548               2.8855112               0.0000000
            34               3.3070889               2.0476627              -1.6390744
            35               3.4433279               2.1320186              -0.8195372
            36               3.5795670               2.2163742               0.0000000
            37               3.6898632               1.4294606              -1.6390744
            38               3.8418713               1.4883488              -0.8195372
            39               3.9938793               1.5472370               0.0000000
            40               2.2381732               2.0403645              -3.0286145
            41               2.5812438               2.3531146              -2.3338444
            42               2.9243143               2.6658647              -1.6390744
            43               2.5311360               1.5672132              -3.0286145
            44               2.9191124               1.8074379              -2.3338444
            45               3.3070889               2.0476627              -1.6390744
            46               2.8240991               1.0940619              -3.0286145
            47               3.2569811               1.2617612              -2.3338444
            48               3.6898632               1.4294606              -1.6390744
            49               1.2112906               1.1042373              -3.9570756
            50               1.7247319               1.5723009              -3.4928451
            51               2.2381732               2.0403645              -3.0286145
            52               1.5283914               0.5921020              -3.9570756
            53               2.1762452               0.8430820              -3.4928451
            54               2.8240991               1.0940619              -3.0286145
            55               0.0000000               0.0000000              -4.2831078
            56               0.6056453               0.5521187              -4.1200914
            57               1.2112906               1.1042373              -3.9570756
            58               0.0000000               0.0000000              -4.2831078
            59               0.7641957               0.2960510              -4.1200914
            60               1.5283914               0.5921020              -3.9570756
            61               1.7638204               3.5422289              -1.6390744
            62               1.8364830               3.6881549              -0.8195372
            63               1.9091455               3.8340809               0.0000000
            64               2.3440673               3.1040468              -1.6390744
            65               2.4406338               3.2319214              -0.8195372
            66               2.5372002               3.3597960               0.0000000
            67               2.9243143               2.6658647              -1.6390744
            68               3.0447845               2.7756879              -0.8195372
            69               3.1652548               2.8855112               0.0000000
            70               1.3499697               2.7111046              -3.0286145
            71               1.5568950               3.1266668              -2.3338444
            72               1.7638204               3.5422289              -1.6390744
            73               1.7940714               2.3757346              -3.0286145
            74               2.0690694               2.7398906              -2.3338444
            75               2.3440673               3.1040468              -1.6390744
            76               2.2381732               2.0403645              -3.0286145
            77               2.5812438               2.3531146              -2.3338444
            78               2.9243143               2.6658647              -1.6390744
            79               0.7305983               1.4672393              -3.9570756
            80               1.0402840               2.0891719              -3.4928451
            81               1.3499697               2.7111046              -3.0286145
            82               1.2112906               1.1042373              -3.9570756
            83               1.7247319               1.5723009              -3.4928451
            84               2.2381732               2.0403645              -3.0286145
            85               0.0000000               0.0000000              -4.2831078
            86               0.3652991               0.7336196              -4.1200914
            87               0.7305983               1.4672393              -3.9570756
            88               0.0000000               0.0000000              -4.2831078
            89               0.6056453               0.5521187              -4.1200914
            90               1.2112906               1.1042373              -3.9570756
            91               0.3651129               3.9401956              -1.6390744
            92               0.3801541               4.1025162              -0.8195372
            93               0.3951953               4.2648368               0.0000000
            94               1.0644667               3.7412124              -1.6390744
            95               1.1083186               3.8953357              -0.8195372
            96               1.1521704               4.0494590               0.0000000
            97               1.7638204               3.5422289              -1.6390744
            98               1.8364829               3.6881549              -0.8195372
            99               1.9091454               3.8340809               0.0000000
           100               0.2794453               3.0156951              -3.0286145
           101               0.3222791               3.4779453              -2.3338444
           102               0.3651129               3.9401956              -1.6390744
           103               0.8147075               2.8634000              -3.0286145
           104               0.9395871               3.3023062              -2.3338444
           105               1.0644667               3.7412124              -1.6390744
           106               1.3499697               2.7111046              -3.0286145
           107               1.5568950               3.1266668              -2.3338444
           108               1.7638204               3.5422289              -1.6390744
           109               0.1512347               1.6320823              -3.9570756
           110               0.2153400               2.3238888              -3.4928451
           111               0.2794453               3.0156951              -3.0286145
           112               0.7305983               1.4672393              -3.9570756
           113               1.0402840               2.0891719              -3.4928451
           114               1.3499697               2.7111046              -3.0286145
           115               0.0000000               0.0000000              -4.2831078
           116               0.0756174               0.8160412              -4.1200914
           117               0.1512347               1.6320823              -3.9570756
           118               0.0000000               0.0000000              -4.2831078
           119               0.3652991               0.7336196              -4.1200914
           120               0.7305983               1.4672393              -3.9570756
           121              -1.0829052               3.8060169              -1.6390744
           122              -1.1275166               3.9628100              -0.8195372
           123              -1.1721281               4.1196032               0.0000000
           124              -0.3588961               3.8731062              -1.6390744
           125              -0.3736812               4.0326629              -0.8195372
           126              -0.3884664               4.1922197               0.0000000
           127               0.3651129               3.9401956              -1.6390744
           128               0.3801541               4.1025162              -0.8195372
           129               0.3951954               4.2648368               0.0000000
           130              -0.8288197               2.9129992              -3.0286145
           131              -0.9558624               3.3595080              -2.3338444
           132              -1.0829052               3.8060169              -1.6390744
           133              -0.2746872               2.9643471              -3.0286145
           134              -0.3167917               3.4187267              -2.3338444
           135              -0.3588961               3.8731062              -1.6390744
           136               0.2794452               3.0156951              -3.0286145
           137               0.3222791               3.4779453              -2.3338444
           138               0.3651129               3.9401956              -1.6390744
           139              -0.4485540               1.5765038              -3.9570756
           140              -0.6386868               2.2447515              -3.4928451
           141              -0.8288197               2.9129992              -3.0286145
           142               0.1512347               1.6320823              -3.9570756
           143               0.2153400               2.3238888              -3.4928451
           144               0.2794452               3.0156951              -3.0286145
           145               0.0000000               0.0000000              -4.2831078
           146              -0.2242770               0.7882519              -4.1200914
           147              -0.4485540               1.5765038              -3.9570756
           148               0.0000000               0.0000000              -4.2831078
           149               0.0756174               0.8160412              -4.1200914
           150               0.1512347               1.6320823              -3.9570756
           151              -2.3846710               3.1578145              -1.6390744
           152              -2.4829102               3.2879043              -0.8195372
           153              -2.5811491               3.4179938               0.0000000
           154              -1.7337880               3.4819157              -1.6390744
           155              -1.8052133               3.6253572              -0.8195372
           156              -1.8766387               3.7687984               0.0000000
           157              -1.0829052               3.8060169              -1.6390744
           158              -1.1275166               3.9628100              -0.8195372
           159              -1.1721281               4.1196032               0.0000000
           160              -1.8251481               2.4168868              -3.0286145
           161              -2.1049094               2.7873507              -2.3338444
           162              -2.3846710               3.1578145              -1.6390744
           163              -1.3269839               2.6649430              -3.0286145
           164              -1.5303860               3.0734293              -2.3338444
           165              -1.7337880               3.4819157              -1.6390744
           166              -0.8288197               2.9129992              -3.0286145
           167              -0.9558624               3.3595080              -2.3338444
           168              -1.0829052               3.8060169              -1.6390744
           169              -0.9877630               1.3080096              -3.9570756
           170              -1.4064555               1.8624482              -3.4928451
           171              -1.8251481               2.4168868              -3.0286145
           172              -0.4485540               1.5765038              -3.9570756
           173              -0.6386868               2.2447515              -3.4928451
           174              -0.8288197               2.9129992              -3.0286145
           175               0.0000000               0.0000000              -4.2831078
           176              -0.4938815               0.6540048              -4.1200914
           177              -0.9877630               1.3080096              -3.9570756
           178               0.0000000               0.0000000              -4.2831078
           179              -0.2242770               0.7882519              -4.1200914
           180              -0.4485540               1.5765038              -3.9570756
           181              -3.3643737               2.0831318              -1.6390744
           182              -3.5029726               2.1689487              -0.8195372
           183              -3.6415718               2.2547657               0.0000000
           184              -2.8745222               2.6204731              -1.6390744
           185              -2.9929414               2.7284265              -0.8195372
           186              -3.1113605               2.8363798               0.0000000
           187              -2.3846710               3.1578145              -1.6390744
           188              -2.4829102               3.2879043              -0.8195372
           189              -2.5811491               3.4179938               0.0000000
           190              -2.5749800               1.5943602              -3.0286145
           191              -2.9696770               1.8387461              -2.3338444
           192              -3.3643737               2.0831318              -1.6390744
           193              -2.2000642               2.0056236              -3.0286145
           194              -2.5372932               2.3130484              -2.3338444
           195              -2.8745222               2.6204731              -1.6390744
           196              -1.8251481               2.4168868              -3.0286145
           197              -2.1049094               2.7873507              -2.3338444
           198              -2.3846710               3.1578145              -1.6390744
           199              -1.3935692               0.8628615              -3.9570756
           200              -1.9842746               1.2286109              -3.4928451
           201              -2.5749800               1.5943602              -3.0286145
           202              -0.9877630               1.3080096              -3.9570756
           203              -1.4064555               1.8624482              -3.4928451
           204              -1.8251481               2.4168868              -3.0286145
           205               0.0000000               0.0000000              -4.2831078
           206              -0.6967846               0.4314308              -4.1200914
           207              -1.3935692               0.8628615              -3.9570756
           208               0.0000000               0.0000000              -4.2831078
           209              -0.4938815               0.6540048              -4.1200914
           210              -0.9877630               1.3080096              -3.9570756
           211              -3.8896990               0.7271108              -1.6390744
           212              -4.0499392               0.7570649              -0.8195372
           213              -4.2101798               0.7870190               0.0000000
           214              -3.6270363               1.4051213              -1.6390744
           215              -3.7764559               1.4630069              -0.8195372
           216              -3.9258757               1.5208924               0.0000000
           217              -3.3643737               2.0831318              -1.6390744
           218              -3.5029726               2.1689487              -0.8195372
           219              -3.6415718               2.2547657               0.0000000
           220              -2.9770467               0.5565065              -3.0286145
           221              -3.4333730               0.6418086              -2.3338444
           222              -3.8896990               0.7271108              -1.6390744
           223              -2.7760134               1.0754334              -3.0286145
           224              -3.2015247               1.2402773              -2.3338444
           225              -3.6270363               1.4051213              -1.6390744
           226              -2.5749800               1.5943602              -3.0286145
           227              -2.9696770               1.8387461              -2.3338444
           228              -3.3643737               2.0831318              -1.6390744
           229              -1.6111661               0.3011791              -3.9570756
           230              -2.2941065               0.4288428              -3.4928451
           231              -2.9770467               0.5565065              -3.0286145
           232              -1.3935692               0.8628615              -3.9570756
           233              -1.9842746               1.2286109              -3.4928451
           234              -2.5749800               1.5943602              -3.0286145
           235               0.0000000               0.0000000              -4.2831078
           236              -0.8055831               0.1505896              -4.1200914
           237              -1.6111661               0.3011791              -3.9570756
           238               0.0000000               0.0000000              -4.2831078
           239              -0.6967846               0.4314308              -4.1200914
           240              -1.3935692               0.8628615              -3.9570756
           241              -3.8896990              -0.7271108              -1.6390744
           242              -4.0499392              -0.7570649              -0.8195372
           243              -4.2101798              -0.7870190               0.0000000
           244              -3.8896990               0.0000000              -1.6390744
           245              -4.0499392               0.0000000              -0.8195372
           246              -4.2101798               0.0000000               0.0000000
           247              -3.8896990               0.7271108              -1.6390744
           248              -4.0499392               0.7570649              -0.8195372
           249              -4.2101798               0.7870190               0.0000000
           250              -2.9770467              -0.5565065              -3.0286145
           251              -3.4333730              -0.6418086              -2.3338444
           252              -3.8896990              -0.7271108              -1.6390744
           253              -2.9770467               0.0000000              -3.0286145
           254              -3.4333730               0.0000000              -2.3338444
           255              -3.8896990               0.0000000              -1.6390744
           256              -2.9770467               0.5565065              -3.0286145
           257              -3.4333730               0.6418086              -2.3338444
           258              -3.8896990               0.7271108              -1.6390744
           259              -1.6111661              -0.3011791              -3.9570756
           260              -2.2941065              -0.4288428              -3.4928451
           261              -2.9770467              -0.5565065              -3.0286145
           262              -1.6111661               0.3011791              -3.9570756
           263              -2.2941065               0.4288428              -3.4928451
           264              -2.9770467               0.5565065              -3.0286145
           265               0.0000000               0.0000000              -4.2831078
           266              -0.8055831              -0.1505896              -4.1200914
           267              -1.6111661              -0.3011791              -3.9570756
           268               0.0000000               0.0000000              -4.2831078
           269              -0.8055831               0.1505896              -4.1200914
           270              -1.6111661               0.3011791              -3.9570756
           271              -3.3643737              -2.0831318              -1.6390744
           272              -3.5029726              -2.1689487              -0.8195372
           273              -3.6415718              -2.2547657               0.0000000
           274              -3.6270363              -1.4051213              -1.6390744
           275              -3.7764559              -1.4630069              -0.8195372
           276              -3.9258757              -1.5208924               0.0000000
           277              -3.8896990              -0.7271109              -1.6390744
           278              -4.0499392              -0.7570649              -0.8195372
           279              -4.2101798              -0.7870190               0.0000000
           280              -2.5749800              -1.5943602              -3.0286145
           281              -2.9696770              -1.8387461              -2.3338444
           282              -3.3643737              -2.0831318              -1.6390744
           283              -2.7760134              -1.0754334              -3.0286145
           284              -3.2015247              -1.2402773              -2.3338444
           285              -3.6270363              -1.4051213              -1.6390744
           286              -2.9770467              -0.5565065              -3.0286145
           287              -3.4333730              -0.6418087              -2.3338444
           288              -3.8896990              -0.7271109              -1.6390744
           289              -1.3935692              -0.8628615              -3.9570756
           290              -1.9842746              -1.2286109              -3.4928451
           291              -2.5749800              -1.5943602              -3.0286145
           292              -1.6111661              -0.3011791              -3.9570756
           293              -2.2941065              -0.4288428              -3.4928451
           294              -2.9770467              -0.5565065              -3.0286145
           295               0.0000000               0.0000000              -4.2831078
           296              -0.6967846              -0.4314308              -4.1200914
           297              -1.3935692              -0.8628615              -3.9570756
           298               0.0000000               0.0000000              -4.2831078
           299              -0.8055831              -0.1505896              -4.1200914
           300              -1.6111661              -0.3011791              -3.9570756
           301              -2.3846710              -3.1578145              -1.6390744
           302              -2.4829102              -3.2879043              -0.8195372
           303              -2.5811491              -3.4179938               0.0000000
           304              -2.8745222              -2.6204731              -1.6390744
           305              -2.9929414              -2.7284265              -0.8195372
           306              -3.1113605              -2.8363798               0.0000000
           307              -3.3643737              -2.0831318              -1.6390744
           308              -3.5029726              -2.1689487              -0.8195372
           309              -3.6415718              -2.2547657               0.0000000
           310              -1.8251481              -2.4168868              -3.0286145
           311              -2.1049094              -2.7873507              -2.3338444
           312              -2.3846710              -3.1578145              -1.6390744
           313              -2.2000642              -2.0056236              -3.0286145
           314              -2.5372932              -2.3130484              -2.3338444
           315              -2.8745222              -2.6204731              -1.6390744
           316              -2.5749800              -1.5943602              -3.0286145
           317              -2.9696770              -1.8387461              -2.3338444
           318              -3.3643737              -2.0831318              -1.6390744
           319              -0.9877630              -1.3080096              -3.9570756
           320              -1.4064555              -1.8624482              -3.4928451
           321              -1.8251481              -2.4168868              -3.0286145
           322              -1.3935692              -0.8628615              -3.9570756
           323              -1.9842746              -1.2286109              -3.4928451
           324              -2.5749800              -1.5943602              -3.0286145
           325               0.0000000               0.0000000              -4.2831078
           326              -0.4938815              -0.6540048              -4.1200914
           327              -0.9877630              -1.3080096              -3.9570756
           328               0.0000000               0.0000000              -4.2831078
           329              -0.6967846              -0.4314308              -4.1200914
           330              -1.3935692              -0.8628615              -3.9570756
           331              -1.0829052              -3.8060169              -1.6390744
           332              -1.1275166              -3.9628100              -0.8195372
           333              -1.1721281              -4.1196032               0.0000000
           334              -1.7337880              -3.4819157              -1.6390744
           335              -1.8052133              -3.6253572              -0.8195372
           336              -1.8766387              -3.7687984               0.0000000
           337              -2.3846710              -3.1578145              -1.6390744
           338              -2.4829102              -3.2879043              -0.8195372
           339              -2.5811491              -3.4179938               0.0000000
           340              -0.8288197              -2.9129992              -3.0286145
           341              -0.9558624              -3.3595080              -2.3338444
           342              -1.0829052              -3.8060169              -1.6390744
           343              -1.3269839              -2.6649430              -3.0286145
           344              -1.5303860              -3.0734293              -2.3338444
           345              -1.7337880              -3.4819157              -1.6390744
           346              -1.8251481              -2.4168868              -3.0286145
           347              -2.1049094              -2.7873507              -2.3338444
           348              -2.3846710              -3.1578145              -1.6390744
           349              -0.4485540              -1.5765038              -3.9570756
           350              -0.6386868              -2.2447515              -3.4928451
           351              -0.8288197              -2.9129992              -3.0286145
           352              -0.9877630              -1.3080096              -3.9570756
           353              -1.4064555              -1.8624482              -3.4928451
           354              -1.8251481              -2.4168868              -3.0286145
           355               0.0000000               0.0000000              -4.2831078
           356              -0.2242770              -0.7882519              -4.1200914
           357              -0.4485540              -1.5765038              -3.9570756
           358               0.0000000               0.0000000              -4.2831078
           359              -0.4938815              -0.6540048              -4.1200914
           360              -0.9877630              -1.3080096              -3.9570756
           361               0.3651129              -3.9401956              -1.6390744
           362               0.3801541              -4.1025162              -0.8195372
           363               0.3951953              -4.2648368               0.0000000
           364              -0.3588961              -3.8731062              -1.6390744
           365              -0.3736813              -4.0326629              -0.8195372
           366              -0.3884664              -4.1922197               0.0000000
           367              -1.0829052              -3.8060169              -1.6390744
           368              -1.1275167              -3.9628100              -0.8195372
           369              -1.1721282              -4.1196032               0.0000000
           370               0.2794453              -3.0156951              -3.0286145
           371               0.3222791              -3.4779453              -2.3338444
           372               0.3651129              -3.9401956              -1.6390744
           373              -0.2746872              -2.9643471              -3.0286145
           374              -0.3167917              -3.4187267              -2.3338444
           375              -0.3588961              -3.8731062              -1.6390744
           376              -0.8288196              -2.9129992              -3.0286145
           377              -0.9558624              -3.3595080              -2.3338444
           378              -1.0829052              -3.8060169              -1.6390744
           379               0.1512347              -1.6320823              -3.9570756
           380               0.2153400              -2.3238888              -3.4928451
           381               0.2794453              -3.0156951              -3.0286145
           382              -0.4485540              -1.5765038              -3.9570756
           383              -0.6386868              -2.2447515              -3.4928451
           384              -0.8288196              -2.9129992              -3.0286145
           385               0.0000000               0.0000000              -4.2831078
           386               0.0756174              -0.8160412              -4.1200914
           387               0.1512347              -1.6320823              -3.9570756
           388               0.0000000               0.0000000              -4.2831078
           389              -0.2242770              -0.7882519              -4.1200914
           390              -0.4485540              -1.5765038              -3.9570756
           391               1.7638204              -3.5422289              -1.6390744
           392               1.8364830              -3.6881549              -0.8195372
           393               1.9091455              -3.8340809               0.0000000
           394               1.0644667              -3.7412124              -1.6390744
           395               1.1083186              -3.8953357              -0.8195372
           396               1.1521704              -4.0494590               0.0000000
           397               0.3651129              -3.9401956              -1.6390744
           398               0.3801541              -4.1025162              -0.8195372
           399               0.3951954              -4.2648368               0.0000000
           400               1.3499697              -2.7111046              -3.0286145
           401               1.5568950              -3.1266668              -2.3338444
           402               1.7638204              -3.5422289              -1.6390744
           403               0.8147075              -2.8634000              -3.0286145
           404               0.9395871              -3.3023062              -2.3338444
           405               1.0644667              -3.7412124              -1.6390744
           406               0.2794453              -3.0156951              -3.0286145
           407               0.3222791              -3.4779453              -2.3338444
           408               0.3651129              -3.9401956              -1.6390744
           409               0.7305983              -1.4672393              -3.9570756
           410               1.0402840              -2.0891719              -3.4928451
           411               1.3499697              -2.7111046              -3.0286145
           412               0.1512347              -1.6320823              -3.9570756
           413               0.2153400              -2.3238888              -3.4928451
           414               0.2794453              -3.0156951              -3.0286145
           415               0.0000000               0.0000000              -4.2831078
           416               0.3652991              -0.7336196              -4.1200914
           417               0.7305983              -1.4672393              -3.9570756
           418               0.0000000               0.0000000              -4.2831078
           419               0.0756173              -0.8160412              -4.1200914
           420               0.1512347              -1.6320823              -3.9570756
           421               2.9243143              -2.6658647              -1.6390744
           422               3.0447845              -2.7756879              -0.8195372
           423               3.1652548              -2.8855112               0.0000000
           424               2.3440673              -3.1040468              -1.6390744
           425               2.4406338              -3.2319214              -0.8195372
           426               2.5372002              -3.3597960               0.0000000
           427               1.7638204              -3.5422289              -1.6390744
           428               1.8364830              -3.6881549              -0.8195372
           429               1.9091455              -3.8340809               0.0000000
           430               2.2381732              -2.0403645              -3.0286145
           431               2.5812438              -2.3531146              -2.3338444
           432               2.9243143              -2.6658647              -1.6390744
           433               1.7940714              -2.3757346              -3.0286145
           434               2.0690694              -2.7398906              -2.3338444
           435               2.3440673              -3.1040468              -1.6390744
           436               1.3499697              -2.7111046              -3.0286145
           437               1.5568950              -3.1266668              -2.3338444
           438               1.7638204              -3.5422289              -1.6390744
           439               1.2112906              -1.1042373              -3.9570756
           440               1.7247319              -1.5723009              -3.4928451
           441               2.2381732              -2.0403645              -3.0286145
           442               0.7305983              -1.4672393              -3.9570756
           443               1.0402840              -2.0891719              -3.4928451
           444               1.3499697              -2.7111046              -3.0286145
           445               0.0000000               0.0000000              -4.2831078
           446               0.6056453              -0.5521187              -4.1200914
           447               1.2112906              -1.1042373              -3.9570756
           448               0.0000000               0.0000000              -4.2831078
           449               0.3652991              -0.7336196              -4.1200914
           450               0.7305983              -1.4672393              -3.9570756
           451               3.6898632              -1.4294606              -1.6390744
           452               3.8418713              -1.4883488              -0.8195372
           453               3.9938793              -1.5472370               0.0000000
           454               3.3070889              -2.0476627              -1.6390744
           455               3.4433279              -2.1320186              -0.8195372
           456               3.5795670              -2.2163742               0.0000000
           457               2.9243143              -2.6658647              -1.6390744
           458               3.0447845              -2.7756879              -0.8195372
           459               3.1652548              -2.8855112               0.0000000
           460               2.8240991              -1.0940619              -3.0286145
           461               3.2569811              -1.2617612              -2.3338444
           462               3.6898632              -1.4294606              -1.6390744
           463               2.5311360              -1.5672132              -3.0286145
           464               2.9191124              -1.8074379              -2.3338444
           465               3.3070889              -2.0476627              -1.6390744
           466               2.2381732              -2.0403645              -3.0286145
           467               2.5812438              -2.3531146              -2.3338444
           468               2.9243143              -2.6658647              -1.6390744
           469               1.5283914              -0.5921020              -3.9570756
           470               2.1762452              -0.8430820              -3.4928451
           471               2.8240991              -1.0940619              -3.0286145
           472               1.2112906              -1.1042373              -3.9570756
           473               1.7247319              -1.5723009              -3.4928451
           474               2.2381732              -2.0403645              -3.0286145
           475               0.0000000               0.0000000              -4.2831078
           476               0.7641957              -0.2960510              -4.1200914
           477               1.5283914              -0.5921020              -3.9570756
           478               0.0000000               0.0000000              -4.2831078
           479               0.6056453              -0.5521187              -4.1200914
           480               1.2112906              -1.1042373              -3.9570756
           481               3.9570756               0.0000000              -1.6390744
           482               4.1200914               0.0000000              -0.8195372
           483               4.2831078               0.0000000               0.0000000
           484               3.8234694              -0.7147303              -1.6390744
           485               3.9809813              -0.7441744              -0.8195372
           486               4.1384935              -0.7736185               0.0000000
           487               3.6898632              -1.4294606              -1.6390744
           488               3.8418713              -1.4883488              -0.8195372
           489               3.9938793              -1.5472370               0.0000000
           490               3.0286145               0.0000000              -3.0286145
           491               3.4928451               0.0000000              -2.3338444
           492               3.9570756               0.0000000              -1.6390744
           493               2.9263568              -0.5470309              -3.0286145
           494               3.3749132              -0.6308806              -2.3338444
           495               3.8234694              -0.7147303              -1.6390744
           496               2.8240991              -1.0940619              -3.0286145
           497               3.2569811              -1.2617612              -2.3338444
           498               3.6898632              -1.4294606              -1.6390744
           499               1.6390744               0.0000000              -3.9570756
           500               2.3338444               0.0000000              -3.4928451
           501               3.0286145               0.0000000              -3.0286145
           502               1.5283914              -0.5921020              -3.9570756
           503               2.1762452              -0.8430820              -3.4928451
           504               2.8240991              -1.0940619              -3.0286145
           505               0.0000000               0.0000000              -4.2831078
           506               0.8195372               0.0000000              -4.1200914
           507               1.6390744               0.0000000              -3.9570756
           508               0.0000000               0.0000000              -4.2831078
           509               0.7641957              -0.2960510              -4.1200914
           510               1.5283914              -0.5921020              -3.9570756
             0          0.00          0.00          0.00
               1               2               5               4
               2               3               6               5
               4               5               8               7
               5               6               9               8
              10              11              14              13
              11              12              15              14
              13              14              17              16
              14              15              18              17
              19              20              23              22
              20              21              24              23
              25              26              29              28
              26              27              30              29
              31              32              35              34
              32              33              36              35
              34              35              38              37
              35              36              39              38
              40              41              44              43
              41              42              45              44
              43              44              47              46
              44              45              48              47
              49              50              53              52
              50              51              54              53
              55              56              59              58
              56              57              60              59
              61              62              65              64
              62              63              66              65
              64              65              68              67
              65              66              69              68
              70              71              74              73
              71              72              75              74
              73              74              77              76
              74              75              78              77
              79              80              83              82
              80              81              84              83
              85              86              89              88
              86              87              90              89
              91              92              95              94
              92              93              96              95
              94              95              98              97
              95              96              99              98
             100             101             104             103
             101             102             105             104
             103             104             107             106
             104             105             108             107
             109             110             113             112
             110             111             114             113
             115             116             119             118
             116             117             120             119
             121             122             125             124
             122             123             126             125
             124             125             128             127
             125             126             129             128
             130             131             134             133
             131             132             135             134
             133             134             137             136
             134             135             138             137
             139             140             143             142
             140             141             144             143
             145             146             149             148
             146             147             150             149
             151             152             155             154
             152             153             156             155
             154             155             158             157
             155             156             159             158
             160             161             164             163
             161             162             165             164
             163             164             167             166
             164             165             168             167
             169             170             173             172
             170             171             174             173
             175             176             179             178
             176             177             180             179
             181             182             185             184
             182             183             186             185
             184             185             188             187
             185             186             189             188
             190             191             194             193
             191             192             195             194
             193             194             197             196
             194             195             198             197
             199             200             203             202
             200             201             204             203
             205             206             209             208
             206             207             210             209
             211             212             215             214
             212             213             216             215
             214             215             218             217
             215             216             219             218
             220             221             224             223
             221             222             225             224
             223             224             227             226
             224             225             228             227
             229             230             233             232
             230             231             234             233
             235             236             239             238
             236             237             240             239
             241             242             245             244
             242             243             246             245
             244             245             248             247
             245             246             249             248
             250             251             254             253
             251             252             255             254
             253             254             257             256
             254             255             258             257
             259             260             263             262
             260             261             264             263
             265             266             269             268
             266             267             270             269
             271             272             275             274
             272             273             276             275
             274             275             278             277
             275             276             279             278
             280             281             284             283
             281             282             285             284
             283             284             287             286
             284             285             288             287
             289             290             293             292
             290             291             294             293
             295             296             299             298
             296             297             300             299
             301             302             305             304
             302             303             306             305
             304             305             308             307
             305             306             309             308
             310             311             314             313
             311             312             315             314
             313             314             317             316
             314             315             318             317
             319             320             323             322
             320             321             324             323
             325             326             329             328
             326             327             330             329
             331             332             335             334
             332             333             336             335
             334             335             338             337
             335             336             339             338
             340             341             344             343
             341             342             345             344
             343             344             347             346
             344             345             348             347
             349             350             353             352
             350             351             354             353
             355             356             359             358
             356             357             360             359
             361             362             365             364
             362             363             366             365
             364             365             368             367
             365             366             369             368
             370             371             374             373
             371             372             375             374
             373             374             377             376
             374             375             378             377
             379             380             383             382
             380             381             384             383
             385             386             389             388
             386             387             390             389
             391             392             395             394
             392             393             396             395
             394             395             398             397
             395             396             399             398
             400             401             404             403
             401             402             405             404
             403             404             407             406
             404             405             408             407
             409             410             413             412
             410             411             414             413
             415             416             419             418
             416             417             420             419
             421             422             425             424
             422             423             426             425
             424             425             428             427
             425             426             429             428
             430             431             434             433
             431             432             435             434
             433             434             437             436
             434             435             438             437
             439             440             443             442
             440             441             444             443
             445             446             449             448
             446             447             450             449
             451             452             455             454
             452             453             456             455
             454             455             458             457
             455             456             459             458
             460             461             464             463
             461             462             465             464
             463             464             467             466
             464             465             468             467
             469             470             473             472
             470             471             474             473
             475             476             479             478
             476             477             480             479
             481             482             485             484
             482             483             486             485
             484             485             488             487
             485             486             489             488
             490             491             494             493
             491             492             495             494
             493             494             497             496
             494             495             498             497
             499             500             503             502
             500             501             504             503
             505             506             509             508
             506             507             510             509
          0          0          0          0
