                    2          0
             1               0.0000000               4.1282768              -6.2664113
             2              -0.4151536               4.1282768              -5.5701432
             3              -0.8303072               4.1282768              -4.8738756
             4              -1.2454609               4.1282768              -4.1776075
             5              -1.6606145               4.1282768              -3.4813397
             6              -2.0757680               4.1282768              -2.7850718
             7              -2.4909217               4.1282768              -2.0888038
             8              -2.9060755               4.1282768              -1.3925357
             9              -3.3212290               4.1282768              -0.6962681
            10              -3.7363825               4.1282768               0.0000000
            11               0.0000000               4.1282768              -6.2664113
            12               0.4151536               4.1282768              -5.5701432
            13               0.8303072               4.1282768              -4.8738756
            14               1.2454609               4.1282768              -4.1776075
            15               1.6606145               4.1282768              -3.4813397
            16               2.0757680               4.1282768              -2.7850718
            17               2.4909217               4.1282768              -2.0888038
            18               2.9060755               4.1282768              -1.3925357
            19               3.3212290               4.1282768              -0.6962681
            20               3.7363825               4.1282768               0.0000000
            21               0.0000000               4.1282768              -6.2664113
            22               0.4151536               4.1282768              -5.5701432
            23               0.8303072               4.1282768              -4.8738756
            24               1.2454609               4.1282768              -4.1776075
            25               1.6606145               4.1282768              -3.4813397
            26               2.0757680               4.1282768              -2.7850718
            27               2.4909217               4.1282768              -2.0888038
            28               2.9060755               4.1282768              -1.3925357
            29               3.3212290               4.1282768              -0.6962681
            30               3.7363825               4.1282768               0.0000000
            31               0.0000000               3.3026214              -6.2664113
            32               0.4151536               3.3026214              -5.5701432
            33               0.8303072               3.3026214              -4.8738756
            34               1.2454609               3.3026214              -4.1776075
            35               1.6606145               3.3026214              -3.4813397
            36               2.0757680               3.3026214              -2.7850718
            37               2.4909217               3.3026214              -2.0888038
            38               2.9060755               3.3026214              -1.3925357
            39               3.3212290               3.3026214              -0.6962681
            40               3.7363825               3.3026214               0.0000000
            41               0.0000000               2.4769661              -6.2664113
            42               0.4151536               2.4769661              -5.5701432
            43               0.8303072               2.4769661              -4.8738756
            44               1.2454609               2.4769661              -4.1776075
            45               1.6606145               2.4769661              -3.4813397
            46               2.0757680               2.4769661              -2.7850718
            47               2.4909217               2.4769661              -2.0888038
            48               2.9060755               2.4769661              -1.3925357
            49               3.3212290               2.4769661              -0.6962681
            50               3.7363825               2.4769661               0.0000000
            51               0.0000000               1.6513107              -6.2664113
            52               0.4151536               1.6513107              -5.5701432
            53               0.8303072               1.6513107              -4.8738756
            54               1.2454609               1.6513107              -4.1776075
            55               1.6606145               1.6513107              -3.4813397
            56               2.0757680               1.6513107              -2.7850718
            57               2.4909217               1.6513107              -2.0888038
            58               2.9060755               1.6513107              -1.3925357
            59               3.3212290               1.6513107              -0.6962681
            60               3.7363825               1.6513107               0.0000000
            61               0.0000000               0.8256555              -6.2664113
            62               0.4151536               0.8256555              -5.5701432
            63               0.8303072               0.8256555              -4.8738756
            64               1.2454609               0.8256555              -4.1776075
            65               1.6606145               0.8256555              -3.4813397
            66               2.0757680               0.8256555              -2.7850718
            67               2.4909217               0.8256555              -2.0888038
            68               2.9060755               0.8256555              -1.3925357
            69               3.3212290               0.8256555              -0.6962681
            70               3.7363825               0.8256555               0.0000000
            71               0.0000000               0.0000000              -6.2664113
            72               0.4151536               0.0000000              -5.5701432
            73               0.8303072               0.0000000              -4.8738756
            74               1.2454609               0.0000000              -4.1776075
            75               1.6606145               0.0000000              -3.4813397
            76               2.0757680               0.0000000              -2.7850718
            77               2.4909217               0.0000000              -2.0888038
            78               2.9060755               0.0000000              -1.3925357
            79               3.3212290               0.0000000              -0.6962681
            80               3.7363825               0.0000000               0.0000000
            81               0.0000000              -0.8256555              -6.2664113
            82               0.4151536              -0.8256555              -5.5701432
            83               0.8303072              -0.8256555              -4.8738756
            84               1.2454609              -0.8256555              -4.1776075
            85               1.6606145              -0.8256555              -3.4813397
            86               2.0757680              -0.8256555              -2.7850718
            87               2.4909217              -0.8256555              -2.0888038
            88               2.9060755              -0.8256555              -1.3925357
            89               3.3212290              -0.8256555              -0.6962681
            90               3.7363825              -0.8256555               0.0000000
            91               0.0000000              -1.6513109              -6.2664113
            92               0.4151536              -1.6513109              -5.5701432
            93               0.8303072              -1.6513109              -4.8738756
            94               1.2454609              -1.6513109              -4.1776075
            95               1.6606145              -1.6513109              -3.4813397
            96               2.0757680              -1.6513109              -2.7850718
            97               2.4909217              -1.6513109              -2.0888038
            98               2.9060755              -1.6513109              -1.3925357
            99               3.3212290              -1.6513109              -0.6962681
           100               3.7363825              -1.6513109               0.0000000
           101               0.0000000              -2.4769659              -6.2664113
           102               0.4151536              -2.4769659              -5.5701432
           103               0.8303072              -2.4769659              -4.8738756
           104               1.2454609              -2.4769659              -4.1776075
           105               1.6606145              -2.4769659              -3.4813397
           106               2.0757680              -2.4769659              -2.7850718
           107               2.4909217              -2.4769659              -2.0888038
           108               2.9060755              -2.4769659              -1.3925357
           109               3.3212290              -2.4769659              -0.6962681
           110               3.7363825              -2.4769659               0.0000000
           111               0.0000000              -3.3026214              -6.2664113
           112               0.4151536              -3.3026214              -5.5701432
           113               0.8303072              -3.3026214              -4.8738756
           114               1.2454609              -3.3026214              -4.1776075
           115               1.6606145              -3.3026214              -3.4813397
           116               2.0757680              -3.3026214              -2.7850718
           117               2.4909217              -3.3026214              -2.0888038
           118               2.9060755              -3.3026214              -1.3925357
           119               3.3212290              -3.3026214              -0.6962681
           120               3.7363825              -3.3026214               0.0000000
           121               0.0000000              -4.1282768              -6.2664113
           122               0.4151536              -4.1282768              -5.5701432
           123               0.8303072              -4.1282768              -4.8738756
           124               1.2454609              -4.1282768              -4.1776075
           125               1.6606145              -4.1282768              -3.4813397
           126               2.0757680              -4.1282768              -2.7850718
           127               2.4909217              -4.1282768              -2.0888038
           128               2.9060755              -4.1282768              -1.3925357
           129               3.3212290              -4.1282768              -0.6962681
           130               3.7363825              -4.1282768               0.0000000
           131               0.0000000              -4.1282768              -6.2664113
           132               0.4151536              -4.1282768              -5.5701432
           133               0.8303072              -4.1282768              -4.8738756
           134               1.2454609              -4.1282768              -4.1776075
           135               1.6606145              -4.1282768              -3.4813397
           136               2.0757680              -4.1282768              -2.7850718
           137               2.4909217              -4.1282768              -2.0888038
           138               2.9060755              -4.1282768              -1.3925357
           139               3.3212290              -4.1282768              -0.6962681
           140               3.7363825              -4.1282768               0.0000000
           141               0.0000000              -4.1282768              -6.2664113
           142              -0.4151536              -4.1282768              -5.5701432
           143              -0.8303072              -4.1282768              -4.8738756
           144              -1.2454609              -4.1282768              -4.1776075
           145              -1.6606145              -4.1282768              -3.4813397
           146              -2.0757680              -4.1282768              -2.7850718
           147              -2.4909217              -4.1282768              -2.0888038
           148              -2.9060755              -4.1282768              -1.3925357
           149              -3.3212290              -4.1282768              -0.6962681
           150              -3.7363825              -4.1282768               0.0000000
           151               0.0000000              -4.1282768              -6.2664113
           152              -0.4151536              -4.1282768              -5.5701432
           153              -0.8303072              -4.1282768              -4.8738756
           154              -1.2454609              -4.1282768              -4.1776075
           155              -1.6606145              -4.1282768              -3.4813397
           156              -2.0757680              -4.1282768              -2.7850718
           157              -2.4909217              -4.1282768              -2.0888038
           158              -2.9060755              -4.1282768              -1.3925357
           159              -3.3212290              -4.1282768              -0.6962681
           160              -3.7363825              -4.1282768               0.0000000
           161               0.0000000              -3.3026214              -6.2664113
           162              -0.4151536              -3.3026214              -5.5701432
           163              -0.8303072              -3.3026214              -4.8738756
           164              -1.2454609              -3.3026214              -4.1776075
           165              -1.6606145              -3.3026214              -3.4813397
           166              -2.0757680              -3.3026214              -2.7850718
           167              -2.4909217              -3.3026214              -2.0888038
           168              -2.9060755              -3.3026214              -1.3925357
           169              -3.3212290              -3.3026214              -0.6962681
           170              -3.7363825              -3.3026214               0.0000000
           171               0.0000000              -2.4769661              -6.2664113
           172              -0.4151536              -2.4769661              -5.5701432
           173              -0.8303072              -2.4769661              -4.8738756
           174              -1.2454609              -2.4769661              -4.1776075
           175              -1.6606145              -2.4769661              -3.4813397
           176              -2.0757680              -2.4769661              -2.7850718
           177              -2.4909217              -2.4769661              -2.0888038
           178              -2.9060755              -2.4769661              -1.3925357
           179              -3.3212290              -2.4769661              -0.6962681
           180              -3.7363825              -2.4769661               0.0000000
           181               0.0000000              -1.6513107              -6.2664113
           182              -0.4151536              -1.6513107              -5.5701432
           183              -0.8303072              -1.6513107              -4.8738756
           184              -1.2454609              -1.6513107              -4.1776075
           185              -1.6606145              -1.6513107              -3.4813397
           186              -2.0757680              -1.6513107              -2.7850718
           187              -2.4909217              -1.6513107              -2.0888038
           188              -2.9060755              -1.6513107              -1.3925357
           189              -3.3212290              -1.6513107              -0.6962681
           190              -3.7363825              -1.6513107               0.0000000
           191               0.0000000              -0.8256555              -6.2664113
           192              -0.4151536              -0.8256555              -5.5701432
           193              -0.8303072              -0.8256555              -4.8738756
           194              -1.2454609              -0.8256555              -4.1776075
           195              -1.6606145              -0.8256555              -3.4813397
           196              -2.0757680              -0.8256555              -2.7850718
           197              -2.4909217              -0.8256555              -2.0888038
           198              -2.9060755              -0.8256555              -1.3925357
           199              -3.3212290              -0.8256555              -0.6962681
           200              -3.7363825              -0.8256555               0.0000000
           201               0.0000000               0.0000000              -6.2664113
           202              -0.4151536               0.0000000              -5.5701432
           203              -0.8303072               0.0000000              -4.8738756
           204              -1.2454609               0.0000000              -4.1776075
           205              -1.6606145               0.0000000              -3.4813397
           206              -2.0757680               0.0000000              -2.7850718
           207              -2.4909217               0.0000000              -2.0888038
           208              -2.9060755               0.0000000              -1.3925357
           209              -3.3212290               0.0000000              -0.6962681
           210              -3.7363825               0.0000000               0.0000000
           211               0.0000000               0.8256555              -6.2664113
           212              -0.4151536               0.8256555              -5.5701432
           213              -0.8303072               0.8256555              -4.8738756
           214              -1.2454609               0.8256555              -4.1776075
           215              -1.6606145               0.8256555              -3.4813397
           216              -2.0757680               0.8256555              -2.7850718
           217              -2.4909217               0.8256555              -2.0888038
           218              -2.9060755               0.8256555              -1.3925357
           219              -3.3212290               0.8256555              -0.6962681
           220              -3.7363825               0.8256555               0.0000000
           221               0.0000000               1.6513109              -6.2664113
           222              -0.4151536               1.6513109              -5.5701432
           223              -0.8303072               1.6513109              -4.8738756
           224              -1.2454609               1.6513109              -4.1776075
           225              -1.6606145               1.6513109              -3.4813397
           226              -2.0757680               1.6513109              -2.7850718
           227              -2.4909217               1.6513109              -2.0888038
           228              -2.9060755               1.6513109              -1.3925357
           229              -3.3212290               1.6513109              -0.6962681
           230              -3.7363825               1.6513109               0.0000000
           231               0.0000000               2.4769659              -6.2664113
           232              -0.4151536               2.4769659              -5.5701432
           233              -0.8303072               2.4769659              -4.8738756
           234              -1.2454609               2.4769659              -4.1776075
           235              -1.6606145               2.4769659              -3.4813397
           236              -2.0757680               2.4769659              -2.7850718
           237              -2.4909217               2.4769659              -2.0888038
           238              -2.9060755               2.4769659              -1.3925357
           239              -3.3212290               2.4769659              -0.6962681
           240              -3.7363825               2.4769659               0.0000000
           241               0.0000000               3.3026214              -6.2664113
           242              -0.4151536               3.3026214              -5.5701432
           243              -0.8303072               3.3026214              -4.8738756
           244              -1.2454609               3.3026214              -4.1776075
           245              -1.6606145               3.3026214              -3.4813397
           246              -2.0757680               3.3026214              -2.7850718
           247              -2.4909217               3.3026214              -2.0888038
           248              -2.9060755               3.3026214              -1.3925357
           249              -3.3212290               3.3026214              -0.6962681
           250              -3.7363825               3.3026214               0.0000000
           251               0.0000000               4.1282768              -6.2664113
           252              -0.4151536               4.1282768              -5.5701432
           253              -0.8303072               4.1282768              -4.8738756
           254              -1.2454609               4.1282768              -4.1776075
           255              -1.6606145               4.1282768              -3.4813397
           256              -2.0757680               4.1282768              -2.7850718
           257              -2.4909217               4.1282768              -2.0888038
           258              -2.9060755               4.1282768              -1.3925357
           259              -3.3212290               4.1282768              -0.6962681
           260              -3.7363825               4.1282768               0.0000000
             0          0.00          0.00          0.00
               1               2              12              11
               2               3              13              12
               3               4              14              13
               4               5              15              14
               5               6              16              15
               6               7              17              16
               7               8              18              17
               8               9              19              18
               9              10              20              19
              21              22              32              31
              22              23              33              32
              23              24              34              33
              24              25              35              34
              25              26              36              35
              26              27              37              36
              27              28              38              37
              28              29              39              38
              29              30              40              39
              31              32              42              41
              32              33              43              42
              33              34              44              43
              34              35              45              44
              35              36              46              45
              36              37              47              46
              37              38              48              47
              38              39              49              48
              39              40              50              49
              41              42              52              51
              42              43              53              52
              43              44              54              53
              44              45              55              54
              45              46              56              55
              46              47              57              56
              47              48              58              57
              48              49              59              58
              49              50              60              59
              51              52              62              61
              52              53              63              62
              53              54              64              63
              54              55              65              64
              55              56              66              65
              56              57              67              66
              57              58              68              67
              58              59              69              68
              59              60              70              69
              61              62              72              71
              62              63              73              72
              63              64              74              73
              64              65              75              74
              65              66              76              75
              66              67              77              76
              67              68              78              77
              68              69              79              78
              69              70              80              79
              71              72              82              81
              72              73              83              82
              73              74              84              83
              74              75              85              84
              75              76              86              85
              76              77              87              86
              77              78              88              87
              78              79              89              88
              79              80              90              89
              81              82              92              91
              82              83              93              92
              83              84              94              93
              84              85              95              94
              85              86              96              95
              86              87              97              96
              87              88              98              97
              88              89              99              98
              89              90             100              99
              91              92             102             101
              92              93             103             102
              93              94             104             103
              94              95             105             104
              95              96             106             105
              96              97             107             106
              97              98             108             107
              98              99             109             108
              99             100             110             109
             101             102             112             111
             102             103             113             112
             103             104             114             113
             104             105             115             114
             105             106             116             115
             106             107             117             116
             107             108             118             117
             108             109             119             118
             109             110             120             119
             111             112             122             121
             112             113             123             122
             113             114             124             123
             114             115             125             124
             115             116             126             125
             116             117             127             126
             117             118             128             127
             118             119             129             128
             119             120             130             129
             131             132             142             141
             132             133             143             142
             133             134             144             143
             134             135             145             144
             135             136             146             145
             136             137             147             146
             137             138             148             147
             138             139             149             148
             139             140             150             149
             151             152             162             161
             152             153             163             162
             153             154             164             163
             154             155             165             164
             155             156             166             165
             156             157             167             166
             157             158             168             167
             158             159             169             168
             159             160             170             169
             161             162             172             171
             162             163             173             172
             163             164             174             173
             164             165             175             174
             165             166             176             175
             166             167             177             176
             167             168             178             177
             168             169             179             178
             169             170             180             179
             171             172             182             181
             172             173             183             182
             173             174             184             183
             174             175             185             184
             175             176             186             185
             176             177             187             186
             177             178             188             187
             178             179             189             188
             179             180             190             189
             181             182             192             191
             182             183             193             192
             183             184             194             193
             184             185             195             194
             185             186             196             195
             186             187             197             196
             187             188             198             197
             188             189             199             198
             189             190             200             199
             191             192             202             201
             192             193             203             202
             193             194             204             203
             194             195             205             204
             195             196             206             205
             196             197             207             206
             197             198             208             207
             198             199             209             208
             199             200             210             209
             201             202             212             211
             202             203             213             212
             203             204             214             213
             204             205             215             214
             205             206             216             215
             206             207             217             216
             207             208             218             217
             208             209             219             218
             209             210             220             219
             211             212             222             221
             212             213             223             222
             213             214             224             223
             214             215             225             224
             215             216             226             225
             216             217             227             226
             217             218             228             227
             218             219             229             228
             219             220             230             229
             221             222             232             231
             222             223             233             232
             223             224             234             233
             224             225             235             234
             225             226             236             235
             226             227             237             236
             227             228             238             237
             228             229             239             238
             229             230             240             239
             231             232             242             241
             232             233             243             242
             233             234             244             243
             234             235             245             244
             235             236             246             245
             236             237             247             246
             237             238             248             247
             238             239             249             248
             239             240             250             249
             241             242             252             251
             242             243             253             252
             243             244             254             253
             244             245             255             254
             245             246             256             255
             246             247             257             256
             247             248             258             257
             248             249             259             258
             249             250             260             259
          0          0          0          0
