                    2          0
             1               0.0000000               0.0000000              -9.0058250
             2               0.4043534               0.1566473              -8.1871138
             3               0.8087068               0.3132947              -7.3684025
             4               1.2130603               0.4699421              -6.5496912
             5               1.6174136               0.6265894              -5.7309799
             6               2.0217669               0.7832367              -4.9122682
             7               2.4261205               0.9398841              -4.0935569
             8               2.8304739               1.0965314              -3.2748456
             9               3.2348273               1.2531787              -2.4561343
            10               3.6391807               1.4098262              -1.6374226
            11               4.0435338               1.5664735              -0.8187113
            12               4.4478874               1.7231208               0.0000000
            13               0.0000000               0.0000000              -9.0058250
            14               0.4336359               0.0000000              -8.1871138
            15               0.8672718               0.0000000              -7.3684025
            16               1.3009076               0.0000000              -6.5496912
            17               1.7345436               0.0000000              -5.7309799
            18               2.1681795               0.0000000              -4.9122682
            19               2.6018152               0.0000000              -4.0935569
            20               3.0354509               0.0000000              -3.2748456
            21               3.4690871               0.0000000              -2.4561343
            22               3.9027231               0.0000000              -1.6374226
            23               4.3363590               0.0000000              -0.8187113
            24               4.7699947               0.0000000               0.0000000
            25               0.0000000               0.0000000              -9.0058250
            26               0.3204608               0.2921386              -8.1871138
            27               0.6409215               0.5842772              -7.3684025
            28               0.9613823               0.8764158              -6.5496912
            29               1.2818431               1.1685544              -5.7309799
            30               1.6023040               1.4606930              -4.9122682
            31               1.9227647               1.7528316              -4.0935569
            32               2.2432253               2.0449703              -3.2748456
            33               2.5636861               2.3371089              -2.4561343
            34               2.8841469               2.6292474              -1.6374226
            35               3.2046080               2.9213860              -0.8187113
            36               3.5250685               3.2135246               0.0000000
            37               0.0000000               0.0000000              -9.0058250
            38               0.4043534               0.1566473              -8.1871138
            39               0.8087068               0.3132947              -7.3684025
            40               1.2130603               0.4699421              -6.5496912
            41               1.6174136               0.6265894              -5.7309799
            42               2.0217669               0.7832367              -4.9122682
            43               2.4261205               0.9398841              -4.0935569
            44               2.8304739               1.0965314              -3.2748456
            45               3.2348273               1.2531787              -2.4561343
            46               3.6391807               1.4098262              -1.6374226
            47               4.0435338               1.5664735              -0.8187113
            48               4.4478874               1.7231208               0.0000000
            49               0.0000000               0.0000000              -9.0058250
            50               0.1932881               0.3881749              -8.1871138
            51               0.3865763               0.7763498              -7.3684025
            52               0.5798644               1.1645248              -6.5496912
            53               0.7731526               1.5526997              -5.7309799
            54               0.9664407               1.9408746              -4.9122682
            55               1.1597289               2.3290496              -4.0935569
            56               1.3530171               2.7172244              -3.2748456
            57               1.5463052               3.1053994              -2.4561343
            58               1.7395934               3.4935744              -1.6374226
            59               1.9328815               3.8817492              -0.8187113
            60               2.1261697               4.2699242               0.0000000
            61               0.0000000               0.0000000              -9.0058250
            62               0.3204608               0.2921386              -8.1871138
            63               0.6409215               0.5842772              -7.3684025
            64               0.9613823               0.8764158              -6.5496912
            65               1.2818431               1.1685544              -5.7309799
            66               1.6023040               1.4606930              -4.9122682
            67               1.9227647               1.7528316              -4.0935569
            68               2.2432253               2.0449703              -3.2748456
            69               2.5636861               2.3371089              -2.4561343
            70               2.8841469               2.6292474              -1.6374226
            71               3.2046080               2.9213860              -0.8187113
            72               3.5250685               3.2135246               0.0000000
            73               0.0000000               0.0000000              -9.0058250
            74               0.0400109               0.4317861              -8.1871138
            75               0.0800217               0.8635721              -7.3684025
            76               0.1200326               1.2953582              -6.5496912
            77               0.1600435               1.7271442              -5.7309799
            78               0.2000544               2.1589303              -4.9122682
            79               0.2400652               2.5907164              -4.0935569
            80               0.2800761               3.0225027              -3.2748456
            81               0.3200870               3.4542885              -2.4561343
            82               0.3600979               3.8860743              -1.6374226
            83               0.4001087               4.3178606              -0.8187113
            84               0.4401196               4.7496467               0.0000000
            85               0.0000000               0.0000000              -9.0058250
            86               0.1932881               0.3881749              -8.1871138
            87               0.3865763               0.7763498              -7.3684025
            88               0.5798644               1.1645248              -6.5496912
            89               0.7731526               1.5526997              -5.7309799
            90               0.9664407               1.9408746              -4.9122682
            91               1.1597289               2.3290496              -4.0935569
            92               1.3530171               2.7172244              -3.2748456
            93               1.5463052               3.1053994              -2.4561343
            94               1.7395934               3.4935744              -1.6374226
            95               1.9328815               3.8817492              -0.8187113
            96               2.1261697               4.2699242               0.0000000
            97               0.0000000               0.0000000              -9.0058250
            98              -0.1186701               0.4170821              -8.1871138
            99              -0.2373402               0.8341642              -7.3684025
           100              -0.3560103               1.2512463              -6.5496912
           101              -0.4746804               1.6683284              -5.7309799
           102              -0.5933505               2.0854104              -4.9122682
           103              -0.7120206               2.5024927              -4.0935569
           104              -0.8306906               2.9195747              -3.2748456
           105              -0.9493608               3.3366568              -2.4561343
           106              -1.0680308               3.7537386              -1.6374226
           107              -1.1867009               4.1708207              -0.8187113
           108              -1.3053710               4.5879030               0.0000000
           109               0.0000000               0.0000000              -9.0058250
           110               0.0400109               0.4317861              -8.1871138
           111               0.0800217               0.8635721              -7.3684025
           112               0.1200326               1.2953582              -6.5496912
           113               0.1600435               1.7271442              -5.7309799
           114               0.2000544               2.1589303              -4.9122682
           115               0.2400652               2.5907164              -4.0935569
           116               0.2800761               3.0225027              -3.2748456
           117               0.3200870               3.4542885              -2.4561343
           118               0.3600979               3.8860743              -1.6374226
           119               0.4001088               4.3178606              -0.8187113
           120               0.4401196               4.7496467               0.0000000
           121               0.0000000               0.0000000              -9.0058250
           122              -0.2613240               0.3460489              -8.1871138
           123              -0.5226480               0.6920978              -7.3684025
           124              -0.7839720               1.0381467              -6.5496912
           125              -1.0452960               1.3841956              -5.7309799
           126              -1.3066200               1.7302445              -4.9122682
           127              -1.5679439               2.0762935              -4.0935569
           128              -1.8292680               2.4223423              -3.2748456
           129              -2.0905919               2.7683911              -2.4561343
           130              -2.3519158               3.1144402              -1.6374226
           131              -2.6132400               3.4604890              -0.8187113
           132              -2.8745639               3.8065379               0.0000000
           133               0.0000000               0.0000000              -9.0058250
           134              -0.1186701               0.4170821              -8.1871138
           135              -0.2373402               0.8341642              -7.3684025
           136              -0.3560103               1.2512463              -6.5496912
           137              -0.4746804               1.6683284              -5.7309799
           138              -0.5933505               2.0854104              -4.9122682
           139              -0.7120206               2.5024927              -4.0935569
           140              -0.8306906               2.9195747              -3.2748456
           141              -0.9493608               3.3366568              -2.4561343
           142              -1.0680308               3.7537386              -1.6374226
           143              -1.1867009               4.1708207              -0.8187113
           144              -1.3053710               4.5879030               0.0000000
           145               0.0000000               0.0000000              -9.0058250
           146              -0.3686846               0.2282799              -8.1871138
           147              -0.7373693               0.4565597              -7.3684025
           148              -1.1060539               0.6848396              -6.5496912
           149              -1.4747386               0.9131195              -5.7309799
           150              -1.8434231               1.1413994              -4.9122682
           151              -2.2121079               1.3696792              -4.0935569
           152              -2.5807924               1.5979592              -3.2748456
           153              -2.9494772               1.8262390              -2.4561343
           154              -3.3181617               2.0545187              -1.6374226
           155              -3.6868463               2.2827988              -0.8187113
           156              -4.0555310               2.5110786               0.0000000
           157               0.0000000               0.0000000              -9.0058250
           158              -0.2613240               0.3460489              -8.1871138
           159              -0.5226480               0.6920978              -7.3684025
           160              -0.7839720               1.0381467              -6.5496912
           161              -1.0452960               1.3841956              -5.7309799
           162              -1.3066200               1.7302445              -4.9122682
           163              -1.5679439               2.0762935              -4.0935569
           164              -1.8292680               2.4223423              -3.2748456
           165              -2.0905919               2.7683911              -2.4561343
           166              -2.3519158               3.1144402              -1.6374226
           167              -2.6132400               3.4604890              -0.8187113
           168              -2.8745639               3.8065379               0.0000000
           169               0.0000000               0.0000000              -9.0058250
           170              -0.4262524               0.0796804              -8.1871138
           171              -0.8525048               0.1593608              -7.3684025
           172              -1.2787572               0.2390411              -6.5496912
           173              -1.7050096               0.3187215              -5.7309799
           174              -2.1312621               0.3984019              -4.9122682
           175              -2.5575144               0.4780823              -4.0935569
           176              -2.9837668               0.5577627              -3.2748456
           177              -3.4100192               0.6374431              -2.4561343
           178              -3.8362718               0.7171234              -1.6374226
           179              -4.2625241               0.7968038              -0.8187113
           180              -4.6887765               0.8764842               0.0000000
           181               0.0000000               0.0000000              -9.0058250
           182              -0.3686846               0.2282799              -8.1871138
           183              -0.7373693               0.4565597              -7.3684025
           184              -1.1060539               0.6848396              -6.5496912
           185              -1.4747386               0.9131195              -5.7309799
           186              -1.8434231               1.1413994              -4.9122682
           187              -2.2121079               1.3696792              -4.0935569
           188              -2.5807924               1.5979592              -3.2748456
           189              -2.9494772               1.8262390              -2.4561343
           190              -3.3181617               2.0545187              -1.6374226
           191              -3.6868463               2.2827988              -0.8187113
           192              -4.0555310               2.5110786               0.0000000
           193               0.0000000               0.0000000              -9.0058250
           194              -0.4262524              -0.0796804              -8.1871138
           195              -0.8525048              -0.1593608              -7.3684025
           196              -1.2787572              -0.2390411              -6.5496912
           197              -1.7050096              -0.3187215              -5.7309799
           198              -2.1312621              -0.3984019              -4.9122682
           199              -2.5575144              -0.4780823              -4.0935569
           200              -2.9837668              -0.5577627              -3.2748456
           201              -3.4100192              -0.6374431              -2.4561343
           202              -3.8362718              -0.7171234              -1.6374226
           203              -4.2625241              -0.7968038              -0.8187113
           204              -4.6887765              -0.8764842               0.0000000
           205               0.0000000               0.0000000              -9.0058250
           206              -0.4262524               0.0796804              -8.1871138
           207              -0.8525048               0.1593608              -7.3684025
           208              -1.2787572               0.2390411              -6.5496912
           209              -1.7050096               0.3187215              -5.7309799
           210              -2.1312621               0.3984019              -4.9122682
           211              -2.5575144               0.4780823              -4.0935569
           212              -2.9837668               0.5577627              -3.2748456
           213              -3.4100192               0.6374431              -2.4561343
           214              -3.8362718               0.7171234              -1.6374226
           215              -4.2625241               0.7968038              -0.8187113
           216              -4.6887765               0.8764842               0.0000000
           217               0.0000000               0.0000000              -9.0058250
           218              -0.3686846              -0.2282799              -8.1871138
           219              -0.7373693              -0.4565597              -7.3684025
           220              -1.1060539              -0.6848396              -6.5496912
           221              -1.4747386              -0.9131195              -5.7309799
           222              -1.8434231              -1.1413994              -4.9122682
           223              -2.2121079              -1.3696792              -4.0935569
           224              -2.5807924              -1.5979592              -3.2748456
           225              -2.9494772              -1.8262390              -2.4561343
           226              -3.3181617              -2.0545187              -1.6374226
           227              -3.6868463              -2.2827988              -0.8187113
           228              -4.0555310              -2.5110786               0.0000000
           229               0.0000000               0.0000000              -9.0058250
           230              -0.4262524              -0.0796804              -8.1871138
           231              -0.8525048              -0.1593608              -7.3684025
           232              -1.2787572              -0.2390411              -6.5496912
           233              -1.7050096              -0.3187215              -5.7309799
           234              -2.1312621              -0.3984019              -4.9122682
           235              -2.5575144              -0.4780823              -4.0935569
           236              -2.9837668              -0.5577627              -3.2748456
           237              -3.4100192              -0.6374430              -2.4561343
           238              -3.8362718              -0.7171234              -1.6374226
           239              -4.2625241              -0.7968037              -0.8187113
           240              -4.6887765              -0.8764842               0.0000000
           241               0.0000000               0.0000000              -9.0058250
           242              -0.2613240              -0.3460489              -8.1871138
           243              -0.5226480              -0.6920978              -7.3684025
           244              -0.7839720              -1.0381467              -6.5496912
           245              -1.0452960              -1.3841956              -5.7309799
           246              -1.3066200              -1.7302445              -4.9122682
           247              -1.5679439              -2.0762935              -4.0935569
           248              -1.8292680              -2.4223423              -3.2748456
           249              -2.0905919              -2.7683911              -2.4561343
           250              -2.3519158              -3.1144402              -1.6374226
           251              -2.6132400              -3.4604890              -0.8187113
           252              -2.8745639              -3.8065379               0.0000000
           253               0.0000000               0.0000000              -9.0058250
           254              -0.3686846              -0.2282799              -8.1871138
           255              -0.7373693              -0.4565597              -7.3684025
           256              -1.1060539              -0.6848396              -6.5496912
           257              -1.4747386              -0.9131195              -5.7309799
           258              -1.8434231              -1.1413994              -4.9122682
           259              -2.2121079              -1.3696792              -4.0935569
           260              -2.5807924              -1.5979592              -3.2748456
           261              -2.9494772              -1.8262390              -2.4561343
           262              -3.3181617              -2.0545187              -1.6374226
           263              -3.6868463              -2.2827988              -0.8187113
           264              -4.0555310              -2.5110786               0.0000000
           265               0.0000000               0.0000000              -9.0058250
           266              -0.1186701              -0.4170821              -8.1871138
           267              -0.2373402              -0.8341642              -7.3684025
           268              -0.3560103              -1.2512463              -6.5496912
           269              -0.4746804              -1.6683284              -5.7309799
           270              -0.5933505              -2.0854104              -4.9122682
           271              -0.7120206              -2.5024927              -4.0935569
           272              -0.8306906              -2.9195747              -3.2748456
           273              -0.9493608              -3.3366568              -2.4561343
           274              -1.0680308              -3.7537386              -1.6374226
           275              -1.1867009              -4.1708207              -0.8187113
           276              -1.3053710              -4.5879030               0.0000000
           277               0.0000000               0.0000000              -9.0058250
           278              -0.2613240              -0.3460489              -8.1871138
           279              -0.5226480              -0.6920978              -7.3684025
           280              -0.7839720              -1.0381467              -6.5496912
           281              -1.0452960              -1.3841956              -5.7309799
           282              -1.3066200              -1.7302445              -4.9122682
           283              -1.5679439              -2.0762935              -4.0935569
           284              -1.8292680              -2.4223423              -3.2748456
           285              -2.0905919              -2.7683911              -2.4561343
           286              -2.3519158              -3.1144402              -1.6374226
           287              -2.6132400              -3.4604890              -0.8187113
           288              -2.8745639              -3.8065379               0.0000000
           289               0.0000000               0.0000000              -9.0058250
           290               0.0400109              -0.4317861              -8.1871138
           291               0.0800217              -0.8635721              -7.3684025
           292               0.1200326              -1.2953582              -6.5496912
           293               0.1600435              -1.7271442              -5.7309799
           294               0.2000544              -2.1589303              -4.9122682
           295               0.2400652              -2.5907164              -4.0935569
           296               0.2800761              -3.0225027              -3.2748456
           297               0.3200870              -3.4542885              -2.4561343
           298               0.3600979              -3.8860743              -1.6374226
           299               0.4001087              -4.3178606              -0.8187113
           300               0.4401196              -4.7496467               0.0000000
           301               0.0000000               0.0000000              -9.0058250
           302              -0.1186701              -0.4170821              -8.1871138
           303              -0.2373402              -0.8341642              -7.3684025
           304              -0.3560103              -1.2512463              -6.5496912
           305              -0.4746804              -1.6683284              -5.7309799
           306              -0.5933505              -2.0854104              -4.9122682
           307              -0.7120206              -2.5024927              -4.0935569
           308              -0.8306906              -2.9195747              -3.2748456
           309              -0.9493608              -3.3366568              -2.4561343
           310              -1.0680308              -3.7537386              -1.6374226
           311              -1.1867009              -4.1708207              -0.8187113
           312              -1.3053710              -4.5879030               0.0000000
           313               0.0000000               0.0000000              -9.0058250
           314               0.1932881              -0.3881749              -8.1871138
           315               0.3865763              -0.7763498              -7.3684025
           316               0.5798644              -1.1645248              -6.5496912
           317               0.7731526              -1.5526997              -5.7309799
           318               0.9664407              -1.9408746              -4.9122682
           319               1.1597289              -2.3290496              -4.0935569
           320               1.3530171              -2.7172244              -3.2748456
           321               1.5463052              -3.1053994              -2.4561343
           322               1.7395934              -3.4935744              -1.6374226
           323               1.9328815              -3.8817492              -0.8187113
           324               2.1261697              -4.2699242               0.0000000
           325               0.0000000               0.0000000              -9.0058250
           326               0.0400109              -0.4317861              -8.1871138
           327               0.0800217              -0.8635721              -7.3684025
           328               0.1200326              -1.2953582              -6.5496912
           329               0.1600435              -1.7271442              -5.7309799
           330               0.2000544              -2.1589303              -4.9122682
           331               0.2400652              -2.5907164              -4.0935569
           332               0.2800761              -3.0225027              -3.2748456
           333               0.3200870              -3.4542885              -2.4561343
           334               0.3600979              -3.8860743              -1.6374226
           335               0.4001088              -4.3178606              -0.8187113
           336               0.4401196              -4.7496467               0.0000000
           337               0.0000000               0.0000000              -9.0058250
           338               0.3204608              -0.2921386              -8.1871138
           339               0.6409215              -0.5842772              -7.3684025
           340               0.9613823              -0.8764158              -6.5496912
           341               1.2818431              -1.1685544              -5.7309799
           342               1.6023040              -1.4606930              -4.9122682
           343               1.9227647              -1.7528316              -4.0935569
           344               2.2432253              -2.0449703              -3.2748456
           345               2.5636861              -2.3371089              -2.4561343
           346               2.8841469              -2.6292474              -1.6374226
           347               3.2046080              -2.9213860              -0.8187113
           348               3.5250685              -3.2135246               0.0000000
           349               0.0000000               0.0000000              -9.0058250
           350               0.1932881              -0.3881749              -8.1871138
           351               0.3865763              -0.7763498              -7.3684025
           352               0.5798644              -1.1645248              -6.5496912
           353               0.7731526              -1.5526997              -5.7309799
           354               0.9664407              -1.9408746              -4.9122682
           355               1.1597289              -2.3290496              -4.0935569
           356               1.3530171              -2.7172244              -3.2748456
           357               1.5463052              -3.1053994              -2.4561343
           358               1.7395934              -3.4935744              -1.6374226
           359               1.9328815              -3.8817492              -0.8187113
           360               2.1261697              -4.2699242               0.0000000
           361               0.0000000               0.0000000              -9.0058250
           362               0.4043534              -0.1566473              -8.1871138
           363               0.8087068              -0.3132947              -7.3684025
           364               1.2130603              -0.4699421              -6.5496912
           365               1.6174136              -0.6265894              -5.7309799
           366               2.0217669              -0.7832367              -4.9122682
           367               2.4261205              -0.9398841              -4.0935569
           368               2.8304739              -1.0965314              -3.2748456
           369               3.2348273              -1.2531787              -2.4561343
           370               3.6391807              -1.4098262              -1.6374226
           371               4.0435338              -1.5664735              -0.8187113
           372               4.4478874              -1.7231208               0.0000000
           373               0.0000000               0.0000000              -9.0058250
           374               0.3204608              -0.2921386              -8.1871138
           375               0.6409215              -0.5842772              -7.3684025
           376               0.9613823              -0.8764158              -6.5496912
           377               1.2818431              -1.1685544              -5.7309799
           378               1.6023040              -1.4606930              -4.9122682
           379               1.9227647              -1.7528316              -4.0935569
           380               2.2432253              -2.0449703              -3.2748456
           381               2.5636861              -2.3371089              -2.4561343
           382               2.8841469              -2.6292474              -1.6374226
           383               3.2046080              -2.9213860              -0.8187113
           384               3.5250685              -3.2135246               0.0000000
           385               0.0000000               0.0000000              -9.0058250
           386               0.4336359               0.0000000              -8.1871138
           387               0.8672718               0.0000000              -7.3684025
           388               1.3009076               0.0000000              -6.5496912
           389               1.7345436               0.0000000              -5.7309799
           390               2.1681795               0.0000000              -4.9122682
           391               2.6018152               0.0000000              -4.0935569
           392               3.0354509               0.0000000              -3.2748456
           393               3.4690871               0.0000000              -2.4561343
           394               3.9027231               0.0000000              -1.6374226
           395               4.3363590               0.0000000              -0.8187113
           396               4.7699947               0.0000000               0.0000000
           397               0.0000000               0.0000000              -9.0058250
           398               0.4043534              -0.1566473              -8.1871138
           399               0.8087068              -0.3132947              -7.3684025
           400               1.2130603              -0.4699421              -6.5496912
           401               1.6174136              -0.6265894              -5.7309799
           402               2.0217669              -0.7832367              -4.9122682
           403               2.4261205              -0.9398841              -4.0935569
           404               2.8304739              -1.0965314              -3.2748456
           405               3.2348273              -1.2531787              -2.4561343
           406               3.6391807              -1.4098262              -1.6374226
           407               4.0435338              -1.5664735              -0.8187113
           408               4.4478874              -1.7231208               0.0000000
             0          0.00          0.00          0.00
               1               2              14              13
               2               3              15              14
               3               4              16              15
               4               5              17              16
               5               6              18              17
               6               7              19              18
               7               8              20              19
               8               9              21              20
               9              10              22              21
              10              11              23              22
              11              12              24              23
              25              26              38              37
              26              27              39              38
              27              28              40              39
              28              29              41              40
              29              30              42              41
              30              31              43              42
              31              32              44              43
              32              33              45              44
              33              34              46              45
              34              35              47              46
              35              36              48              47
              49              50              62              61
              50              51              63              62
              51              52              64              63
              52              53              65              64
              53              54              66              65
              54              55              67              66
              55              56              68              67
              56              57              69              68
              57              58              70              69
              58              59              71              70
              59              60              72              71
              73              74              86              85
              74              75              87              86
              75              76              88              87
              76              77              89              88
              77              78              90              89
              78              79              91              90
              79              80              92              91
              80              81              93              92
              81              82              94              93
              82              83              95              94
              83              84              96              95
              97              98             110             109
              98              99             111             110
              99             100             112             111
             100             101             113             112
             101             102             114             113
             102             103             115             114
             103             104             116             115
             104             105             117             116
             105             106             118             117
             106             107             119             118
             107             108             120             119
             121             122             134             133
             122             123             135             134
             123             124             136             135
             124             125             137             136
             125             126             138             137
             126             127             139             138
             127             128             140             139
             128             129             141             140
             129             130             142             141
             130             131             143             142
             131             132             144             143
             145             146             158             157
             146             147             159             158
             147             148             160             159
             148             149             161             160
             149             150             162             161
             150             151             163             162
             151             152             164             163
             152             153             165             164
             153             154             166             165
             154             155             167             166
             155             156             168             167
             169             170             182             181
             170             171             183             182
             171             172             184             183
             172             173             185             184
             173             174             186             185
             174             175             187             186
             175             176             188             187
             176             177             189             188
             177             178             190             189
             178             179             191             190
             179             180             192             191
             193             194             206             205
             194             195             207             206
             195             196             208             207
             196             197             209             208
             197             198             210             209
             198             199             211             210
             199             200             212             211
             200             201             213             212
             201             202             214             213
             202             203             215             214
             203             204             216             215
             217             218             230             229
             218             219             231             230
             219             220             232             231
             220             221             233             232
             221             222             234             233
             222             223             235             234
             223             224             236             235
             224             225             237             236
             225             226             238             237
             226             227             239             238
             227             228             240             239
             241             242             254             253
             242             243             255             254
             243             244             256             255
             244             245             257             256
             245             246             258             257
             246             247             259             258
             247             248             260             259
             248             249             261             260
             249             250             262             261
             250             251             263             262
             251             252             264             263
             265             266             278             277
             266             267             279             278
             267             268             280             279
             268             269             281             280
             269             270             282             281
             270             271             283             282
             271             272             284             283
             272             273             285             284
             273             274             286             285
             274             275             287             286
             275             276             288             287
             289             290             302             301
             290             291             303             302
             291             292             304             303
             292             293             305             304
             293             294             306             305
             294             295             307             306
             295             296             308             307
             296             297             309             308
             297             298             310             309
             298             299             311             310
             299             300             312             311
             313             314             326             325
             314             315             327             326
             315             316             328             327
             316             317             329             328
             317             318             330             329
             318             319             331             330
             319             320             332             331
             320             321             333             332
             321             322             334             333
             322             323             335             334
             323             324             336             335
             337             338             350             349
             338             339             351             350
             339             340             352             351
             340             341             353             352
             341             342             354             353
             342             343             355             354
             343             344             356             355
             344             345             357             356
             345             346             358             357
             346             347             359             358
             347             348             360             359
             361             362             374             373
             362             363             375             374
             363             364             376             375
             364             365             377             376
             365             366             378             377
             366             367             379             378
             367             368             380             379
             368             369             381             380
             369             370             382             381
             370             371             383             382
             371             372             384             383
             385             386             398             397
             386             387             399             398
             387             388             400             399
             388             389             401             400
             389             390             402             401
             390             391             403             402
             391             392             404             403
             392             393             405             404
             393             394             406             405
             394             395             407             406
             395             396             408             407
          0          0          0          0
