                    2          0
             1               0.0000000               2.4590645              -3.0322318
             2              -0.4545127               2.4590645              -2.7290087
             3              -0.9090255               2.4590645              -2.4257855
             4              -1.3635381               2.4590645              -2.1225624
             5              -1.8180510               2.4590645              -1.8193390
             6              -2.2725637               2.4590645              -1.5161159
             7              -2.7270763               2.4590645              -1.2128928
             8              -3.1815891               2.4590645              -0.9096696
             9              -3.6361020               2.4590645              -0.6064463
            10              -4.0906148               2.4590645              -0.3032231
            11              -4.5451274               2.4590645               0.0000000
            12               0.0000000               2.4590645              -3.0322318
            13               0.4545127               2.4590645              -2.7290087
            14               0.9090255               2.4590645              -2.4257855
            15               1.3635381               2.4590645              -2.1225624
            16               1.8180510               2.4590645              -1.8193390
            17               2.2725637               2.4590645              -1.5161159
            18               2.7270763               2.4590645              -1.2128928
            19               3.1815891               2.4590645              -0.9096696
            20               3.6361020               2.4590645              -0.6064463
            21               4.0906148               2.4590645              -0.3032231
            22               4.5451274               2.4590645               0.0000000
            23               0.0000000               2.4590645              -3.0322318
            24               0.4545127               2.4590645              -2.7290087
            25               0.9090255               2.4590645              -2.4257855
            26               1.3635381               2.4590645              -2.1225624
            27               1.8180510               2.4590645              -1.8193390
            28               2.2725637               2.4590645              -1.5161159
            29               2.7270763               2.4590645              -1.2128928
            30               3.1815891               2.4590645              -0.9096696
            31               3.6361020               2.4590645              -0.6064463
            32               4.0906148               2.4590645              -0.3032231
            33               4.5451274               2.4590645               0.0000000
            34               0.0000000               1.9126058              -3.0322318
            35               0.4545127               1.9126058              -2.7290087
            36               0.9090255               1.9126058              -2.4257855
            37               1.3635381               1.9126058              -2.1225624
            38               1.8180510               1.9126058              -1.8193390
            39               2.2725637               1.9126058              -1.5161159
            40               2.7270763               1.9126058              -1.2128928
            41               3.1815891               1.9126058              -0.9096696
            42               3.6361020               1.9126058              -0.6064463
            43               4.0906148               1.9126058              -0.3032231
            44               4.5451274               1.9126058               0.0000000
            45               0.0000000               1.3661469              -3.0322318
            46               0.4545127               1.3661469              -2.7290087
            47               0.9090255               1.3661469              -2.4257855
            48               1.3635381               1.3661469              -2.1225624
            49               1.8180510               1.3661469              -1.8193390
            50               2.2725637               1.3661469              -1.5161159
            51               2.7270763               1.3661469              -1.2128928
            52               3.1815891               1.3661469              -0.9096696
            53               3.6361020               1.3661469              -0.6064463
            54               4.0906148               1.3661469              -0.3032231
            55               4.5451274               1.3661469               0.0000000
            56               0.0000000               0.8196882              -3.0322318
            57               0.4545127               0.8196882              -2.7290087
            58               0.9090255               0.8196882              -2.4257855
            59               1.3635381               0.8196882              -2.1225624
            60               1.8180510               0.8196882              -1.8193390
            61               2.2725637               0.8196882              -1.5161159
            62               2.7270763               0.8196882              -1.2128928
            63               3.1815891               0.8196882              -0.9096696
            64               3.6361020               0.8196882              -0.6064463
            65               4.0906148               0.8196882              -0.3032231
            66               4.5451274               0.8196882               0.0000000
            67               0.0000000               0.2732294              -3.0322318
            68               0.4545127               0.2732294              -2.7290087
            69               0.9090255               0.2732294              -2.4257855
            70               1.3635381               0.2732294              -2.1225624
            71               1.8180510               0.2732294              -1.8193390
            72               2.2725637               0.2732294              -1.5161159
            73               2.7270763               0.2732294              -1.2128928
            74               3.1815891               0.2732294              -0.9096696
            75               3.6361020               0.2732294              -0.6064463
            76               4.0906148               0.2732294              -0.3032231
            77               4.5451274               0.2732294               0.0000000
            78               0.0000000              -0.2732294              -3.0322318
            79               0.4545127              -0.2732294              -2.7290087
            80               0.9090255              -0.2732294              -2.4257855
            81               1.3635381              -0.2732294              -2.1225624
            82               1.8180510              -0.2732294              -1.8193390
            83               2.2725637              -0.2732294              -1.5161159
            84               2.7270763              -0.2732294              -1.2128928
            85               3.1815891              -0.2732294              -0.9096696
            86               3.6361020              -0.2732294              -0.6064463
            87               4.0906148              -0.2732294              -0.3032231
            88               4.5451274              -0.2732294               0.0000000
            89               0.0000000              -0.8196881              -3.0322318
            90               0.4545127              -0.8196881              -2.7290087
            91               0.9090255              -0.8196881              -2.4257855
            92               1.3635381              -0.8196881              -2.1225624
            93               1.8180510              -0.8196881              -1.8193390
            94               2.2725637              -0.8196881              -1.5161159
            95               2.7270763              -0.8196881              -1.2128928
            96               3.1815891              -0.8196881              -0.9096696
            97               3.6361020              -0.8196881              -0.6064463
            98               4.0906148              -0.8196881              -0.3032231
            99               4.5451274              -0.8196881               0.0000000
           100               0.0000000              -1.3661470              -3.0322318
           101               0.4545127              -1.3661470              -2.7290087
           102               0.9090255              -1.3661470              -2.4257855
           103               1.3635381              -1.3661470              -2.1225624
           104               1.8180510              -1.3661470              -1.8193390
           105               2.2725637              -1.3661470              -1.5161159
           106               2.7270763              -1.3661470              -1.2128928
           107               3.1815891              -1.3661470              -0.9096696
           108               3.6361020              -1.3661470              -0.6064463
           109               4.0906148              -1.3661470              -0.3032231
           110               4.5451274              -1.3661470               0.0000000
           111               0.0000000              -1.9126058              -3.0322318
           112               0.4545127              -1.9126058              -2.7290087
           113               0.9090255              -1.9126058              -2.4257855
           114               1.3635381              -1.9126058              -2.1225624
           115               1.8180510              -1.9126058              -1.8193390
           116               2.2725637              -1.9126058              -1.5161159
           117               2.7270763              -1.9126058              -1.2128928
           118               3.1815891              -1.9126058              -0.9096696
           119               3.6361020              -1.9126058              -0.6064463
           120               4.0906148              -1.9126058              -0.3032231
           121               4.5451274              -1.9126058               0.0000000
           122               0.0000000              -2.4590645              -3.0322318
           123               0.4545127              -2.4590645              -2.7290087
           124               0.9090255              -2.4590645              -2.4257855
           125               1.3635381              -2.4590645              -2.1225624
           126               1.8180510              -2.4590645              -1.8193390
           127               2.2725637              -2.4590645              -1.5161159
           128               2.7270763              -2.4590645              -1.2128928
           129               3.1815891              -2.4590645              -0.9096696
           130               3.6361020              -2.4590645              -0.6064463
           131               4.0906148              -2.4590645              -0.3032231
           132               4.5451274              -2.4590645               0.0000000
           133               0.0000000              -2.4590645              -3.0322318
           134               0.4545127              -2.4590645              -2.7290087
           135               0.9090255              -2.4590645              -2.4257855
           136               1.3635381              -2.4590645              -2.1225624
           137               1.8180510              -2.4590645              -1.8193390
           138               2.2725637              -2.4590645              -1.5161159
           139               2.7270763              -2.4590645              -1.2128928
           140               3.1815891              -2.4590645              -0.9096696
           141               3.6361020              -2.4590645              -0.6064463
           142               4.0906148              -2.4590645              -0.3032231
           143               4.5451274              -2.4590645               0.0000000
           144               0.0000000              -2.4590645              -3.0322318
           145              -0.4545127              -2.4590645              -2.7290087
           146              -0.9090255              -2.4590645              -2.4257855
           147              -1.3635381              -2.4590645              -2.1225624
           148              -1.8180510              -2.4590645              -1.8193390
           149              -2.2725637              -2.4590645              -1.5161159
           150              -2.7270763              -2.4590645              -1.2128928
           151              -3.1815891              -2.4590645              -0.9096696
           152              -3.6361020              -2.4590645              -0.6064463
           153              -4.0906148              -2.4590645              -0.3032231
           154              -4.5451274              -2.4590645               0.0000000
           155               0.0000000              -2.4590645              -3.0322318
           156              -0.4545127              -2.4590645              -2.7290087
           157              -0.9090255              -2.4590645              -2.4257855
           158              -1.3635381              -2.4590645              -2.1225624
           159              -1.8180510              -2.4590645              -1.8193390
           160              -2.2725637              -2.4590645              -1.5161159
           161              -2.7270763              -2.4590645              -1.2128928
           162              -3.1815891              -2.4590645              -0.9096696
           163              -3.6361020              -2.4590645              -0.6064463
           164              -4.0906148              -2.4590645              -0.3032231
           165              -4.5451274              -2.4590645               0.0000000
           166               0.0000000              -1.9126058              -3.0322318
           167              -0.4545127              -1.9126058              -2.7290087
           168              -0.9090255              -1.9126058              -2.4257855
           169              -1.3635381              -1.9126058              -2.1225624
           170              -1.8180510              -1.9126058              -1.8193390
           171              -2.2725637              -1.9126058              -1.5161159
           172              -2.7270763              -1.9126058              -1.2128928
           173              -3.1815891              -1.9126058              -0.9096696
           174              -3.6361020              -1.9126058              -0.6064463
           175              -4.0906148              -1.9126058              -0.3032231
           176              -4.5451274              -1.9126058               0.0000000
           177               0.0000000              -1.3661469              -3.0322318
           178              -0.4545127              -1.3661469              -2.7290087
           179              -0.9090255              -1.3661469              -2.4257855
           180              -1.3635381              -1.3661469              -2.1225624
           181              -1.8180510              -1.3661469              -1.8193390
           182              -2.2725637              -1.3661469              -1.5161159
           183              -2.7270763              -1.3661469              -1.2128928
           184              -3.1815891              -1.3661469              -0.9096696
           185              -3.6361020              -1.3661469              -0.6064463
           186              -4.0906148              -1.3661469              -0.3032231
           187              -4.5451274              -1.3661469               0.0000000
           188               0.0000000              -0.8196882              -3.0322318
           189              -0.4545127              -0.8196882              -2.7290087
           190              -0.9090255              -0.8196882              -2.4257855
           191              -1.3635381              -0.8196882              -2.1225624
           192              -1.8180510              -0.8196882              -1.8193390
           193              -2.2725637              -0.8196882              -1.5161159
           194              -2.7270763              -0.8196882              -1.2128928
           195              -3.1815891              -0.8196882              -0.9096696
           196              -3.6361020              -0.8196882              -0.6064463
           197              -4.0906148              -0.8196882              -0.3032231
           198              -4.5451274              -0.8196882               0.0000000
           199               0.0000000              -0.2732294              -3.0322318
           200              -0.4545127              -0.2732294              -2.7290087
           201              -0.9090255              -0.2732294              -2.4257855
           202              -1.3635381              -0.2732294              -2.1225624
           203              -1.8180510              -0.2732294              -1.8193390
           204              -2.2725637              -0.2732294              -1.5161159
           205              -2.7270763              -0.2732294              -1.2128928
           206              -3.1815891              -0.2732294              -0.9096696
           207              -3.6361020              -0.2732294              -0.6064463
           208              -4.0906148              -0.2732294              -0.3032231
           209              -4.5451274              -0.2732294               0.0000000
           210               0.0000000               0.2732294              -3.0322318
           211              -0.4545127               0.2732294              -2.7290087
           212              -0.9090255               0.2732294              -2.4257855
           213              -1.3635381               0.2732294              -2.1225624
           214              -1.8180510               0.2732294              -1.8193390
           215              -2.2725637               0.2732294              -1.5161159
           216              -2.7270763               0.2732294              -1.2128928
           217              -3.1815891               0.2732294              -0.9096696
           218              -3.6361020               0.2732294              -0.6064463
           219              -4.0906148               0.2732294              -0.3032231
           220              -4.5451274               0.2732294               0.0000000
           221               0.0000000               0.8196881              -3.0322318
           222              -0.4545127               0.8196881              -2.7290087
           223              -0.9090255               0.8196881              -2.4257855
           224              -1.3635381               0.8196881              -2.1225624
           225              -1.8180510               0.8196881              -1.8193390
           226              -2.2725637               0.8196881              -1.5161159
           227              -2.7270763               0.8196881              -1.2128928
           228              -3.1815891               0.8196881              -0.9096696
           229              -3.6361020               0.8196881              -0.6064463
           230              -4.0906148               0.8196881              -0.3032231
           231              -4.5451274               0.8196881               0.0000000
           232               0.0000000               1.3661470              -3.0322318
           233              -0.4545127               1.3661470              -2.7290087
           234              -0.9090255               1.3661470              -2.4257855
           235              -1.3635381               1.3661470              -2.1225624
           236              -1.8180510               1.3661470              -1.8193390
           237              -2.2725637               1.3661470              -1.5161159
           238              -2.7270763               1.3661470              -1.2128928
           239              -3.1815891               1.3661470              -0.9096696
           240              -3.6361020               1.3661470              -0.6064463
           241              -4.0906148               1.3661470              -0.3032231
           242              -4.5451274               1.3661470               0.0000000
           243               0.0000000               1.9126058              -3.0322318
           244              -0.4545127               1.9126058              -2.7290087
           245              -0.9090255               1.9126058              -2.4257855
           246              -1.3635381               1.9126058              -2.1225624
           247              -1.8180510               1.9126058              -1.8193390
           248              -2.2725637               1.9126058              -1.5161159
           249              -2.7270763               1.9126058              -1.2128928
           250              -3.1815891               1.9126058              -0.9096696
           251              -3.6361020               1.9126058              -0.6064463
           252              -4.0906148               1.9126058              -0.3032231
           253              -4.5451274               1.9126058               0.0000000
           254               0.0000000               2.4590645              -3.0322318
           255              -0.4545127               2.4590645              -2.7290087
           256              -0.9090255               2.4590645              -2.4257855
           257              -1.3635381               2.4590645              -2.1225624
           258              -1.8180510               2.4590645              -1.8193390
           259              -2.2725637               2.4590645              -1.5161159
           260              -2.7270763               2.4590645              -1.2128928
           261              -3.1815891               2.4590645              -0.9096696
           262              -3.6361020               2.4590645              -0.6064463
           263              -4.0906148               2.4590645              -0.3032231
           264              -4.5451274               2.4590645               0.0000000
             0          0.00          0.00          0.00
               1               2              13              12
               2               3              14              13
               3               4              15              14
               4               5              16              15
               5               6              17              16
               6               7              18              17
               7               8              19              18
               8               9              20              19
               9              10              21              20
              10              11              22              21
              23              24              35              34
              24              25              36              35
              25              26              37              36
              26              27              38              37
              27              28              39              38
              28              29              40              39
              29              30              41              40
              30              31              42              41
              31              32              43              42
              32              33              44              43
              34              35              46              45
              35              36              47              46
              36              37              48              47
              37              38              49              48
              38              39              50              49
              39              40              51              50
              40              41              52              51
              41              42              53              52
              42              43              54              53
              43              44              55              54
              45              46              57              56
              46              47              58              57
              47              48              59              58
              48              49              60              59
              49              50              61              60
              50              51              62              61
              51              52              63              62
              52              53              64              63
              53              54              65              64
              54              55              66              65
              56              57              68              67
              57              58              69              68
              58              59              70              69
              59              60              71              70
              60              61              72              71
              61              62              73              72
              62              63              74              73
              63              64              75              74
              64              65              76              75
              65              66              77              76
              67              68              79              78
              68              69              80              79
              69              70              81              80
              70              71              82              81
              71              72              83              82
              72              73              84              83
              73              74              85              84
              74              75              86              85
              75              76              87              86
              76              77              88              87
              78              79              90              89
              79              80              91              90
              80              81              92              91
              81              82              93              92
              82              83              94              93
              83              84              95              94
              84              85              96              95
              85              86              97              96
              86              87              98              97
              87              88              99              98
              89              90             101             100
              90              91             102             101
              91              92             103             102
              92              93             104             103
              93              94             105             104
              94              95             106             105
              95              96             107             106
              96              97             108             107
              97              98             109             108
              98              99             110             109
             100             101             112             111
             101             102             113             112
             102             103             114             113
             103             104             115             114
             104             105             116             115
             105             106             117             116
             106             107             118             117
             107             108             119             118
             108             109             120             119
             109             110             121             120
             111             112             123             122
             112             113             124             123
             113             114             125             124
             114             115             126             125
             115             116             127             126
             116             117             128             127
             117             118             129             128
             118             119             130             129
             119             120             131             130
             120             121             132             131
             133             134             145             144
             134             135             146             145
             135             136             147             146
             136             137             148             147
             137             138             149             148
             138             139             150             149
             139             140             151             150
             140             141             152             151
             141             142             153             152
             142             143             154             153
             155             156             167             166
             156             157             168             167
             157             158             169             168
             158             159             170             169
             159             160             171             170
             160             161             172             171
             161             162             173             172
             162             163             174             173
             163             164             175             174
             164             165             176             175
             166             167             178             177
             167             168             179             178
             168             169             180             179
             169             170             181             180
             170             171             182             181
             171             172             183             182
             172             173             184             183
             173             174             185             184
             174             175             186             185
             175             176             187             186
             177             178             189             188
             178             179             190             189
             179             180             191             190
             180             181             192             191
             181             182             193             192
             182             183             194             193
             183             184             195             194
             184             185             196             195
             185             186             197             196
             186             187             198             197
             188             189             200             199
             189             190             201             200
             190             191             202             201
             191             192             203             202
             192             193             204             203
             193             194             205             204
             194             195             206             205
             195             196             207             206
             196             197             208             207
             197             198             209             208
             199             200             211             210
             200             201             212             211
             201             202             213             212
             202             203             214             213
             203             204             215             214
             204             205             216             215
             205             206             217             216
             206             207             218             217
             207             208             219             218
             208             209             220             219
             210             211             222             221
             211             212             223             222
             212             213             224             223
             213             214             225             224
             214             215             226             225
             215             216             227             226
             216             217             228             227
             217             218             229             228
             218             219             230             229
             219             220             231             230
             221             222             233             232
             222             223             234             233
             223             224             235             234
             224             225             236             235
             225             226             237             236
             226             227             238             237
             227             228             239             238
             228             229             240             239
             229             230             241             240
             230             231             242             241
             232             233             244             243
             233             234             245             244
             234             235             246             245
             235             236             247             246
             236             237             248             247
             237             238             249             248
             238             239             250             249
             239             240             251             250
             240             241             252             251
             241             242             253             252
             243             244             255             254
             244             245             256             255
             245             246             257             256
             246             247             258             257
             247             248             259             258
             248             249             260             259
             249             250             261             260
             250             251             262             261
             251             252             263             262
             252             253             264             263
          0          0          0          0
