                    2          0
             1               2.4091325               0.9333029              -1.0701610
             2               2.5083795               0.9717513              -0.5350805
             3               2.6076262               1.0101998               0.0000000
             4               2.4963648               0.4666514              -1.0701610
             5               2.5992055               0.4858757              -0.5350805
             6               2.7020459               0.5050999               0.0000000
             7               2.5835972               0.0000000              -1.0701610
             8               2.6900313               0.0000000              -0.5350805
             9               2.7964654               0.0000000               0.0000000
            10               1.8438702               0.7143191              -1.9773996
            11               2.1265013               0.8238110              -1.5237803
            12               2.4091325               0.9333029              -1.0701610
            13               1.9106349               0.3571596              -1.9773996
            14               2.2034998               0.4119055              -1.5237803
            15               2.4963648               0.4666514              -1.0701610
            16               1.9773996               0.0000000              -1.9773996
            17               2.2804985               0.0000000              -1.5237803
            18               2.5835972               0.0000000              -1.0701610
            19               0.9978954               0.3865867              -2.5835972
            20               1.4208828               0.5504529              -2.2804985
            21               1.8438702               0.7143191              -1.9773996
            22               1.0701610               0.0000000              -2.5835972
            23               1.5237803               0.0000000              -2.2804985
            24               1.9773996               0.0000000              -1.9773996
            25               0.0000000               0.0000000              -2.7964654
            26               0.4989477               0.1932933              -2.6900313
            27               0.9978954               0.3865867              -2.5835972
            28               0.0000000               0.0000000              -2.7964654
            29               0.5350805               0.0000000              -2.6900313
            30               1.0701610               0.0000000              -2.5835972
            31               1.9093013               1.7405581              -1.0701610
            32               1.9879570               1.8122623              -0.5350805
            33               2.0666127               1.8839664               0.0000000
            34               2.1592169               1.3369305              -1.0701610
            35               2.2481682               1.3920069              -0.5350805
            36               2.3371196               1.4470831               0.0000000
            37               2.4091325               0.9333029              -1.0701610
            38               2.5083795               0.9717513              -0.5350805
            39               2.6076262               1.0101998               0.0000000
            40               1.4613159               1.3321655              -1.9773996
            41               1.6853086               1.5363618              -1.5237803
            42               1.9093013               1.7405581              -1.0701610
            43               1.6525930               1.0232422              -1.9773996
            44               1.9059050               1.1800864              -1.5237803
            45               2.1592169               1.3369305              -1.0701610
            46               1.8438702               0.7143191              -1.9773996
            47               2.1265013               0.8238110              -1.5237803
            48               2.4091325               0.9333029              -1.0701610
            49               0.7908585               0.7209628              -2.5835972
            50               1.1260872               1.0265641              -2.2804985
            51               1.4613159               1.3321655              -1.9773996
            52               0.9978954               0.3865867              -2.5835972
            53               1.4208828               0.5504529              -2.2804985
            54               1.8438702               0.7143191              -1.9773996
            55               0.0000000               0.0000000              -2.7964654
            56               0.3954293               0.3604814              -2.6900313
            57               0.7908585               0.7209628              -2.5835972
            58               0.0000000               0.0000000              -2.7964654
            59               0.4989477               0.1932933              -2.6900313
            60               0.9978954               0.3865867              -2.5835972
            61               1.1516083               2.3127413              -1.0701610
            62               1.1990502               2.4080172              -0.5350805
            63               1.2464919               2.5032930               0.0000000
            64               1.5304549               2.0266497              -1.0701610
            65               1.5935036               2.1101398              -0.5350805
            66               1.6565523               2.1936297               0.0000000
            67               1.9093013               1.7405581              -1.0701610
            68               1.9879570               1.8122623              -0.5350805
            69               2.0666127               1.8839664               0.0000000
            70               0.8814028               1.7700955              -1.9773996
            71               1.0165056               2.0414183              -1.5237803
            72               1.1516083               2.3127413              -1.0701610
            73               1.1713593               1.5511305              -1.9773996
            74               1.3509071               1.7888901              -1.5237803
            75               1.5304549               2.0266497              -1.0701610
            76               1.4613159               1.3321655              -1.9773996
            77               1.6853086               1.5363618              -1.5237803
            78               1.9093013               1.7405581              -1.0701610
            79               0.4770118               0.9579688              -2.5835972
            80               0.6792073               1.3640321              -2.2804985
            81               0.8814028               1.7700955              -1.9773996
            82               0.7908585               0.7209628              -2.5835972
            83               1.1260872               1.0265641              -2.2804985
            84               1.4613159               1.3321655              -1.9773996
            85               0.0000000               0.0000000              -2.7964654
            86               0.2385059               0.4789844              -2.6900313
            87               0.4770118               0.9579688              -2.5835972
            88               0.0000000               0.0000000              -2.7964654
            89               0.3954293               0.3604814              -2.6900313
            90               0.7908585               0.7209628              -2.5835972
            91               0.2383843               2.5725758              -1.0701610
            92               0.2482048               2.6785560              -0.5350805
            93               0.2580253               2.7845361               0.0000000
            94               0.6949964               2.4426584              -1.0701610
            95               0.7236274               2.5432866              -0.5350805
            96               0.7522586               2.6439147               0.0000000
            97               1.1516083               2.3127413              -1.0701610
            98               1.1990502               2.4080172              -0.5350805
            99               1.2464919               2.5032930               0.0000000
           100               0.1824514               1.9689645              -1.9773996
           101               0.2104179               2.2707701              -1.5237803
           102               0.2383843               2.5725758              -1.0701610
           103               0.5319271               1.8695300              -1.9773996
           104               0.6134617               2.1560941              -1.5237803
           105               0.6949964               2.4426584              -1.0701610
           106               0.8814027               1.7700955              -1.9773996
           107               1.0165055               2.0414183              -1.5237803
           108               1.1516083               2.3127413              -1.0701610
           109               0.0987420               1.0655957              -2.5835972
           110               0.1405967               1.5172801              -2.2804985
           111               0.1824514               1.9689645              -1.9773996
           112               0.4770118               0.9579688              -2.5835972
           113               0.6792073               1.3640321              -2.2804985
           114               0.8814027               1.7700955              -1.9773996
           115               0.0000000               0.0000000              -2.7964654
           116               0.0493710               0.5327979              -2.6900313
           117               0.0987420               1.0655957              -2.5835972
           118               0.0000000               0.0000000              -2.7964654
           119               0.2385059               0.4789844              -2.6900313
           120               0.4770118               0.9579688              -2.5835972
           121              -0.7070349               2.4849699              -1.0701610
           122              -0.7361620               2.5873408              -0.5350805
           123              -0.7652891               2.6897120               0.0000000
           124              -0.2343253               2.5287728              -1.0701610
           125              -0.2439786               2.6329484              -0.5350805
           126              -0.2536319               2.7371240               0.0000000
           127               0.2383843               2.5725758              -1.0701610
           128               0.2482048               2.6785560              -0.5350805
           129               0.2580253               2.7845361               0.0000000
           130              -0.5411411               1.9019136              -1.9773996
           131              -0.6240880               2.1934419              -1.5237803
           132              -0.7070349               2.4849699              -1.0701610
           133              -0.1793448               1.9354391              -1.9773996
           134              -0.2068351               2.2321060              -1.5237803
           135              -0.2343253               2.5287728              -1.0701610
           136               0.1824514               1.9689645              -1.9773996
           137               0.2104179               2.2707701              -1.5237803
           138               0.2383843               2.5725758              -1.0701610
           139              -0.2928634               1.0293082              -2.5835972
           140              -0.4170023               1.4656110              -2.2804985
           141              -0.5411411               1.9019136              -1.9773996
           142               0.0987420               1.0655957              -2.5835972
           143               0.1405967               1.5172801              -2.2804985
           144               0.1824514               1.9689645              -1.9773996
           145               0.0000000               0.0000000              -2.7964654
           146              -0.1464317               0.5146541              -2.6900313
           147              -0.2928634               1.0293082              -2.5835972
           148               0.0000000               0.0000000              -2.7964654
           149               0.0493710               0.5327979              -2.6900313
           150               0.0987420               1.0655957              -2.5835972
           151              -1.5569651               2.0617549              -1.0701610
           152              -1.6211060               2.1466913              -0.5350805
           153              -1.6852469               2.2316275               0.0000000
           154              -1.1320000               2.2733624              -1.0701610
           155              -1.1786339               2.3670161              -0.5350805
           156              -1.2252680               2.4606698               0.0000000
           157              -0.7070349               2.4849699              -1.0701610
           158              -0.7361620               2.5873408              -0.5350805
           159              -0.7652891               2.6897120               0.0000000
           160              -1.1916496               1.5779989              -1.9773996
           161              -1.3743074               1.8198769              -1.5237803
           162              -1.5569651               2.0617549              -1.0701610
           163              -0.8663954               1.7399563              -1.9773996
           164              -0.9991977               2.0066593              -1.5237803
           165              -1.1320000               2.2733624              -1.0701610
           166              -0.5411411               1.9019136              -1.9773996
           167              -0.6240880               2.1934419              -1.5237803
           168              -0.7070349               2.4849699              -1.0701610
           169              -0.6449161               0.8540069              -2.5835972
           170              -0.9182829               1.2160029              -2.2804985
           171              -1.1916496               1.5779989              -1.9773996
           172              -0.2928634               1.0293082              -2.5835972
           173              -0.4170023               1.4656110              -2.2804985
           174              -0.5411411               1.9019136              -1.9773996
           175               0.0000000               0.0000000              -2.7964654
           176              -0.3224581               0.4270034              -2.6900313
           177              -0.6449161               0.8540069              -2.5835972
           178               0.0000000               0.0000000              -2.7964654
           179              -0.1464317               0.5146541              -2.6900313
           180              -0.2928634               1.0293082              -2.5835972
           181              -2.1966186               1.3600886              -1.0701610
           182              -2.2871108               1.4161189              -0.5350805
           183              -2.3776028               1.4721493               0.0000000
           184              -1.8767918               1.7109218              -1.0701610
           185              -1.9541085               1.7814051              -0.5350805
           186              -2.0314250               1.8518884               0.0000000
           187              -1.5569651               2.0617549              -1.0701610
           188              -1.6211060               2.1466913              -0.5350805
           189              -1.6852469               2.2316275               0.0000000
           190              -1.6812190               1.0409667              -1.9773996
           191              -1.9389188               1.2005277              -1.5237803
           192              -2.1966186               1.3600886              -1.0701610
           193              -1.4364343               1.3094828              -1.9773996
           194              -1.6566131               1.5102023              -1.5237803
           195              -1.8767918               1.7109218              -1.0701610
           196              -1.1916496               1.5779989              -1.9773996
           197              -1.3743074               1.8198769              -1.5237803
           198              -1.5569651               2.0617549              -1.0701610
           199              -0.9098692               0.5633671              -2.5835972
           200              -1.2955441               0.8021669              -2.2804985
           201              -1.6812190               1.0409667              -1.9773996
           202              -0.6449161               0.8540069              -2.5835972
           203              -0.9182829               1.2160029              -2.2804985
           204              -1.1916496               1.5779989              -1.9773996
           205               0.0000000               0.0000000              -2.7964654
           206              -0.4549346               0.2816836              -2.6900313
           207              -0.9098692               0.5633671              -2.5835972
           208               0.0000000               0.0000000              -2.7964654
           209              -0.3224581               0.4270034              -2.6900313
           210              -0.6449161               0.8540069              -2.5835972
           211              -2.5396063               0.4747347              -1.0701610
           212              -2.6442282               0.4942920              -0.5350805
           213              -2.7488501               0.5138492               0.0000000
           214              -2.3681126               0.9174117              -1.0701610
           215              -2.4656696               0.9552054              -0.5350805
           216              -2.5632265               0.9929992               0.0000000
           217              -2.1966186               1.3600886              -1.0701610
           218              -2.2871108               1.4161189              -0.5350805
           219              -2.3776028               1.4721493               0.0000000
           220              -1.9437306               0.3633462              -1.9773996
           221              -2.2416685               0.4190404              -1.5237803
           222              -2.5396063               0.4747347              -1.0701610
           223              -1.8124747               0.7021564              -1.9773996
           224              -2.0902936               0.8097841              -1.5237803
           225              -2.3681126               0.9174117              -1.0701610
           226              -1.6812190               1.0409667              -1.9773996
           227              -1.9389188               1.2005277              -1.5237803
           228              -2.1966186               1.3600886              -1.0701610
           229              -1.0519394               0.1966416              -2.5835972
           230              -1.4978349               0.2799939              -2.2804985
           231              -1.9437306               0.3633462              -1.9773996
           232              -0.9098692               0.5633671              -2.5835972
           233              -1.2955441               0.8021669              -2.2804985
           234              -1.6812190               1.0409667              -1.9773996
           235               0.0000000               0.0000000              -2.7964654
           236              -0.5259697               0.0983208              -2.6900313
           237              -1.0519394               0.1966416              -2.5835972
           238               0.0000000               0.0000000              -2.7964654
           239              -0.4549346               0.2816836              -2.6900313
           240              -0.9098692               0.5633671              -2.5835972
           241              -2.5396063              -0.4747347              -1.0701610
           242              -2.6442282              -0.4942920              -0.5350805
           243              -2.7488501              -0.5138492               0.0000000
           244              -2.5396063               0.0000000              -1.0701610
           245              -2.6442282               0.0000000              -0.5350805
           246              -2.7488501               0.0000000               0.0000000
           247              -2.5396063               0.4747347              -1.0701610
           248              -2.6442282               0.4942920              -0.5350805
           249              -2.7488501               0.5138492               0.0000000
           250              -1.9437306              -0.3633462              -1.9773996
           251              -2.2416685              -0.4190404              -1.5237803
           252              -2.5396063              -0.4747347              -1.0701610
           253              -1.9437306               0.0000000              -1.9773996
           254              -2.2416685               0.0000000              -1.5237803
           255              -2.5396063               0.0000000              -1.0701610
           256              -1.9437306               0.3633462              -1.9773996
           257              -2.2416685               0.4190404              -1.5237803
           258              -2.5396063               0.4747347              -1.0701610
           259              -1.0519394              -0.1966416              -2.5835972
           260              -1.4978349              -0.2799939              -2.2804985
           261              -1.9437306              -0.3633462              -1.9773996
           262              -1.0519394               0.1966416              -2.5835972
           263              -1.4978349               0.2799939              -2.2804985
           264              -1.9437306               0.3633462              -1.9773996
           265               0.0000000               0.0000000              -2.7964654
           266              -0.5259697              -0.0983208              -2.6900313
           267              -1.0519394              -0.1966416              -2.5835972
           268               0.0000000               0.0000000              -2.7964654
           269              -0.5259697               0.0983208              -2.6900313
           270              -1.0519394               0.1966416              -2.5835972
           271              -2.1966186              -1.3600886              -1.0701610
           272              -2.2871108              -1.4161189              -0.5350805
           273              -2.3776028              -1.4721493               0.0000000
           274              -2.3681126              -0.9174116              -1.0701610
           275              -2.4656696              -0.9552054              -0.5350805
           276              -2.5632265              -0.9929992               0.0000000
           277              -2.5396063              -0.4747347              -1.0701610
           278              -2.6442282              -0.4942919              -0.5350805
           279              -2.7488501              -0.5138492               0.0000000
           280              -1.6812190              -1.0409667              -1.9773996
           281              -1.9389188              -1.2005277              -1.5237803
           282              -2.1966186              -1.3600886              -1.0701610
           283              -1.8124747              -0.7021565              -1.9773996
           284              -2.0902936              -0.8097841              -1.5237803
           285              -2.3681126              -0.9174116              -1.0701610
           286              -1.9437306              -0.3633462              -1.9773996
           287              -2.2416685              -0.4190404              -1.5237803
           288              -2.5396063              -0.4747347              -1.0701610
           289              -0.9098692              -0.5633671              -2.5835972
           290              -1.2955441              -0.8021669              -2.2804985
           291              -1.6812190              -1.0409667              -1.9773996
           292              -1.0519394              -0.1966416              -2.5835972
           293              -1.4978349              -0.2799939              -2.2804985
           294              -1.9437306              -0.3633462              -1.9773996
           295               0.0000000               0.0000000              -2.7964654
           296              -0.4549346              -0.2816836              -2.6900313
           297              -0.9098692              -0.5633671              -2.5835972
           298               0.0000000               0.0000000              -2.7964654
           299              -0.5259697              -0.0983208              -2.6900313
           300              -1.0519394              -0.1966416              -2.5835972
           301              -1.5569651              -2.0617549              -1.0701610
           302              -1.6211060              -2.1466913              -0.5350805
           303              -1.6852469              -2.2316275               0.0000000
           304              -1.8767918              -1.7109218              -1.0701610
           305              -1.9541085              -1.7814051              -0.5350805
           306              -2.0314250              -1.8518884               0.0000000
           307              -2.1966186              -1.3600886              -1.0701610
           308              -2.2871108              -1.4161189              -0.5350805
           309              -2.3776028              -1.4721493               0.0000000
           310              -1.1916496              -1.5779989              -1.9773996
           311              -1.3743074              -1.8198769              -1.5237803
           312              -1.5569651              -2.0617549              -1.0701610
           313              -1.4364343              -1.3094828              -1.9773996
           314              -1.6566131              -1.5102023              -1.5237803
           315              -1.8767918              -1.7109218              -1.0701610
           316              -1.6812190              -1.0409667              -1.9773996
           317              -1.9389188              -1.2005277              -1.5237803
           318              -2.1966186              -1.3600886              -1.0701610
           319              -0.6449161              -0.8540069              -2.5835972
           320              -0.9182829              -1.2160029              -2.2804985
           321              -1.1916496              -1.5779989              -1.9773996
           322              -0.9098692              -0.5633671              -2.5835972
           323              -1.2955441              -0.8021669              -2.2804985
           324              -1.6812190              -1.0409667              -1.9773996
           325               0.0000000               0.0000000              -2.7964654
           326              -0.3224581              -0.4270034              -2.6900313
           327              -0.6449161              -0.8540069              -2.5835972
           328               0.0000000               0.0000000              -2.7964654
           329              -0.4549346              -0.2816836              -2.6900313
           330              -0.9098692              -0.5633671              -2.5835972
           331              -0.7070349              -2.4849699              -1.0701610
           332              -0.7361620              -2.5873408              -0.5350805
           333              -0.7652891              -2.6897120               0.0000000
           334              -1.1320000              -2.2733624              -1.0701610
           335              -1.1786339              -2.3670161              -0.5350805
           336              -1.2252680              -2.4606698               0.0000000
           337              -1.5569651              -2.0617549              -1.0701610
           338              -1.6211060              -2.1466913              -0.5350805
           339              -1.6852469              -2.2316275               0.0000000
           340              -0.5411411              -1.9019136              -1.9773996
           341              -0.6240880              -2.1934419              -1.5237803
           342              -0.7070349              -2.4849699              -1.0701610
           343              -0.8663954              -1.7399563              -1.9773996
           344              -0.9991977              -2.0066593              -1.5237803
           345              -1.1320000              -2.2733624              -1.0701610
           346              -1.1916496              -1.5779989              -1.9773996
           347              -1.3743074              -1.8198769              -1.5237803
           348              -1.5569651              -2.0617549              -1.0701610
           349              -0.2928634              -1.0293082              -2.5835972
           350              -0.4170023              -1.4656110              -2.2804985
           351              -0.5411411              -1.9019136              -1.9773996
           352              -0.6449161              -0.8540069              -2.5835972
           353              -0.9182829              -1.2160029              -2.2804985
           354              -1.1916496              -1.5779989              -1.9773996
           355               0.0000000               0.0000000              -2.7964654
           356              -0.1464317              -0.5146541              -2.6900313
           357              -0.2928634              -1.0293082              -2.5835972
           358               0.0000000               0.0000000              -2.7964654
           359              -0.3224581              -0.4270034              -2.6900313
           360              -0.6449161              -0.8540069              -2.5835972
           361               0.2383843              -2.5725758              -1.0701610
           362               0.2482048              -2.6785560              -0.5350805
           363               0.2580253              -2.7845361               0.0000000
           364              -0.2343253              -2.5287728              -1.0701610
           365              -0.2439786              -2.6329484              -0.5350805
           366              -0.2536319              -2.7371240               0.0000000
           367              -0.7070349              -2.4849699              -1.0701610
           368              -0.7361621              -2.5873408              -0.5350805
           369              -0.7652892              -2.6897120               0.0000000
           370               0.1824514              -1.9689645              -1.9773996
           371               0.2104179              -2.2707701              -1.5237803
           372               0.2383843              -2.5725758              -1.0701610
           373              -0.1793449              -1.9354391              -1.9773996
           374              -0.2068351              -2.2321060              -1.5237803
           375              -0.2343253              -2.5287728              -1.0701610
           376              -0.5411412              -1.9019136              -1.9773996
           377              -0.6240880              -2.1934419              -1.5237803
           378              -0.7070349              -2.4849699              -1.0701610
           379               0.0987420              -1.0655957              -2.5835972
           380               0.1405967              -1.5172801              -2.2804985
           381               0.1824514              -1.9689645              -1.9773996
           382              -0.2928634              -1.0293082              -2.5835972
           383              -0.4170023              -1.4656110              -2.2804985
           384              -0.5411412              -1.9019136              -1.9773996
           385               0.0000000               0.0000000              -2.7964654
           386               0.0493710              -0.5327979              -2.6900313
           387               0.0987420              -1.0655957              -2.5835972
           388               0.0000000               0.0000000              -2.7964654
           389              -0.1464317              -0.5146541              -2.6900313
           390              -0.2928634              -1.0293082              -2.5835972
           391               1.1516083              -2.3127413              -1.0701610
           392               1.1990502              -2.4080172              -0.5350805
           393               1.2464919              -2.5032930               0.0000000
           394               0.6949964              -2.4426584              -1.0701610
           395               0.7236274              -2.5432866              -0.5350805
           396               0.7522586              -2.6439147               0.0000000
           397               0.2383843              -2.5725758              -1.0701610
           398               0.2482048              -2.6785560              -0.5350805
           399               0.2580253              -2.7845361               0.0000000
           400               0.8814028              -1.7700955              -1.9773996
           401               1.0165056              -2.0414183              -1.5237803
           402               1.1516083              -2.3127413              -1.0701610
           403               0.5319271              -1.8695300              -1.9773996
           404               0.6134617              -2.1560941              -1.5237803
           405               0.6949964              -2.4426584              -1.0701610
           406               0.1824514              -1.9689645              -1.9773996
           407               0.2104179              -2.2707701              -1.5237803
           408               0.2383843              -2.5725758              -1.0701610
           409               0.4770118              -0.9579688              -2.5835972
           410               0.6792073              -1.3640321              -2.2804985
           411               0.8814028              -1.7700955              -1.9773996
           412               0.0987420              -1.0655957              -2.5835972
           413               0.1405967              -1.5172801              -2.2804985
           414               0.1824514              -1.9689645              -1.9773996
           415               0.0000000               0.0000000              -2.7964654
           416               0.2385059              -0.4789844              -2.6900313
           417               0.4770118              -0.9579688              -2.5835972
           418               0.0000000               0.0000000              -2.7964654
           419               0.0493710              -0.5327979              -2.6900313
           420               0.0987420              -1.0655957              -2.5835972
           421               1.9093013              -1.7405581              -1.0701610
           422               1.9879570              -1.8122623              -0.5350805
           423               2.0666127              -1.8839664               0.0000000
           424               1.5304549              -2.0266497              -1.0701610
           425               1.5935036              -2.1101398              -0.5350805
           426               1.6565523              -2.1936297               0.0000000
           427               1.1516083              -2.3127413              -1.0701610
           428               1.1990502              -2.4080172              -0.5350805
           429               1.2464919              -2.5032930               0.0000000
           430               1.4613159              -1.3321655              -1.9773996
           431               1.6853086              -1.5363618              -1.5237803
           432               1.9093013              -1.7405581              -1.0701610
           433               1.1713593              -1.5511305              -1.9773996
           434               1.3509071              -1.7888901              -1.5237803
           435               1.5304549              -2.0266497              -1.0701610
           436               0.8814028              -1.7700955              -1.9773996
           437               1.0165056              -2.0414183              -1.5237803
           438               1.1516083              -2.3127413              -1.0701610
           439               0.7908585              -0.7209628              -2.5835972
           440               1.1260872              -1.0265641              -2.2804985
           441               1.4613159              -1.3321655              -1.9773996
           442               0.4770118              -0.9579688              -2.5835972
           443               0.6792073              -1.3640321              -2.2804985
           444               0.8814028              -1.7700955              -1.9773996
           445               0.0000000               0.0000000              -2.7964654
           446               0.3954293              -0.3604814              -2.6900313
           447               0.7908585              -0.7209628              -2.5835972
           448               0.0000000               0.0000000              -2.7964654
           449               0.2385059              -0.4789844              -2.6900313
           450               0.4770118              -0.9579688              -2.5835972
           451               2.4091325              -0.9333029              -1.0701610
           452               2.5083795              -0.9717513              -0.5350805
           453               2.6076262              -1.0101998               0.0000000
           454               2.1592169              -1.3369305              -1.0701610
           455               2.2481682              -1.3920069              -0.5350805
           456               2.3371196              -1.4470831               0.0000000
           457               1.9093013              -1.7405581              -1.0701610
           458               1.9879570              -1.8122623              -0.5350805
           459               2.0666127              -1.8839664               0.0000000
           460               1.8438702              -0.7143191              -1.9773996
           461               2.1265013              -0.8238110              -1.5237803
           462               2.4091325              -0.9333029              -1.0701610
           463               1.6525930              -1.0232422              -1.9773996
           464               1.9059050              -1.1800864              -1.5237803
           465               2.1592169              -1.3369305              -1.0701610
           466               1.4613159              -1.3321655              -1.9773996
           467               1.6853086              -1.5363618              -1.5237803
           468               1.9093013              -1.7405581              -1.0701610
           469               0.9978954              -0.3865867              -2.5835972
           470               1.4208828              -0.5504529              -2.2804985
           471               1.8438702              -0.7143191              -1.9773996
           472               0.7908585              -0.7209628              -2.5835972
           473               1.1260872              -1.0265641              -2.2804985
           474               1.4613159              -1.3321655              -1.9773996
           475               0.0000000               0.0000000              -2.7964654
           476               0.4989477              -0.1932933              -2.6900313
           477               0.9978954              -0.3865867              -2.5835972
           478               0.0000000               0.0000000              -2.7964654
           479               0.3954293              -0.3604814              -2.6900313
           480               0.7908585              -0.7209628              -2.5835972
           481               2.5835972               0.0000000              -1.0701610
           482               2.6900313               0.0000000              -0.5350805
           483               2.7964654               0.0000000               0.0000000
           484               2.4963648              -0.4666514              -1.0701610
           485               2.5992055              -0.4858757              -0.5350805
           486               2.7020459              -0.5050999               0.0000000
           487               2.4091325              -0.9333029              -1.0701610
           488               2.5083795              -0.9717513              -0.5350805
           489               2.6076262              -1.0101998               0.0000000
           490               1.9773996               0.0000000              -1.9773996
           491               2.2804985               0.0000000              -1.5237803
           492               2.5835972               0.0000000              -1.0701610
           493               1.9106349              -0.3571596              -1.9773996
           494               2.2034998              -0.4119055              -1.5237803
           495               2.4963648              -0.4666514              -1.0701610
           496               1.8438702              -0.7143191              -1.9773996
           497               2.1265013              -0.8238110              -1.5237803
           498               2.4091325              -0.9333029              -1.0701610
           499               1.0701610               0.0000000              -2.5835972
           500               1.5237803               0.0000000              -2.2804985
           501               1.9773996               0.0000000              -1.9773996
           502               0.9978954              -0.3865867              -2.5835972
           503               1.4208828              -0.5504529              -2.2804985
           504               1.8438702              -0.7143191              -1.9773996
           505               0.0000000               0.0000000              -2.7964654
           506               0.5350805               0.0000000              -2.6900313
           507               1.0701610               0.0000000              -2.5835972
           508               0.0000000               0.0000000              -2.7964654
           509               0.4989477              -0.1932933              -2.6900313
           510               0.9978954              -0.3865867              -2.5835972
             0          0.00          0.00          0.00
               1               2               5               4
               2               3               6               5
               4               5               8               7
               5               6               9               8
              10              11              14              13
              11              12              15              14
              13              14              17              16
              14              15              18              17
              19              20              23              22
              20              21              24              23
              25              26              29              28
              26              27              30              29
              31              32              35              34
              32              33              36              35
              34              35              38              37
              35              36              39              38
              40              41              44              43
              41              42              45              44
              43              44              47              46
              44              45              48              47
              49              50              53              52
              50              51              54              53
              55              56              59              58
              56              57              60              59
              61              62              65              64
              62              63              66              65
              64              65              68              67
              65              66              69              68
              70              71              74              73
              71              72              75              74
              73              74              77              76
              74              75              78              77
              79              80              83              82
              80              81              84              83
              85              86              89              88
              86              87              90              89
              91              92              95              94
              92              93              96              95
              94              95              98              97
              95              96              99              98
             100             101             104             103
             101             102             105             104
             103             104             107             106
             104             105             108             107
             109             110             113             112
             110             111             114             113
             115             116             119             118
             116             117             120             119
             121             122             125             124
             122             123             126             125
             124             125             128             127
             125             126             129             128
             130             131             134             133
             131             132             135             134
             133             134             137             136
             134             135             138             137
             139             140             143             142
             140             141             144             143
             145             146             149             148
             146             147             150             149
             151             152             155             154
             152             153             156             155
             154             155             158             157
             155             156             159             158
             160             161             164             163
             161             162             165             164
             163             164             167             166
             164             165             168             167
             169             170             173             172
             170             171             174             173
             175             176             179             178
             176             177             180             179
             181             182             185             184
             182             183             186             185
             184             185             188             187
             185             186             189             188
             190             191             194             193
             191             192             195             194
             193             194             197             196
             194             195             198             197
             199             200             203             202
             200             201             204             203
             205             206             209             208
             206             207             210             209
             211             212             215             214
             212             213             216             215
             214             215             218             217
             215             216             219             218
             220             221             224             223
             221             222             225             224
             223             224             227             226
             224             225             228             227
             229             230             233             232
             230             231             234             233
             235             236             239             238
             236             237             240             239
             241             242             245             244
             242             243             246             245
             244             245             248             247
             245             246             249             248
             250             251             254             253
             251             252             255             254
             253             254             257             256
             254             255             258             257
             259             260             263             262
             260             261             264             263
             265             266             269             268
             266             267             270             269
             271             272             275             274
             272             273             276             275
             274             275             278             277
             275             276             279             278
             280             281             284             283
             281             282             285             284
             283             284             287             286
             284             285             288             287
             289             290             293             292
             290             291             294             293
             295             296             299             298
             296             297             300             299
             301             302             305             304
             302             303             306             305
             304             305             308             307
             305             306             309             308
             310             311             314             313
             311             312             315             314
             313             314             317             316
             314             315             318             317
             319             320             323             322
             320             321             324             323
             325             326             329             328
             326             327             330             329
             331             332             335             334
             332             333             336             335
             334             335             338             337
             335             336             339             338
             340             341             344             343
             341             342             345             344
             343             344             347             346
             344             345             348             347
             349             350             353             352
             350             351             354             353
             355             356             359             358
             356             357             360             359
             361             362             365             364
             362             363             366             365
             364             365             368             367
             365             366             369             368
             370             371             374             373
             371             372             375             374
             373             374             377             376
             374             375             378             377
             379             380             383             382
             380             381             384             383
             385             386             389             388
             386             387             390             389
             391             392             395             394
             392             393             396             395
             394             395             398             397
             395             396             399             398
             400             401             404             403
             401             402             405             404
             403             404             407             406
             404             405             408             407
             409             410             413             412
             410             411             414             413
             415             416             419             418
             416             417             420             419
             421             422             425             424
             422             423             426             425
             424             425             428             427
             425             426             429             428
             430             431             434             433
             431             432             435             434
             433             434             437             436
             434             435             438             437
             439             440             443             442
             440             441             444             443
             445             446             449             448
             446             447             450             449
             451             452             455             454
             452             453             456             455
             454             455             458             457
             455             456             459             458
             460             461             464             463
             461             462             465             464
             463             464             467             466
             464             465             468             467
             469             470             473             472
             470             471             474             473
             475             476             479             478
             476             477             480             479
             481             482             485             484
             482             483             486             485
             484             485             488             487
             485             486             489             488
             490             491             494             493
             491             492             495             494
             493             494             497             496
             494             495             498             497
             499             500             503             502
             500             501             504             503
             505             506             509             508
             506             507             510             509
          0          0          0          0
