                    2          0
             1               0.0000000               2.5402725              -4.4078441
             2              -0.3035764               2.5402725              -3.9180837
             3              -0.6071527               2.5402725              -3.4283233
             4              -0.9107290               2.5402725              -2.9385629
             5              -1.2143054               2.5402725              -2.4488022
             6              -1.5178818               2.5402725              -1.9590418
             7              -1.8214580               2.5402725              -1.4692814
             8              -2.1250343               2.5402725              -0.9795210
             9              -2.4286108               2.5402725              -0.4897604
            10              -2.7321870               2.5402725               0.0000000
            11               0.0000000               2.5402725              -4.4078441
            12               0.3035764               2.5402725              -3.9180837
            13               0.6071527               2.5402725              -3.4283233
            14               0.9107290               2.5402725              -2.9385629
            15               1.2143054               2.5402725              -2.4488022
            16               1.5178818               2.5402725              -1.9590418
            17               1.8214580               2.5402725              -1.4692814
            18               2.1250343               2.5402725              -0.9795210
            19               2.4286108               2.5402725              -0.4897604
            20               2.7321870               2.5402725               0.0000000
            21               0.0000000               2.5402725              -4.4078441
            22               0.3035764               2.5402725              -3.9180837
            23               0.6071527               2.5402725              -3.4283233
            24               0.9107290               2.5402725              -2.9385629
            25               1.2143054               2.5402725              -2.4488022
            26               1.5178818               2.5402725              -1.9590418
            27               1.8214580               2.5402725              -1.4692814
            28               2.1250343               2.5402725              -0.9795210
            29               2.4286108               2.5402725              -0.4897604
            30               2.7321870               2.5402725               0.0000000
            31               0.0000000               1.9757675              -4.4078441
            32               0.3035764               1.9757675              -3.9180837
            33               0.6071527               1.9757675              -3.4283233
            34               0.9107290               1.9757675              -2.9385629
            35               1.2143054               1.9757675              -2.4488022
            36               1.5178818               1.9757675              -1.9590418
            37               1.8214580               1.9757675              -1.4692814
            38               2.1250343               1.9757675              -0.9795210
            39               2.4286108               1.9757675              -0.4897604
            40               2.7321870               1.9757675               0.0000000
            41               0.0000000               1.4112625              -4.4078441
            42               0.3035764               1.4112625              -3.9180837
            43               0.6071527               1.4112625              -3.4283233
            44               0.9107290               1.4112625              -2.9385629
            45               1.2143054               1.4112625              -2.4488022
            46               1.5178818               1.4112625              -1.9590418
            47               1.8214580               1.4112625              -1.4692814
            48               2.1250343               1.4112625              -0.9795210
            49               2.4286108               1.4112625              -0.4897604
            50               2.7321870               1.4112625               0.0000000
            51               0.0000000               0.8467575              -4.4078441
            52               0.3035764               0.8467575              -3.9180837
            53               0.6071527               0.8467575              -3.4283233
            54               0.9107290               0.8467575              -2.9385629
            55               1.2143054               0.8467575              -2.4488022
            56               1.5178818               0.8467575              -1.9590418
            57               1.8214580               0.8467575              -1.4692814
            58               2.1250343               0.8467575              -0.9795210
            59               2.4286108               0.8467575              -0.4897604
            60               2.7321870               0.8467575               0.0000000
            61               0.0000000               0.2822526              -4.4078441
            62               0.3035764               0.2822526              -3.9180837
            63               0.6071527               0.2822526              -3.4283233
            64               0.9107290               0.2822526              -2.9385629
            65               1.2143054               0.2822526              -2.4488022
            66               1.5178818               0.2822526              -1.9590418
            67               1.8214580               0.2822526              -1.4692814
            68               2.1250343               0.2822526              -0.9795210
            69               2.4286108               0.2822526              -0.4897604
            70               2.7321870               0.2822526               0.0000000
            71               0.0000000              -0.2822526              -4.4078441
            72               0.3035764              -0.2822526              -3.9180837
            73               0.6071527              -0.2822526              -3.4283233
            74               0.9107290              -0.2822526              -2.9385629
            75               1.2143054              -0.2822526              -2.4488022
            76               1.5178818              -0.2822526              -1.9590418
            77               1.8214580              -0.2822526              -1.4692814
            78               2.1250343              -0.2822526              -0.9795210
            79               2.4286108              -0.2822526              -0.4897604
            80               2.7321870              -0.2822526               0.0000000
            81               0.0000000              -0.8467574              -4.4078441
            82               0.3035764              -0.8467574              -3.9180837
            83               0.6071527              -0.8467574              -3.4283233
            84               0.9107290              -0.8467574              -2.9385629
            85               1.2143054              -0.8467574              -2.4488022
            86               1.5178818              -0.8467574              -1.9590418
            87               1.8214580              -0.8467574              -1.4692814
            88               2.1250343              -0.8467574              -0.9795210
            89               2.4286108              -0.8467574              -0.4897604
            90               2.7321870              -0.8467574               0.0000000
            91               0.0000000              -1.4112628              -4.4078441
            92               0.3035764              -1.4112628              -3.9180837
            93               0.6071527              -1.4112628              -3.4283233
            94               0.9107290              -1.4112628              -2.9385629
            95               1.2143054              -1.4112628              -2.4488022
            96               1.5178818              -1.4112628              -1.9590418
            97               1.8214580              -1.4112628              -1.4692814
            98               2.1250343              -1.4112628              -0.9795210
            99               2.4286108              -1.4112628              -0.4897604
           100               2.7321870              -1.4112628               0.0000000
           101               0.0000000              -1.9757674              -4.4078441
           102               0.3035764              -1.9757674              -3.9180837
           103               0.6071527              -1.9757674              -3.4283233
           104               0.9107290              -1.9757674              -2.9385629
           105               1.2143054              -1.9757674              -2.4488022
           106               1.5178818              -1.9757674              -1.9590418
           107               1.8214580              -1.9757674              -1.4692814
           108               2.1250343              -1.9757674              -0.9795210
           109               2.4286108              -1.9757674              -0.4897604
           110               2.7321870              -1.9757674               0.0000000
           111               0.0000000              -2.5402725              -4.4078441
           112               0.3035764              -2.5402725              -3.9180837
           113               0.6071527              -2.5402725              -3.4283233
           114               0.9107290              -2.5402725              -2.9385629
           115               1.2143054              -2.5402725              -2.4488022
           116               1.5178818              -2.5402725              -1.9590418
           117               1.8214580              -2.5402725              -1.4692814
           118               2.1250343              -2.5402725              -0.9795210
           119               2.4286108              -2.5402725              -0.4897604
           120               2.7321870              -2.5402725               0.0000000
           121               0.0000000              -2.5402725              -4.4078441
           122               0.3035764              -2.5402725              -3.9180837
           123               0.6071527              -2.5402725              -3.4283233
           124               0.9107290              -2.5402725              -2.9385629
           125               1.2143054              -2.5402725              -2.4488022
           126               1.5178818              -2.5402725              -1.9590418
           127               1.8214580              -2.5402725              -1.4692814
           128               2.1250343              -2.5402725              -0.9795210
           129               2.4286108              -2.5402725              -0.4897604
           130               2.7321870              -2.5402725               0.0000000
           131               0.0000000              -2.5402725              -4.4078441
           132              -0.3035764              -2.5402725              -3.9180837
           133              -0.6071527              -2.5402725              -3.4283233
           134              -0.9107290              -2.5402725              -2.9385629
           135              -1.2143054              -2.5402725              -2.4488022
           136              -1.5178818              -2.5402725              -1.9590418
           137              -1.8214580              -2.5402725              -1.4692814
           138              -2.1250343              -2.5402725              -0.9795210
           139              -2.4286108              -2.5402725              -0.4897604
           140              -2.7321870              -2.5402725               0.0000000
           141               0.0000000              -2.5402725              -4.4078441
           142              -0.3035764              -2.5402725              -3.9180837
           143              -0.6071527              -2.5402725              -3.4283233
           144              -0.9107290              -2.5402725              -2.9385629
           145              -1.2143054              -2.5402725              -2.4488022
           146              -1.5178818              -2.5402725              -1.9590418
           147              -1.8214580              -2.5402725              -1.4692814
           148              -2.1250343              -2.5402725              -0.9795210
           149              -2.4286108              -2.5402725              -0.4897604
           150              -2.7321870              -2.5402725               0.0000000
           151               0.0000000              -1.9757675              -4.4078441
           152              -0.3035764              -1.9757675              -3.9180837
           153              -0.6071527              -1.9757675              -3.4283233
           154              -0.9107290              -1.9757675              -2.9385629
           155              -1.2143054              -1.9757675              -2.4488022
           156              -1.5178818              -1.9757675              -1.9590418
           157              -1.8214580              -1.9757675              -1.4692814
           158              -2.1250343              -1.9757675              -0.9795210
           159              -2.4286108              -1.9757675              -0.4897604
           160              -2.7321870              -1.9757675               0.0000000
           161               0.0000000              -1.4112625              -4.4078441
           162              -0.3035764              -1.4112625              -3.9180837
           163              -0.6071527              -1.4112625              -3.4283233
           164              -0.9107290              -1.4112625              -2.9385629
           165              -1.2143054              -1.4112625              -2.4488022
           166              -1.5178818              -1.4112625              -1.9590418
           167              -1.8214580              -1.4112625              -1.4692814
           168              -2.1250343              -1.4112625              -0.9795210
           169              -2.4286108              -1.4112625              -0.4897604
           170              -2.7321870              -1.4112625               0.0000000
           171               0.0000000              -0.8467575              -4.4078441
           172              -0.3035764              -0.8467575              -3.9180837
           173              -0.6071527              -0.8467575              -3.4283233
           174              -0.9107290              -0.8467575              -2.9385629
           175              -1.2143054              -0.8467575              -2.4488022
           176              -1.5178818              -0.8467575              -1.9590418
           177              -1.8214580              -0.8467575              -1.4692814
           178              -2.1250343              -0.8467575              -0.9795210
           179              -2.4286108              -0.8467575              -0.4897604
           180              -2.7321870              -0.8467575               0.0000000
           181               0.0000000              -0.2822526              -4.4078441
           182              -0.3035764              -0.2822526              -3.9180837
           183              -0.6071527              -0.2822526              -3.4283233
           184              -0.9107290              -0.2822526              -2.9385629
           185              -1.2143054              -0.2822526              -2.4488022
           186              -1.5178818              -0.2822526              -1.9590418
           187              -1.8214580              -0.2822526              -1.4692814
           188              -2.1250343              -0.2822526              -0.9795210
           189              -2.4286108              -0.2822526              -0.4897604
           190              -2.7321870              -0.2822526               0.0000000
           191               0.0000000               0.2822526              -4.4078441
           192              -0.3035764               0.2822526              -3.9180837
           193              -0.6071527               0.2822526              -3.4283233
           194              -0.9107290               0.2822526              -2.9385629
           195              -1.2143054               0.2822526              -2.4488022
           196              -1.5178818               0.2822526              -1.9590418
           197              -1.8214580               0.2822526              -1.4692814
           198              -2.1250343               0.2822526              -0.9795210
           199              -2.4286108               0.2822526              -0.4897604
           200              -2.7321870               0.2822526               0.0000000
           201               0.0000000               0.8467574              -4.4078441
           202              -0.3035764               0.8467574              -3.9180837
           203              -0.6071527               0.8467574              -3.4283233
           204              -0.9107290               0.8467574              -2.9385629
           205              -1.2143054               0.8467574              -2.4488022
           206              -1.5178818               0.8467574              -1.9590418
           207              -1.8214580               0.8467574              -1.4692814
           208              -2.1250343               0.8467574              -0.9795210
           209              -2.4286108               0.8467574              -0.4897604
           210              -2.7321870               0.8467574               0.0000000
           211               0.0000000               1.4112628              -4.4078441
           212              -0.3035764               1.4112628              -3.9180837
           213              -0.6071527               1.4112628              -3.4283233
           214              -0.9107290               1.4112628              -2.9385629
           215              -1.2143054               1.4112628              -2.4488022
           216              -1.5178818               1.4112628              -1.9590418
           217              -1.8214580               1.4112628              -1.4692814
           218              -2.1250343               1.4112628              -0.9795210
           219              -2.4286108               1.4112628              -0.4897604
           220              -2.7321870               1.4112628               0.0000000
           221               0.0000000               1.9757674              -4.4078441
           222              -0.3035764               1.9757674              -3.9180837
           223              -0.6071527               1.9757674              -3.4283233
           224              -0.9107290               1.9757674              -2.9385629
           225              -1.2143054               1.9757674              -2.4488022
           226              -1.5178818               1.9757674              -1.9590418
           227              -1.8214580               1.9757674              -1.4692814
           228              -2.1250343               1.9757674              -0.9795210
           229              -2.4286108               1.9757674              -0.4897604
           230              -2.7321870               1.9757674               0.0000000
           231               0.0000000               2.5402725              -4.4078441
           232              -0.3035764               2.5402725              -3.9180837
           233              -0.6071527               2.5402725              -3.4283233
           234              -0.9107290               2.5402725              -2.9385629
           235              -1.2143054               2.5402725              -2.4488022
           236              -1.5178818               2.5402725              -1.9590418
           237              -1.8214580               2.5402725              -1.4692814
           238              -2.1250343               2.5402725              -0.9795210
           239              -2.4286108               2.5402725              -0.4897604
           240              -2.7321870               2.5402725               0.0000000
             0          0.00          0.00          0.00
               1               2              12              11
               2               3              13              12
               3               4              14              13
               4               5              15              14
               5               6              16              15
               6               7              17              16
               7               8              18              17
               8               9              19              18
               9              10              20              19
              21              22              32              31
              22              23              33              32
              23              24              34              33
              24              25              35              34
              25              26              36              35
              26              27              37              36
              27              28              38              37
              28              29              39              38
              29              30              40              39
              31              32              42              41
              32              33              43              42
              33              34              44              43
              34              35              45              44
              35              36              46              45
              36              37              47              46
              37              38              48              47
              38              39              49              48
              39              40              50              49
              41              42              52              51
              42              43              53              52
              43              44              54              53
              44              45              55              54
              45              46              56              55
              46              47              57              56
              47              48              58              57
              48              49              59              58
              49              50              60              59
              51              52              62              61
              52              53              63              62
              53              54              64              63
              54              55              65              64
              55              56              66              65
              56              57              67              66
              57              58              68              67
              58              59              69              68
              59              60              70              69
              61              62              72              71
              62              63              73              72
              63              64              74              73
              64              65              75              74
              65              66              76              75
              66              67              77              76
              67              68              78              77
              68              69              79              78
              69              70              80              79
              71              72              82              81
              72              73              83              82
              73              74              84              83
              74              75              85              84
              75              76              86              85
              76              77              87              86
              77              78              88              87
              78              79              89              88
              79              80              90              89
              81              82              92              91
              82              83              93              92
              83              84              94              93
              84              85              95              94
              85              86              96              95
              86              87              97              96
              87              88              98              97
              88              89              99              98
              89              90             100              99
              91              92             102             101
              92              93             103             102
              93              94             104             103
              94              95             105             104
              95              96             106             105
              96              97             107             106
              97              98             108             107
              98              99             109             108
              99             100             110             109
             101             102             112             111
             102             103             113             112
             103             104             114             113
             104             105             115             114
             105             106             116             115
             106             107             117             116
             107             108             118             117
             108             109             119             118
             109             110             120             119
             121             122             132             131
             122             123             133             132
             123             124             134             133
             124             125             135             134
             125             126             136             135
             126             127             137             136
             127             128             138             137
             128             129             139             138
             129             130             140             139
             141             142             152             151
             142             143             153             152
             143             144             154             153
             144             145             155             154
             145             146             156             155
             146             147             157             156
             147             148             158             157
             148             149             159             158
             149             150             160             159
             151             152             162             161
             152             153             163             162
             153             154             164             163
             154             155             165             164
             155             156             166             165
             156             157             167             166
             157             158             168             167
             158             159             169             168
             159             160             170             169
             161             162             172             171
             162             163             173             172
             163             164             174             173
             164             165             175             174
             165             166             176             175
             166             167             177             176
             167             168             178             177
             168             169             179             178
             169             170             180             179
             171             172             182             181
             172             173             183             182
             173             174             184             183
             174             175             185             184
             175             176             186             185
             176             177             187             186
             177             178             188             187
             178             179             189             188
             179             180             190             189
             181             182             192             191
             182             183             193             192
             183             184             194             193
             184             185             195             194
             185             186             196             195
             186             187             197             196
             187             188             198             197
             188             189             199             198
             189             190             200             199
             191             192             202             201
             192             193             203             202
             193             194             204             203
             194             195             205             204
             195             196             206             205
             196             197             207             206
             197             198             208             207
             198             199             209             208
             199             200             210             209
             201             202             212             211
             202             203             213             212
             203             204             214             213
             204             205             215             214
             205             206             216             215
             206             207             217             216
             207             208             218             217
             208             209             219             218
             209             210             220             219
             211             212             222             221
             212             213             223             222
             213             214             224             223
             214             215             225             224
             215             216             226             225
             216             217             227             226
             217             218             228             227
             218             219             229             228
             219             220             230             229
             221             222             232             231
             222             223             233             232
             223             224             234             233
             224             225             235             234
             225             226             236             235
             226             227             237             236
             227             228             238             237
             228             229             239             238
             229             230             240             239
          0          0          0          0
