                    2          0
             1               2.4790363               0.9603838              -5.3502631
             2               2.4790363               0.9603838              -4.2802105
             3               2.4790363               0.9603838              -3.2101579
             4               2.4790363               0.9603838              -2.1401052
             5               2.4790363               0.9603838              -1.0700526
             6               2.4790363               0.9603838               0.0000000
             7               2.6585631               0.0000000              -5.3502631
             8               2.6585631               0.0000000              -4.2802105
             9               2.6585631               0.0000000              -3.2101579
            10               2.6585631               0.0000000              -2.1401052
            11               2.6585631               0.0000000              -1.0700526
            12               2.6585631               0.0000000               0.0000000
            13               1.9647019               1.7910625              -5.3502631
            14               1.9647019               1.7910625              -4.2802105
            15               1.9647019               1.7910625              -3.2101579
            16               1.9647019               1.7910625              -2.1401052
            17               1.9647019               1.7910625              -1.0700526
            18               1.9647019               1.7910625               0.0000000
            19               2.4790363               0.9603838              -5.3502631
            20               2.4790363               0.9603838              -4.2802105
            21               2.4790363               0.9603838              -3.2101579
            22               2.4790363               0.9603838              -2.1401052
            23               2.4790363               0.9603838              -1.0700526
            24               2.4790363               0.9603838               0.0000000
            25               1.1850235               2.3798482              -5.3502631
            26               1.1850235               2.3798482              -4.2802105
            27               1.1850235               2.3798482              -3.2101579
            28               1.1850235               2.3798482              -2.1401052
            29               1.1850235               2.3798482              -1.0700526
            30               1.1850235               2.3798482               0.0000000
            31               1.9647019               1.7910625              -5.3502631
            32               1.9647019               1.7910625              -4.2802105
            33               1.9647019               1.7910625              -3.2101579
            34               1.9647019               1.7910625              -2.1401052
            35               1.9647019               1.7910625              -1.0700526
            36               1.9647019               1.7910625               0.0000000
            37               0.2453013               2.6472223              -5.3502631
            38               0.2453013               2.6472223              -4.2802105
            39               0.2453013               2.6472223              -3.2101579
            40               0.2453013               2.6472223              -2.1401052
            41               0.2453013               2.6472223              -1.0700526
            42               0.2453013               2.6472223               0.0000000
            43               1.1850235               2.3798482              -5.3502631
            44               1.1850235               2.3798482              -4.2802105
            45               1.1850235               2.3798482              -3.2101579
            46               1.1850235               2.3798482              -2.1401052
            47               1.1850235               2.3798482              -1.0700526
            48               1.1850235               2.3798482               0.0000000
            49              -0.7275504               2.5570743              -5.3502631
            50              -0.7275504               2.5570743              -4.2802105
            51              -0.7275504               2.5570743              -3.2101579
            52              -0.7275504               2.5570743              -2.1401052
            53              -0.7275504               2.5570743              -1.0700526
            54              -0.7275504               2.5570743               0.0000000
            55               0.2453013               2.6472223              -5.3502631
            56               0.2453013               2.6472223              -4.2802105
            57               0.2453013               2.6472223              -3.2101579
            58               0.2453013               2.6472223              -2.1401052
            59               0.2453013               2.6472223              -1.0700526
            60               0.2453013               2.6472223               0.0000000
            61              -1.6021423               2.1215794              -5.3502631
            62              -1.6021423               2.1215794              -4.2802105
            63              -1.6021423               2.1215794              -3.2101579
            64              -1.6021423               2.1215794              -2.1401052
            65              -1.6021423               2.1215794              -1.0700526
            66              -1.6021423               2.1215794               0.0000000
            67              -0.7275504               2.5570743              -5.3502631
            68              -0.7275504               2.5570743              -4.2802105
            69              -0.7275504               2.5570743              -3.2101579
            70              -0.7275504               2.5570743              -2.1401052
            71              -0.7275504               2.5570743              -1.0700526
            72              -0.7275504               2.5570743               0.0000000
            73              -2.2603559               1.3995532              -5.3502631
            74              -2.2603559               1.3995532              -4.2802105
            75              -2.2603559               1.3995532              -3.2101579
            76              -2.2603559               1.3995532              -2.1401052
            77              -2.2603559               1.3995532              -1.0700526
            78              -2.2603559               1.3995532               0.0000000
            79              -1.6021423               2.1215794              -5.3502631
            80              -1.6021423               2.1215794              -4.2802105
            81              -1.6021423               2.1215794              -3.2101579
            82              -1.6021423               2.1215794              -2.1401052
            83              -1.6021423               2.1215794              -1.0700526
            84              -1.6021423               2.1215794               0.0000000
            85              -2.6132960               0.4885097              -5.3502631
            86              -2.6132960               0.4885097              -4.2802105
            87              -2.6132960               0.4885097              -3.2101579
            88              -2.6132960               0.4885097              -2.1401052
            89              -2.6132960               0.4885097              -1.0700526
            90              -2.6132960               0.4885097               0.0000000
            91              -2.2603559               1.3995532              -5.3502631
            92              -2.2603559               1.3995532              -4.2802105
            93              -2.2603559               1.3995532              -3.2101579
            94              -2.2603559               1.3995532              -2.1401052
            95              -2.2603559               1.3995532              -1.0700526
            96              -2.2603559               1.3995532               0.0000000
            97              -2.6132960              -0.4885097              -5.3502631
            98              -2.6132960              -0.4885097              -4.2802105
            99              -2.6132960              -0.4885097              -3.2101579
           100              -2.6132960              -0.4885097              -2.1401052
           101              -2.6132960              -0.4885097              -1.0700526
           102              -2.6132960              -0.4885097               0.0000000
           103              -2.6132960               0.4885097              -5.3502631
           104              -2.6132960               0.4885097              -4.2802105
           105              -2.6132960               0.4885097              -3.2101579
           106              -2.6132960               0.4885097              -2.1401052
           107              -2.6132960               0.4885097              -1.0700526
           108              -2.6132960               0.4885097               0.0000000
           109              -2.2603559              -1.3995532              -5.3502631
           110              -2.2603559              -1.3995532              -4.2802105
           111              -2.2603559              -1.3995532              -3.2101579
           112              -2.2603559              -1.3995532              -2.1401052
           113              -2.2603559              -1.3995532              -1.0700526
           114              -2.2603559              -1.3995532               0.0000000
           115              -2.6132960              -0.4885097              -5.3502631
           116              -2.6132960              -0.4885097              -4.2802105
           117              -2.6132960              -0.4885097              -3.2101579
           118              -2.6132960              -0.4885097              -2.1401052
           119              -2.6132960              -0.4885097              -1.0700526
           120              -2.6132960              -0.4885097               0.0000000
           121              -1.6021423              -2.1215794              -5.3502631
           122              -1.6021423              -2.1215794              -4.2802105
           123              -1.6021423              -2.1215794              -3.2101579
           124              -1.6021423              -2.1215794              -2.1401052
           125              -1.6021423              -2.1215794              -1.0700526
           126              -1.6021423              -2.1215794               0.0000000
           127              -2.2603559              -1.3995532              -5.3502631
           128              -2.2603559              -1.3995532              -4.2802105
           129              -2.2603559              -1.3995532              -3.2101579
           130              -2.2603559              -1.3995532              -2.1401052
           131              -2.2603559              -1.3995532              -1.0700526
           132              -2.2603559              -1.3995532               0.0000000
           133              -0.7275504              -2.5570743              -5.3502631
           134              -0.7275504              -2.5570743              -4.2802105
           135              -0.7275504              -2.5570743              -3.2101579
           136              -0.7275504              -2.5570743              -2.1401052
           137              -0.7275504              -2.5570743              -1.0700526
           138              -0.7275504              -2.5570743               0.0000000
           139              -1.6021423              -2.1215794              -5.3502631
           140              -1.6021423              -2.1215794              -4.2802105
           141              -1.6021423              -2.1215794              -3.2101579
           142              -1.6021423              -2.1215794              -2.1401052
           143              -1.6021423              -2.1215794              -1.0700526
           144              -1.6021423              -2.1215794               0.0000000
           145               0.2453013              -2.6472223              -5.3502631
           146               0.2453013              -2.6472223              -4.2802105
           147               0.2453013              -2.6472223              -3.2101579
           148               0.2453013              -2.6472223              -2.1401052
           149               0.2453013              -2.6472223              -1.0700526
           150               0.2453013              -2.6472223               0.0000000
           151              -0.7275504              -2.5570743              -5.3502631
           152              -0.7275504              -2.5570743              -4.2802105
           153              -0.7275504              -2.5570743              -3.2101579
           154              -0.7275504              -2.5570743              -2.1401052
           155              -0.7275504              -2.5570743              -1.0700526
           156              -0.7275504              -2.5570743               0.0000000
           157               1.1850235              -2.3798482              -5.3502631
           158               1.1850235              -2.3798482              -4.2802105
           159               1.1850235              -2.3798482              -3.2101579
           160               1.1850235              -2.3798482              -2.1401052
           161               1.1850235              -2.3798482              -1.0700526
           162               1.1850235              -2.3798482               0.0000000
           163               0.2453013              -2.6472223              -5.3502631
           164               0.2453013              -2.6472223              -4.2802105
           165               0.2453013              -2.6472223              -3.2101579
           166               0.2453013              -2.6472223              -2.1401052
           167               0.2453013              -2.6472223              -1.0700526
           168               0.2453013              -2.6472223               0.0000000
           169               1.9647019              -1.7910625              -5.3502631
           170               1.9647019              -1.7910625              -4.2802105
           171               1.9647019              -1.7910625              -3.2101579
           172               1.9647019              -1.7910625              -2.1401052
           173               1.9647019              -1.7910625              -1.0700526
           174               1.9647019              -1.7910625               0.0000000
           175               1.1850235              -2.3798482              -5.3502631
           176               1.1850235              -2.3798482              -4.2802105
           177               1.1850235              -2.3798482              -3.2101579
           178               1.1850235              -2.3798482              -2.1401052
           179               1.1850235              -2.3798482              -1.0700526
           180               1.1850235              -2.3798482               0.0000000
           181               2.4790363              -0.9603838              -5.3502631
           182               2.4790363              -0.9603838              -4.2802105
           183               2.4790363              -0.9603838              -3.2101579
           184               2.4790363              -0.9603838              -2.1401052
           185               2.4790363              -0.9603838              -1.0700526
           186               2.4790363              -0.9603838               0.0000000
           187               1.9647019              -1.7910625              -5.3502631
           188               1.9647019              -1.7910625              -4.2802105
           189               1.9647019              -1.7910625              -3.2101579
           190               1.9647019              -1.7910625              -2.1401052
           191               1.9647019              -1.7910625              -1.0700526
           192               1.9647019              -1.7910625               0.0000000
           193               2.6585631               0.0000000              -5.3502631
           194               2.6585631               0.0000000              -4.2802105
           195               2.6585631               0.0000000              -3.2101579
           196               2.6585631               0.0000000              -2.1401052
           197               2.6585631               0.0000000              -1.0700526
           198               2.6585631               0.0000000               0.0000000
           199               2.4790363              -0.9603838              -5.3502631
           200               2.4790363              -0.9603838              -4.2802105
           201               2.4790363              -0.9603838              -3.2101579
           202               2.4790363              -0.9603838              -2.1401052
           203               2.4790363              -0.9603838              -1.0700526
           204               2.4790363              -0.9603838               0.0000000
           205               0.0000000               0.0000000              -5.3502631
           206               0.0000000               0.0000000              -5.3502631
           207               0.8861877               0.0000000              -5.3502631
           208               0.8263454               0.3201279              -5.3502631
           209               1.7723755               0.0000000              -5.3502631
           210               1.6526909               0.6402559              -5.3502631
           211               2.6585631               0.0000000              -5.3502631
           212               2.4790363               0.9603837              -5.3502631
           213               0.0000000               0.0000000              -5.3502631
           214               0.0000000               0.0000000              -5.3502631
           215               0.8263454               0.3201279              -5.3502631
           216               0.6549006               0.5970208              -5.3502631
           217               1.6526909               0.6402559              -5.3502631
           218               1.3098012               1.1940416              -5.3502631
           219               2.4790363               0.9603837              -5.3502631
           220               1.9647020               1.7910625              -5.3502631
           221               0.0000000               0.0000000              -5.3502631
           222               0.0000000               0.0000000              -5.3502631
           223               0.6549006               0.5970208              -5.3502631
           224               0.3950078               0.7932827              -5.3502631
           225               1.3098012               1.1940416              -5.3502631
           226               0.7900157               1.5865655              -5.3502631
           227               1.9647020               1.7910625              -5.3502631
           228               1.1850235               2.3798482              -5.3502631
           229               0.0000000               0.0000000              -5.3502631
           230               0.0000000               0.0000000              -5.3502631
           231               0.3950078               0.7932827              -5.3502631
           232               0.0817671               0.8824074              -5.3502631
           233               0.7900157               1.5865655              -5.3502631
           234               0.1635342               1.7648149              -5.3502631
           235               1.1850235               2.3798482              -5.3502631
           236               0.2453013               2.6472223              -5.3502631
           237               0.0000000               0.0000000              -5.3502631
           238               0.0000000               0.0000000              -5.3502631
           239               0.0817671               0.8824074              -5.3502631
           240              -0.2425168               0.8523581              -5.3502631
           241               0.1635342               1.7648149              -5.3502631
           242              -0.4850336               1.7047162              -5.3502631
           243               0.2453013               2.6472223              -5.3502631
           244              -0.7275503               2.5570743              -5.3502631
           245               0.0000000               0.0000000              -5.3502631
           246               0.0000000               0.0000000              -5.3502631
           247              -0.2425168               0.8523581              -5.3502631
           248              -0.5340474               0.7071931              -5.3502631
           249              -0.4850336               1.7047162              -5.3502631
           250              -1.0680948               1.4143863              -5.3502631
           251              -0.7275503               2.5570743              -5.3502631
           252              -1.6021423               2.1215794              -5.3502631
           253               0.0000000               0.0000000              -5.3502631
           254               0.0000000               0.0000000              -5.3502631
           255              -0.5340474               0.7071931              -5.3502631
           256              -0.7534520               0.4665177              -5.3502631
           257              -1.0680948               1.4143863              -5.3502631
           258              -1.5069040               0.9330354              -5.3502631
           259              -1.6021423               2.1215794              -5.3502631
           260              -2.2603559               1.3995532              -5.3502631
           261               0.0000000               0.0000000              -5.3502631
           262               0.0000000               0.0000000              -5.3502631
           263              -0.7534520               0.4665177              -5.3502631
           264              -0.8710987               0.1628366              -5.3502631
           265              -1.5069040               0.9330354              -5.3502631
           266              -1.7421974               0.3256732              -5.3502631
           267              -2.2603559               1.3995532              -5.3502631
           268              -2.6132960               0.4885098              -5.3502631
           269               0.0000000               0.0000000              -5.3502631
           270               0.0000000               0.0000000              -5.3502631
           271              -0.8710987               0.1628366              -5.3502631
           272              -0.8710987              -0.1628366              -5.3502631
           273              -1.7421974               0.3256731              -5.3502631
           274              -1.7421974              -0.3256731              -5.3502631
           275              -2.6132960               0.4885097              -5.3502631
           276              -2.6132960              -0.4885097              -5.3502631
           277               0.0000000               0.0000000              -5.3502631
           278               0.0000000               0.0000000              -5.3502631
           279              -0.8710987              -0.1628366              -5.3502631
           280              -0.7534520              -0.4665177              -5.3502631
           281              -1.7421974              -0.3256731              -5.3502631
           282              -1.5069040              -0.9330354              -5.3502631
           283              -2.6132960              -0.4885097              -5.3502631
           284              -2.2603559              -1.3995532              -5.3502631
           285               0.0000000               0.0000000              -5.3502631
           286               0.0000000               0.0000000              -5.3502631
           287              -0.7534520              -0.4665177              -5.3502631
           288              -0.5340474              -0.7071931              -5.3502631
           289              -1.5069040              -0.9330354              -5.3502631
           290              -1.0680948              -1.4143863              -5.3502631
           291              -2.2603559              -1.3995532              -5.3502631
           292              -1.6021423              -2.1215794              -5.3502631
           293               0.0000000               0.0000000              -5.3502631
           294               0.0000000               0.0000000              -5.3502631
           295              -0.5340474              -0.7071931              -5.3502631
           296              -0.2425168              -0.8523581              -5.3502631
           297              -1.0680948              -1.4143863              -5.3502631
           298              -0.4850336              -1.7047162              -5.3502631
           299              -1.6021423              -2.1215794              -5.3502631
           300              -0.7275503              -2.5570743              -5.3502631
           301               0.0000000               0.0000000              -5.3502631
           302               0.0000000               0.0000000              -5.3502631
           303              -0.2425168              -0.8523581              -5.3502631
           304               0.0817671              -0.8824074              -5.3502631
           305              -0.4850336              -1.7047162              -5.3502631
           306               0.1635342              -1.7648149              -5.3502631
           307              -0.7275503              -2.5570743              -5.3502631
           308               0.2453013              -2.6472223              -5.3502631
           309               0.0000000               0.0000000              -5.3502631
           310               0.0000000               0.0000000              -5.3502631
           311               0.0817671              -0.8824074              -5.3502631
           312               0.3950078              -0.7932827              -5.3502631
           313               0.1635342              -1.7648149              -5.3502631
           314               0.7900157              -1.5865655              -5.3502631
           315               0.2453013              -2.6472223              -5.3502631
           316               1.1850235              -2.3798482              -5.3502631
           317               0.0000000               0.0000000              -5.3502631
           318               0.0000000               0.0000000              -5.3502631
           319               0.3950078              -0.7932827              -5.3502631
           320               0.6549006              -0.5970208              -5.3502631
           321               0.7900157              -1.5865655              -5.3502631
           322               1.3098012              -1.1940416              -5.3502631
           323               1.1850235              -2.3798482              -5.3502631
           324               1.9647020              -1.7910625              -5.3502631
           325               0.0000000               0.0000000              -5.3502631
           326               0.0000000               0.0000000              -5.3502631
           327               0.6549006              -0.5970208              -5.3502631
           328               0.8263454              -0.3201279              -5.3502631
           329               1.3098012              -1.1940416              -5.3502631
           330               1.6526909              -0.6402559              -5.3502631
           331               1.9647020              -1.7910625              -5.3502631
           332               2.4790363              -0.9603837              -5.3502631
           333               0.0000000               0.0000000              -5.3502631
           334               0.0000000               0.0000000              -5.3502631
           335               0.8263454              -0.3201279              -5.3502631
           336               0.8861877               0.0000000              -5.3502631
           337               1.6526909              -0.6402559              -5.3502631
           338               1.7723755               0.0000000              -5.3502631
           339               2.4790363              -0.9603837              -5.3502631
           340               2.6585631               0.0000000              -5.3502631
             0          0.00          0.00          0.00
               1               2               8               7
               2               3               9               8
               3               4              10               9
               4               5              11              10
               5               6              12              11
              13              14              20              19
              14              15              21              20
              15              16              22              21
              16              17              23              22
              17              18              24              23
              25              26              32              31
              26              27              33              32
              27              28              34              33
              28              29              35              34
              29              30              36              35
              37              38              44              43
              38              39              45              44
              39              40              46              45
              40              41              47              46
              41              42              48              47
              49              50              56              55
              50              51              57              56
              51              52              58              57
              52              53              59              58
              53              54              60              59
              61              62              68              67
              62              63              69              68
              63              64              70              69
              64              65              71              70
              65              66              72              71
              73              74              80              79
              74              75              81              80
              75              76              82              81
              76              77              83              82
              77              78              84              83
              85              86              92              91
              86              87              93              92
              87              88              94              93
              88              89              95              94
              89              90              96              95
              97              98             104             103
              98              99             105             104
              99             100             106             105
             100             101             107             106
             101             102             108             107
             109             110             116             115
             110             111             117             116
             111             112             118             117
             112             113             119             118
             113             114             120             119
             121             122             128             127
             122             123             129             128
             123             124             130             129
             124             125             131             130
             125             126             132             131
             133             134             140             139
             134             135             141             140
             135             136             142             141
             136             137             143             142
             137             138             144             143
             145             146             152             151
             146             147             153             152
             147             148             154             153
             148             149             155             154
             149             150             156             155
             157             158             164             163
             158             159             165             164
             159             160             166             165
             160             161             167             166
             161             162             168             167
             169             170             176             175
             170             171             177             176
             171             172             178             177
             172             173             179             178
             173             174             180             179
             181             182             188             187
             182             183             189             188
             183             184             190             189
             184             185             191             190
             185             186             192             191
             193             194             200             199
             194             195             201             200
             195             196             202             201
             196             197             203             202
             197             198             204             203
             205             206             208             207
             207             208             210             209
             209             210             212             211
             213             214             216             215
             215             216             218             217
             217             218             220             219
             221             222             224             223
             223             224             226             225
             225             226             228             227
             229             230             232             231
             231             232             234             233
             233             234             236             235
             237             238             240             239
             239             240             242             241
             241             242             244             243
             245             246             248             247
             247             248             250             249
             249             250             252             251
             253             254             256             255
             255             256             258             257
             257             258             260             259
             261             262             264             263
             263             264             266             265
             265             266             268             267
             269             270             272             271
             271             272             274             273
             273             274             276             275
             277             278             280             279
             279             280             282             281
             281             282             284             283
             285             286             288             287
             287             288             290             289
             289             290             292             291
             293             294             296             295
             295             296             298             297
             297             298             300             299
             301             302             304             303
             303             304             306             305
             305             306             308             307
             309             310             312             311
             311             312             314             313
             313             314             316             315
             317             318             320             319
             319             320             322             321
             321             322             324             323
             325             326             328             327
             327             328             330             329
             329             330             332             331
             333             334             336             335
             335             336             338             337
             337             338             340             339
          0          0          0          0
