                    2          0
             1               0.0000000               0.0000000              -7.4422269
             2               0.4182475               0.1620300              -6.7656608
             3               0.8364950               0.3240599              -6.0890946
             4               1.2547425               0.4860898              -5.4125285
             5               1.6729900               0.6481198              -4.7359629
             6               2.0912375               0.8101497              -4.0593963
             7               2.5094850               0.9721797              -3.3828301
             8               2.9277322               1.1342096              -2.7062645
             9               3.3459799               1.2962396              -2.0296984
            10               3.7642274               1.4582695              -1.3531322
            11               4.1824751               1.6202995              -0.6765656
            12               4.6007223               1.7823294               0.0000000
            13               0.0000000               0.0000000              -7.4422269
            14               0.4485361               0.0000000              -6.7656608
            15               0.8970723               0.0000000              -6.0890946
            16               1.3456085               0.0000000              -5.4125285
            17               1.7941445               0.0000000              -4.7359629
            18               2.2426805               0.0000000              -4.0593963
            19               2.6912169               0.0000000              -3.3828301
            20               3.1397529               0.0000000              -2.7062645
            21               3.5882890               0.0000000              -2.0296984
            22               4.0368252               0.0000000              -1.3531322
            23               4.4853611               0.0000000              -0.6765656
            24               4.9338975               0.0000000               0.0000000
            25               0.0000000               0.0000000              -7.4422269
            26               0.3314722               0.3021768              -6.7656608
            27               0.6629444               0.6043537              -6.0890946
            28               0.9944166               0.9065306              -5.4125285
            29               1.3258888               1.2087073              -4.7359629
            30               1.6573609               1.5108842              -4.0593963
            31               1.9888332               1.8130611              -3.3828301
            32               2.3203053               2.1152380              -2.7062645
            33               2.6517775               2.4174147              -2.0296984
            34               2.9832497               2.7195916              -1.3531322
            35               3.3147218               3.0217683              -0.6765656
            36               3.6461942               3.3239450               0.0000000
            37               0.0000000               0.0000000              -7.4422269
            38               0.4182475               0.1620300              -6.7656608
            39               0.8364950               0.3240599              -6.0890946
            40               1.2547425               0.4860898              -5.4125285
            41               1.6729900               0.6481198              -4.7359629
            42               2.0912375               0.8101497              -4.0593963
            43               2.5094850               0.9721797              -3.3828301
            44               2.9277322               1.1342096              -2.7062645
            45               3.3459799               1.2962396              -2.0296984
            46               3.7642274               1.4582695              -1.3531322
            47               4.1824751               1.6202995              -0.6765656
            48               4.6007223               1.7823294               0.0000000
            49               0.0000000               0.0000000              -7.4422269
            50               0.1999298               0.4015131              -6.7656608
            51               0.3998595               0.8030262              -6.0890946
            52               0.5997893               1.2045393              -5.4125285
            53               0.7997190               1.6060524              -4.7359629
            54               0.9996488               2.0075655              -4.0593963
            55               1.1995785               2.4090786              -3.3828301
            56               1.3995084               2.8105917              -2.7062645
            57               1.5994381               3.2121048              -2.0296984
            58               1.7993678               3.6136179              -1.3531322
            59               1.9992976               4.0151310              -0.6765656
            60               2.1992273               4.4166441               0.0000000
            61               0.0000000               0.0000000              -7.4422269
            62               0.3314722               0.3021768              -6.7656608
            63               0.6629444               0.6043537              -6.0890946
            64               0.9944166               0.9065306              -5.4125285
            65               1.3258888               1.2087073              -4.7359629
            66               1.6573609               1.5108842              -4.0593963
            67               1.9888332               1.8130611              -3.3828301
            68               2.3203053               2.1152380              -2.7062645
            69               2.6517775               2.4174147              -2.0296984
            70               2.9832497               2.7195916              -1.3531322
            71               3.3147218               3.0217683              -0.6765656
            72               3.6461942               3.3239450               0.0000000
            73               0.0000000               0.0000000              -7.4422269
            74               0.0413857               0.4466228              -6.7656608
            75               0.0827714               0.8932455              -6.0890946
            76               0.1241571               1.3398683              -5.4125285
            77               0.1655428               1.7864910              -4.7359629
            78               0.2069284               2.2331138              -4.0593963
            79               0.2483141               2.6797366              -3.3828301
            80               0.2896998               3.1263595              -2.7062645
            81               0.3310855               3.5729821              -2.0296984
            82               0.3724712               4.0196047              -1.3531322
            83               0.4138569               4.4662275              -0.6765656
            84               0.4552426               4.9128504               0.0000000
            85               0.0000000               0.0000000              -7.4422269
            86               0.1999298               0.4015131              -6.7656608
            87               0.3998595               0.8030262              -6.0890946
            88               0.5997893               1.2045393              -5.4125285
            89               0.7997190               1.6060524              -4.7359629
            90               0.9996488               2.0075655              -4.0593963
            91               1.1995785               2.4090786              -3.3828301
            92               1.3995084               2.8105917              -2.7062645
            93               1.5994381               3.2121048              -2.0296984
            94               1.7993678               3.6136179              -1.3531322
            95               1.9992976               4.0151310              -0.6765656
            96               2.1992273               4.4166441               0.0000000
            97               0.0000000               0.0000000              -7.4422269
            98              -0.1227477               0.4314136              -6.7656608
            99              -0.2454955               0.8628271              -6.0890946
           100              -0.3682432               1.2942407              -5.4125285
           101              -0.4909910               1.7256542              -4.7359629
           102              -0.6137388               2.1570678              -4.0593963
           103              -0.7364864               2.5884814              -3.3828301
           104              -0.8592342               3.0198951              -2.7062645
           105              -0.9819820               3.4513085              -2.0296984
           106              -1.1047298               3.8827219              -1.3531322
           107              -1.2274776               4.3141356              -0.6765656
           108              -1.3502252               4.7455492               0.0000000
           109               0.0000000               0.0000000              -7.4422269
           110               0.0413857               0.4466228              -6.7656608
           111               0.0827714               0.8932455              -6.0890946
           112               0.1241571               1.3398683              -5.4125285
           113               0.1655428               1.7864910              -4.7359629
           114               0.2069285               2.2331138              -4.0593963
           115               0.2483142               2.6797366              -3.3828301
           116               0.2896999               3.1263595              -2.7062645
           117               0.3310856               3.5729821              -2.0296984
           118               0.3724712               4.0196047              -1.3531322
           119               0.4138570               4.4662275              -0.6765656
           120               0.4552426               4.9128504               0.0000000
           121               0.0000000               0.0000000              -7.4422269
           122              -0.2703034               0.3579396              -6.7656608
           123              -0.5406069               0.7158791              -6.0890946
           124              -0.8109103               1.0738187              -5.4125285
           125              -1.0812137               1.4317583              -4.7359629
           126              -1.3515171               1.7896978              -4.0593963
           127              -1.6218206               2.1476374              -3.3828301
           128              -1.8921241               2.5055768              -2.7062645
           129              -2.1624274               2.8635166              -2.0296984
           130              -2.4327307               3.2214561              -1.3531322
           131              -2.7030342               3.5793955              -0.6765656
           132              -2.9733377               3.9373353               0.0000000
           133               0.0000000               0.0000000              -7.4422269
           134              -0.1227477               0.4314136              -6.7656608
           135              -0.2454955               0.8628271              -6.0890946
           136              -0.3682432               1.2942407              -5.4125285
           137              -0.4909910               1.7256542              -4.7359629
           138              -0.6137388               2.1570678              -4.0593963
           139              -0.7364864               2.5884814              -3.3828301
           140              -0.8592342               3.0198951              -2.7062645
           141              -0.9819820               3.4513085              -2.0296984
           142              -1.1047298               3.8827219              -1.3531322
           143              -1.2274776               4.3141356              -0.6765656
           144              -1.3502252               4.7455492               0.0000000
           145               0.0000000               0.0000000              -7.4422269
           146              -0.3813531               0.2361239              -6.7656608
           147              -0.7627062               0.4722477              -6.0890946
           148              -1.1440593               0.7083716              -5.4125285
           149              -1.5254124               0.9444954              -4.7359629
           150              -1.9067657               1.1806194              -4.0593963
           151              -2.2881186               1.4167432              -3.3828301
           152              -2.6694717               1.6528671              -2.7062645
           153              -3.0508249               1.8889909              -2.0296984
           154              -3.4321783               2.1251147              -1.3531322
           155              -3.8135314               2.3612387              -0.6765656
           156              -4.1948843               2.5973625               0.0000000
           157               0.0000000               0.0000000              -7.4422269
           158              -0.2703034               0.3579396              -6.7656608
           159              -0.5406069               0.7158791              -6.0890946
           160              -0.8109103               1.0738187              -5.4125285
           161              -1.0812137               1.4317583              -4.7359629
           162              -1.3515171               1.7896978              -4.0593963
           163              -1.6218206               2.1476374              -3.3828301
           164              -1.8921241               2.5055768              -2.7062645
           165              -2.1624274               2.8635166              -2.0296984
           166              -2.4327307               3.2214561              -1.3531322
           167              -2.7030342               3.5793955              -0.6765656
           168              -2.9733377               3.9373353               0.0000000
           169               0.0000000               0.0000000              -7.4422269
           170              -0.4408990               0.0824183              -6.7656608
           171              -0.8817980               0.1648366              -6.0890946
           172              -1.3226969               0.2472549              -5.4125285
           173              -1.7635959               0.3296732              -4.7359629
           174              -2.2044947               0.4120915              -4.0593963
           175              -2.6453938               0.4945098              -3.3828301
           176              -3.0862930               0.5769281              -2.7062645
           177              -3.5271919               0.6593464              -2.0296984
           178              -3.9680908               0.7417647              -1.3531322
           179              -4.4089894               0.8241830              -0.6765656
           180              -4.8498888               0.9066013               0.0000000
           181               0.0000000               0.0000000              -7.4422269
           182              -0.3813531               0.2361239              -6.7656608
           183              -0.7627062               0.4722477              -6.0890946
           184              -1.1440593               0.7083716              -5.4125285
           185              -1.5254124               0.9444954              -4.7359629
           186              -1.9067657               1.1806194              -4.0593963
           187              -2.2881186               1.4167432              -3.3828301
           188              -2.6694717               1.6528671              -2.7062645
           189              -3.0508249               1.8889909              -2.0296984
           190              -3.4321783               2.1251147              -1.3531322
           191              -3.8135314               2.3612387              -0.6765656
           192              -4.1948843               2.5973625               0.0000000
           193               0.0000000               0.0000000              -7.4422269
           194              -0.4408990              -0.0824183              -6.7656608
           195              -0.8817980              -0.1648366              -6.0890946
           196              -1.3226969              -0.2472549              -5.4125285
           197              -1.7635959              -0.3296732              -4.7359629
           198              -2.2044947              -0.4120915              -4.0593963
           199              -2.6453938              -0.4945098              -3.3828301
           200              -3.0862930              -0.5769281              -2.7062645
           201              -3.5271919              -0.6593464              -2.0296984
           202              -3.9680908              -0.7417647              -1.3531322
           203              -4.4089894              -0.8241830              -0.6765656
           204              -4.8498888              -0.9066013               0.0000000
           205               0.0000000               0.0000000              -7.4422269
           206              -0.4408990               0.0824183              -6.7656608
           207              -0.8817980               0.1648366              -6.0890946
           208              -1.3226969               0.2472549              -5.4125285
           209              -1.7635959               0.3296732              -4.7359629
           210              -2.2044947               0.4120915              -4.0593963
           211              -2.6453938               0.4945098              -3.3828301
           212              -3.0862930               0.5769281              -2.7062645
           213              -3.5271919               0.6593464              -2.0296984
           214              -3.9680908               0.7417647              -1.3531322
           215              -4.4089894               0.8241830              -0.6765656
           216              -4.8498888               0.9066013               0.0000000
           217               0.0000000               0.0000000              -7.4422269
           218              -0.3813531              -0.2361239              -6.7656608
           219              -0.7627062              -0.4722477              -6.0890946
           220              -1.1440593              -0.7083716              -5.4125285
           221              -1.5254124              -0.9444954              -4.7359629
           222              -1.9067657              -1.1806194              -4.0593963
           223              -2.2881186              -1.4167432              -3.3828301
           224              -2.6694717              -1.6528671              -2.7062645
           225              -3.0508249              -1.8889909              -2.0296984
           226              -3.4321783              -2.1251147              -1.3531322
           227              -3.8135314              -2.3612387              -0.6765656
           228              -4.1948843              -2.5973625               0.0000000
           229               0.0000000               0.0000000              -7.4422269
           230              -0.4408990              -0.0824183              -6.7656608
           231              -0.8817980              -0.1648366              -6.0890946
           232              -1.3226969              -0.2472549              -5.4125285
           233              -1.7635959              -0.3296732              -4.7359629
           234              -2.2044947              -0.4120915              -4.0593963
           235              -2.6453938              -0.4945098              -3.3828301
           236              -3.0862930              -0.5769281              -2.7062645
           237              -3.5271919              -0.6593464              -2.0296984
           238              -3.9680908              -0.7417647              -1.3531322
           239              -4.4089894              -0.8241830              -0.6765656
           240              -4.8498888              -0.9066013               0.0000000
           241               0.0000000               0.0000000              -7.4422269
           242              -0.2703034              -0.3579396              -6.7656608
           243              -0.5406069              -0.7158791              -6.0890946
           244              -0.8109103              -1.0738187              -5.4125285
           245              -1.0812137              -1.4317583              -4.7359629
           246              -1.3515171              -1.7896978              -4.0593963
           247              -1.6218206              -2.1476374              -3.3828301
           248              -1.8921241              -2.5055768              -2.7062645
           249              -2.1624274              -2.8635166              -2.0296984
           250              -2.4327307              -3.2214561              -1.3531322
           251              -2.7030342              -3.5793955              -0.6765656
           252              -2.9733377              -3.9373353               0.0000000
           253               0.0000000               0.0000000              -7.4422269
           254              -0.3813531              -0.2361239              -6.7656608
           255              -0.7627062              -0.4722477              -6.0890946
           256              -1.1440593              -0.7083716              -5.4125285
           257              -1.5254124              -0.9444954              -4.7359629
           258              -1.9067657              -1.1806194              -4.0593963
           259              -2.2881186              -1.4167432              -3.3828301
           260              -2.6694717              -1.6528671              -2.7062645
           261              -3.0508249              -1.8889909              -2.0296984
           262              -3.4321783              -2.1251147              -1.3531322
           263              -3.8135314              -2.3612387              -0.6765656
           264              -4.1948843              -2.5973625               0.0000000
           265               0.0000000               0.0000000              -7.4422269
           266              -0.1227477              -0.4314136              -6.7656608
           267              -0.2454955              -0.8628271              -6.0890946
           268              -0.3682432              -1.2942407              -5.4125285
           269              -0.4909910              -1.7256542              -4.7359629
           270              -0.6137388              -2.1570678              -4.0593963
           271              -0.7364864              -2.5884814              -3.3828301
           272              -0.8592342              -3.0198951              -2.7062645
           273              -0.9819820              -3.4513085              -2.0296984
           274              -1.1047298              -3.8827219              -1.3531322
           275              -1.2274776              -4.3141356              -0.6765656
           276              -1.3502252              -4.7455492               0.0000000
           277               0.0000000               0.0000000              -7.4422269
           278              -0.2703034              -0.3579396              -6.7656608
           279              -0.5406069              -0.7158791              -6.0890946
           280              -0.8109103              -1.0738187              -5.4125285
           281              -1.0812137              -1.4317583              -4.7359629
           282              -1.3515171              -1.7896978              -4.0593963
           283              -1.6218206              -2.1476374              -3.3828301
           284              -1.8921241              -2.5055768              -2.7062645
           285              -2.1624274              -2.8635166              -2.0296984
           286              -2.4327307              -3.2214561              -1.3531322
           287              -2.7030342              -3.5793955              -0.6765656
           288              -2.9733377              -3.9373353               0.0000000
           289               0.0000000               0.0000000              -7.4422269
           290               0.0413857              -0.4466228              -6.7656608
           291               0.0827714              -0.8932455              -6.0890946
           292               0.1241571              -1.3398683              -5.4125285
           293               0.1655428              -1.7864910              -4.7359629
           294               0.2069284              -2.2331138              -4.0593963
           295               0.2483141              -2.6797366              -3.3828301
           296               0.2896998              -3.1263595              -2.7062645
           297               0.3310855              -3.5729821              -2.0296984
           298               0.3724712              -4.0196047              -1.3531322
           299               0.4138569              -4.4662275              -0.6765656
           300               0.4552426              -4.9128504               0.0000000
           301               0.0000000               0.0000000              -7.4422269
           302              -0.1227477              -0.4314136              -6.7656608
           303              -0.2454955              -0.8628271              -6.0890946
           304              -0.3682432              -1.2942407              -5.4125285
           305              -0.4909910              -1.7256542              -4.7359629
           306              -0.6137388              -2.1570678              -4.0593963
           307              -0.7364864              -2.5884814              -3.3828301
           308              -0.8592342              -3.0198951              -2.7062645
           309              -0.9819820              -3.4513085              -2.0296984
           310              -1.1047298              -3.8827219              -1.3531322
           311              -1.2274776              -4.3141356              -0.6765656
           312              -1.3502252              -4.7455492               0.0000000
           313               0.0000000               0.0000000              -7.4422269
           314               0.1999298              -0.4015131              -6.7656608
           315               0.3998595              -0.8030262              -6.0890946
           316               0.5997893              -1.2045393              -5.4125285
           317               0.7997190              -1.6060524              -4.7359629
           318               0.9996488              -2.0075655              -4.0593963
           319               1.1995785              -2.4090786              -3.3828301
           320               1.3995084              -2.8105917              -2.7062645
           321               1.5994381              -3.2121048              -2.0296984
           322               1.7993678              -3.6136179              -1.3531322
           323               1.9992976              -4.0151310              -0.6765656
           324               2.1992273              -4.4166441               0.0000000
           325               0.0000000               0.0000000              -7.4422269
           326               0.0413857              -0.4466228              -6.7656608
           327               0.0827714              -0.8932455              -6.0890946
           328               0.1241571              -1.3398683              -5.4125285
           329               0.1655428              -1.7864910              -4.7359629
           330               0.2069285              -2.2331138              -4.0593963
           331               0.2483142              -2.6797366              -3.3828301
           332               0.2896999              -3.1263595              -2.7062645
           333               0.3310856              -3.5729821              -2.0296984
           334               0.3724712              -4.0196047              -1.3531322
           335               0.4138570              -4.4662275              -0.6765656
           336               0.4552426              -4.9128504               0.0000000
           337               0.0000000               0.0000000              -7.4422269
           338               0.3314722              -0.3021768              -6.7656608
           339               0.6629444              -0.6043537              -6.0890946
           340               0.9944166              -0.9065306              -5.4125285
           341               1.3258888              -1.2087073              -4.7359629
           342               1.6573609              -1.5108842              -4.0593963
           343               1.9888332              -1.8130611              -3.3828301
           344               2.3203053              -2.1152380              -2.7062645
           345               2.6517775              -2.4174147              -2.0296984
           346               2.9832497              -2.7195916              -1.3531322
           347               3.3147218              -3.0217683              -0.6765656
           348               3.6461942              -3.3239450               0.0000000
           349               0.0000000               0.0000000              -7.4422269
           350               0.1999298              -0.4015131              -6.7656608
           351               0.3998595              -0.8030262              -6.0890946
           352               0.5997893              -1.2045393              -5.4125285
           353               0.7997190              -1.6060524              -4.7359629
           354               0.9996488              -2.0075655              -4.0593963
           355               1.1995785              -2.4090786              -3.3828301
           356               1.3995084              -2.8105917              -2.7062645
           357               1.5994381              -3.2121048              -2.0296984
           358               1.7993678              -3.6136179              -1.3531322
           359               1.9992976              -4.0151310              -0.6765656
           360               2.1992273              -4.4166441               0.0000000
           361               0.0000000               0.0000000              -7.4422269
           362               0.4182475              -0.1620300              -6.7656608
           363               0.8364950              -0.3240599              -6.0890946
           364               1.2547425              -0.4860898              -5.4125285
           365               1.6729900              -0.6481198              -4.7359629
           366               2.0912375              -0.8101497              -4.0593963
           367               2.5094850              -0.9721797              -3.3828301
           368               2.9277322              -1.1342096              -2.7062645
           369               3.3459799              -1.2962396              -2.0296984
           370               3.7642274              -1.4582695              -1.3531322
           371               4.1824751              -1.6202995              -0.6765656
           372               4.6007223              -1.7823294               0.0000000
           373               0.0000000               0.0000000              -7.4422269
           374               0.3314722              -0.3021768              -6.7656608
           375               0.6629444              -0.6043537              -6.0890946
           376               0.9944166              -0.9065306              -5.4125285
           377               1.3258888              -1.2087073              -4.7359629
           378               1.6573609              -1.5108842              -4.0593963
           379               1.9888332              -1.8130611              -3.3828301
           380               2.3203053              -2.1152380              -2.7062645
           381               2.6517775              -2.4174147              -2.0296984
           382               2.9832497              -2.7195916              -1.3531322
           383               3.3147218              -3.0217683              -0.6765656
           384               3.6461942              -3.3239450               0.0000000
           385               0.0000000               0.0000000              -7.4422269
           386               0.4485361               0.0000000              -6.7656608
           387               0.8970723               0.0000000              -6.0890946
           388               1.3456085               0.0000000              -5.4125285
           389               1.7941445               0.0000000              -4.7359629
           390               2.2426805               0.0000000              -4.0593963
           391               2.6912169               0.0000000              -3.3828301
           392               3.1397529               0.0000000              -2.7062645
           393               3.5882890               0.0000000              -2.0296984
           394               4.0368252               0.0000000              -1.3531322
           395               4.4853611               0.0000000              -0.6765656
           396               4.9338975               0.0000000               0.0000000
           397               0.0000000               0.0000000              -7.4422269
           398               0.4182475              -0.1620300              -6.7656608
           399               0.8364950              -0.3240599              -6.0890946
           400               1.2547425              -0.4860898              -5.4125285
           401               1.6729900              -0.6481198              -4.7359629
           402               2.0912375              -0.8101497              -4.0593963
           403               2.5094850              -0.9721797              -3.3828301
           404               2.9277322              -1.1342096              -2.7062645
           405               3.3459799              -1.2962396              -2.0296984
           406               3.7642274              -1.4582695              -1.3531322
           407               4.1824751              -1.6202995              -0.6765656
           408               4.6007223              -1.7823294               0.0000000
             0          0.00          0.00          0.00
               1               2              14              13
               2               3              15              14
               3               4              16              15
               4               5              17              16
               5               6              18              17
               6               7              19              18
               7               8              20              19
               8               9              21              20
               9              10              22              21
              10              11              23              22
              11              12              24              23
              25              26              38              37
              26              27              39              38
              27              28              40              39
              28              29              41              40
              29              30              42              41
              30              31              43              42
              31              32              44              43
              32              33              45              44
              33              34              46              45
              34              35              47              46
              35              36              48              47
              49              50              62              61
              50              51              63              62
              51              52              64              63
              52              53              65              64
              53              54              66              65
              54              55              67              66
              55              56              68              67
              56              57              69              68
              57              58              70              69
              58              59              71              70
              59              60              72              71
              73              74              86              85
              74              75              87              86
              75              76              88              87
              76              77              89              88
              77              78              90              89
              78              79              91              90
              79              80              92              91
              80              81              93              92
              81              82              94              93
              82              83              95              94
              83              84              96              95
              97              98             110             109
              98              99             111             110
              99             100             112             111
             100             101             113             112
             101             102             114             113
             102             103             115             114
             103             104             116             115
             104             105             117             116
             105             106             118             117
             106             107             119             118
             107             108             120             119
             121             122             134             133
             122             123             135             134
             123             124             136             135
             124             125             137             136
             125             126             138             137
             126             127             139             138
             127             128             140             139
             128             129             141             140
             129             130             142             141
             130             131             143             142
             131             132             144             143
             145             146             158             157
             146             147             159             158
             147             148             160             159
             148             149             161             160
             149             150             162             161
             150             151             163             162
             151             152             164             163
             152             153             165             164
             153             154             166             165
             154             155             167             166
             155             156             168             167
             169             170             182             181
             170             171             183             182
             171             172             184             183
             172             173             185             184
             173             174             186             185
             174             175             187             186
             175             176             188             187
             176             177             189             188
             177             178             190             189
             178             179             191             190
             179             180             192             191
             193             194             206             205
             194             195             207             206
             195             196             208             207
             196             197             209             208
             197             198             210             209
             198             199             211             210
             199             200             212             211
             200             201             213             212
             201             202             214             213
             202             203             215             214
             203             204             216             215
             217             218             230             229
             218             219             231             230
             219             220             232             231
             220             221             233             232
             221             222             234             233
             222             223             235             234
             223             224             236             235
             224             225             237             236
             225             226             238             237
             226             227             239             238
             227             228             240             239
             241             242             254             253
             242             243             255             254
             243             244             256             255
             244             245             257             256
             245             246             258             257
             246             247             259             258
             247             248             260             259
             248             249             261             260
             249             250             262             261
             250             251             263             262
             251             252             264             263
             265             266             278             277
             266             267             279             278
             267             268             280             279
             268             269             281             280
             269             270             282             281
             270             271             283             282
             271             272             284             283
             272             273             285             284
             273             274             286             285
             274             275             287             286
             275             276             288             287
             289             290             302             301
             290             291             303             302
             291             292             304             303
             292             293             305             304
             293             294             306             305
             294             295             307             306
             295             296             308             307
             296             297             309             308
             297             298             310             309
             298             299             311             310
             299             300             312             311
             313             314             326             325
             314             315             327             326
             315             316             328             327
             316             317             329             328
             317             318             330             329
             318             319             331             330
             319             320             332             331
             320             321             333             332
             321             322             334             333
             322             323             335             334
             323             324             336             335
             337             338             350             349
             338             339             351             350
             339             340             352             351
             340             341             353             352
             341             342             354             353
             342             343             355             354
             343             344             356             355
             344             345             357             356
             345             346             358             357
             346             347             359             358
             347             348             360             359
             361             362             374             373
             362             363             375             374
             363             364             376             375
             364             365             377             376
             365             366             378             377
             366             367             379             378
             367             368             380             379
             368             369             381             380
             369             370             382             381
             370             371             383             382
             371             372             384             383
             385             386             398             397
             386             387             399             398
             387             388             400             399
             388             389             401             400
             389             390             402             401
             390             391             403             402
             391             392             404             403
             392             393             405             404
             393             394             406             405
             394             395             407             406
             395             396             408             407
          0          0          0          0
