                    2          0
             1               3.9883182               1.5450827              -9.0094280
             2               3.9883182               1.5450827              -7.5078568
             3               3.9883182               1.5450827              -6.0062857
             4               3.9883182               1.5450827              -4.5047140
             5               3.9883182               1.5450827              -3.0031428
             6               3.9883182               1.5450827              -1.5015712
             7               3.9883182               1.5450827               0.0000000
             8               4.2771440               0.0000000              -9.0094280
             9               4.2771440               0.0000000              -7.5078568
            10               4.2771440               0.0000000              -6.0062857
            11               4.2771440               0.0000000              -4.5047140
            12               4.2771440               0.0000000              -3.0031428
            13               4.2771440               0.0000000              -1.5015712
            14               4.2771440               0.0000000               0.0000000
            15               3.1608477               2.8814933              -9.0094280
            16               3.1608477               2.8814933              -7.5078568
            17               3.1608477               2.8814933              -6.0062857
            18               3.1608477               2.8814933              -4.5047140
            19               3.1608477               2.8814933              -3.0031428
            20               3.1608477               2.8814933              -1.5015712
            21               3.1608477               2.8814933               0.0000000
            22               3.9883182               1.5450827              -9.0094280
            23               3.9883182               1.5450827              -7.5078568
            24               3.9883182               1.5450827              -6.0062857
            25               3.9883182               1.5450827              -4.5047140
            26               3.9883182               1.5450827              -3.0031428
            27               3.9883182               1.5450827              -1.5015712
            28               3.9883182               1.5450827               0.0000000
            29               1.9064872               3.8287425              -9.0094280
            30               1.9064872               3.8287425              -7.5078568
            31               1.9064872               3.8287425              -6.0062857
            32               1.9064872               3.8287425              -4.5047140
            33               1.9064872               3.8287425              -3.0031428
            34               1.9064872               3.8287425              -1.5015712
            35               1.9064872               3.8287425               0.0000000
            36               3.1608477               2.8814933              -9.0094280
            37               3.1608477               2.8814933              -7.5078568
            38               3.1608477               2.8814933              -6.0062857
            39               3.1608477               2.8814933              -4.5047140
            40               3.1608477               2.8814933              -3.0031428
            41               3.1608477               2.8814933              -1.5015712
            42               3.1608477               2.8814933               0.0000000
            43               0.3946451               4.2588987              -9.0094280
            44               0.3946451               4.2588987              -7.5078568
            45               0.3946451               4.2588987              -6.0062857
            46               0.3946451               4.2588987              -4.5047140
            47               0.3946451               4.2588987              -3.0031428
            48               0.3946451               4.2588987              -1.5015712
            49               0.3946451               4.2588987               0.0000000
            50               1.9064872               3.8287425              -9.0094280
            51               1.9064872               3.8287425              -7.5078568
            52               1.9064872               3.8287425              -6.0062857
            53               1.9064872               3.8287425              -4.5047140
            54               1.9064872               3.8287425              -3.0031428
            55               1.9064872               3.8287425              -1.5015712
            56               1.9064872               3.8287425               0.0000000
            57              -1.1704960               4.1138668              -9.0094280
            58              -1.1704960               4.1138668              -7.5078568
            59              -1.1704960               4.1138668              -6.0062857
            60              -1.1704960               4.1138668              -4.5047140
            61              -1.1704960               4.1138668              -3.0031428
            62              -1.1704960               4.1138668              -1.5015712
            63              -1.1704960               4.1138668               0.0000000
            64               0.3946451               4.2588987              -9.0094280
            65               0.3946451               4.2588987              -7.5078568
            66               0.3946451               4.2588987              -6.0062857
            67               0.3946451               4.2588987              -4.5047140
            68               0.3946451               4.2588987              -3.0031428
            69               0.3946451               4.2588987              -1.5015712
            70               0.3946451               4.2588987               0.0000000
            71              -2.5775552               3.4132347              -9.0094280
            72              -2.5775552               3.4132347              -7.5078568
            73              -2.5775552               3.4132347              -6.0062857
            74              -2.5775552               3.4132347              -4.5047140
            75              -2.5775552               3.4132347              -3.0031428
            76              -2.5775552               3.4132347              -1.5015712
            77              -2.5775552               3.4132347               0.0000000
            78              -1.1704960               4.1138668              -9.0094280
            79              -1.1704960               4.1138668              -7.5078568
            80              -1.1704960               4.1138668              -6.0062857
            81              -1.1704960               4.1138668              -4.5047140
            82              -1.1704960               4.1138668              -3.0031428
            83              -1.1704960               4.1138668              -1.5015712
            84              -1.1704960               4.1138668               0.0000000
            85              -3.6365013               2.2516263              -9.0094280
            86              -3.6365013               2.2516263              -7.5078568
            87              -3.6365013               2.2516263              -6.0062857
            88              -3.6365013               2.2516263              -4.5047140
            89              -3.6365013               2.2516263              -3.0031428
            90              -3.6365013               2.2516263              -1.5015712
            91              -3.6365013               2.2516263               0.0000000
            92              -2.5775552               3.4132347              -9.0094280
            93              -2.5775552               3.4132347              -7.5078568
            94              -2.5775552               3.4132347              -6.0062857
            95              -2.5775552               3.4132347              -4.5047140
            96              -2.5775552               3.4132347              -3.0031428
            97              -2.5775552               3.4132347              -1.5015712
            98              -2.5775552               3.4132347               0.0000000
            99              -4.2043176               0.7859232              -9.0094280
           100              -4.2043176               0.7859232              -7.5078568
           101              -4.2043176               0.7859232              -6.0062857
           102              -4.2043176               0.7859232              -4.5047140
           103              -4.2043176               0.7859232              -3.0031428
           104              -4.2043176               0.7859232              -1.5015712
           105              -4.2043176               0.7859232               0.0000000
           106              -3.6365013               2.2516263              -9.0094280
           107              -3.6365013               2.2516263              -7.5078568
           108              -3.6365013               2.2516263              -6.0062857
           109              -3.6365013               2.2516263              -4.5047140
           110              -3.6365013               2.2516263              -3.0031428
           111              -3.6365013               2.2516263              -1.5015712
           112              -3.6365013               2.2516263               0.0000000
           113              -4.2043176              -0.7859232              -9.0094280
           114              -4.2043176              -0.7859232              -7.5078568
           115              -4.2043176              -0.7859232              -6.0062857
           116              -4.2043176              -0.7859232              -4.5047140
           117              -4.2043176              -0.7859232              -3.0031428
           118              -4.2043176              -0.7859232              -1.5015712
           119              -4.2043176              -0.7859232               0.0000000
           120              -4.2043176               0.7859232              -9.0094280
           121              -4.2043176               0.7859232              -7.5078568
           122              -4.2043176               0.7859232              -6.0062857
           123              -4.2043176               0.7859232              -4.5047140
           124              -4.2043176               0.7859232              -3.0031428
           125              -4.2043176               0.7859232              -1.5015712
           126              -4.2043176               0.7859232               0.0000000
           127              -3.6365013              -2.2516263              -9.0094280
           128              -3.6365013              -2.2516263              -7.5078568
           129              -3.6365013              -2.2516263              -6.0062857
           130              -3.6365013              -2.2516263              -4.5047140
           131              -3.6365013              -2.2516263              -3.0031428
           132              -3.6365013              -2.2516263              -1.5015712
           133              -3.6365013              -2.2516263               0.0000000
           134              -4.2043176              -0.7859232              -9.0094280
           135              -4.2043176              -0.7859232              -7.5078568
           136              -4.2043176              -0.7859232              -6.0062857
           137              -4.2043176              -0.7859232              -4.5047140
           138              -4.2043176              -0.7859232              -3.0031428
           139              -4.2043176              -0.7859232              -1.5015712
           140              -4.2043176              -0.7859232               0.0000000
           141              -2.5775552              -3.4132347              -9.0094280
           142              -2.5775552              -3.4132347              -7.5078568
           143              -2.5775552              -3.4132347              -6.0062857
           144              -2.5775552              -3.4132347              -4.5047140
           145              -2.5775552              -3.4132347              -3.0031428
           146              -2.5775552              -3.4132347              -1.5015712
           147              -2.5775552              -3.4132347               0.0000000
           148              -3.6365013              -2.2516263              -9.0094280
           149              -3.6365013              -2.2516263              -7.5078568
           150              -3.6365013              -2.2516263              -6.0062857
           151              -3.6365013              -2.2516263              -4.5047140
           152              -3.6365013              -2.2516263              -3.0031428
           153              -3.6365013              -2.2516263              -1.5015712
           154              -3.6365013              -2.2516263               0.0000000
           155              -1.1704960              -4.1138668              -9.0094280
           156              -1.1704960              -4.1138668              -7.5078568
           157              -1.1704960              -4.1138668              -6.0062857
           158              -1.1704960              -4.1138668              -4.5047140
           159              -1.1704960              -4.1138668              -3.0031428
           160              -1.1704960              -4.1138668              -1.5015712
           161              -1.1704960              -4.1138668               0.0000000
           162              -2.5775552              -3.4132347              -9.0094280
           163              -2.5775552              -3.4132347              -7.5078568
           164              -2.5775552              -3.4132347              -6.0062857
           165              -2.5775552              -3.4132347              -4.5047140
           166              -2.5775552              -3.4132347              -3.0031428
           167              -2.5775552              -3.4132347              -1.5015712
           168              -2.5775552              -3.4132347               0.0000000
           169               0.3946451              -4.2588987              -9.0094280
           170               0.3946451              -4.2588987              -7.5078568
           171               0.3946451              -4.2588987              -6.0062857
           172               0.3946451              -4.2588987              -4.5047140
           173               0.3946451              -4.2588987              -3.0031428
           174               0.3946451              -4.2588987              -1.5015712
           175               0.3946451              -4.2588987               0.0000000
           176              -1.1704960              -4.1138668              -9.0094280
           177              -1.1704960              -4.1138668              -7.5078568
           178              -1.1704960              -4.1138668              -6.0062857
           179              -1.1704960              -4.1138668              -4.5047140
           180              -1.1704960              -4.1138668              -3.0031428
           181              -1.1704960              -4.1138668              -1.5015712
           182              -1.1704960              -4.1138668               0.0000000
           183               1.9064872              -3.8287425              -9.0094280
           184               1.9064872              -3.8287425              -7.5078568
           185               1.9064872              -3.8287425              -6.0062857
           186               1.9064872              -3.8287425              -4.5047140
           187               1.9064872              -3.8287425              -3.0031428
           188               1.9064872              -3.8287425              -1.5015712
           189               1.9064872              -3.8287425               0.0000000
           190               0.3946451              -4.2588987              -9.0094280
           191               0.3946451              -4.2588987              -7.5078568
           192               0.3946451              -4.2588987              -6.0062857
           193               0.3946451              -4.2588987              -4.5047140
           194               0.3946451              -4.2588987              -3.0031428
           195               0.3946451              -4.2588987              -1.5015712
           196               0.3946451              -4.2588987               0.0000000
           197               3.1608477              -2.8814933              -9.0094280
           198               3.1608477              -2.8814933              -7.5078568
           199               3.1608477              -2.8814933              -6.0062857
           200               3.1608477              -2.8814933              -4.5047140
           201               3.1608477              -2.8814933              -3.0031428
           202               3.1608477              -2.8814933              -1.5015712
           203               3.1608477              -2.8814933               0.0000000
           204               1.9064872              -3.8287425              -9.0094280
           205               1.9064872              -3.8287425              -7.5078568
           206               1.9064872              -3.8287425              -6.0062857
           207               1.9064872              -3.8287425              -4.5047140
           208               1.9064872              -3.8287425              -3.0031428
           209               1.9064872              -3.8287425              -1.5015712
           210               1.9064872              -3.8287425               0.0000000
           211               3.9883182              -1.5450827              -9.0094280
           212               3.9883182              -1.5450827              -7.5078568
           213               3.9883182              -1.5450827              -6.0062857
           214               3.9883182              -1.5450827              -4.5047140
           215               3.9883182              -1.5450827              -3.0031428
           216               3.9883182              -1.5450827              -1.5015712
           217               3.9883182              -1.5450827               0.0000000
           218               3.1608477              -2.8814933              -9.0094280
           219               3.1608477              -2.8814933              -7.5078568
           220               3.1608477              -2.8814933              -6.0062857
           221               3.1608477              -2.8814933              -4.5047140
           222               3.1608477              -2.8814933              -3.0031428
           223               3.1608477              -2.8814933              -1.5015712
           224               3.1608477              -2.8814933               0.0000000
           225               4.2771440               0.0000000              -9.0094280
           226               4.2771440               0.0000000              -7.5078568
           227               4.2771440               0.0000000              -6.0062857
           228               4.2771440               0.0000000              -4.5047140
           229               4.2771440               0.0000000              -3.0031428
           230               4.2771440               0.0000000              -1.5015712
           231               4.2771440               0.0000000               0.0000000
           232               3.9883182              -1.5450827              -9.0094280
           233               3.9883182              -1.5450827              -7.5078568
           234               3.9883182              -1.5450827              -6.0062857
           235               3.9883182              -1.5450827              -4.5047140
           236               3.9883182              -1.5450827              -3.0031428
           237               3.9883182              -1.5450827              -1.5015712
           238               3.9883182              -1.5450827               0.0000000
           239               0.0000000               0.0000000              -9.0094280
           240               0.0000000               0.0000000              -9.0094280
           241               1.4257146               0.0000000              -9.0094280
           242               1.3294394               0.5150276              -9.0094280
           243               2.8514292               0.0000000              -9.0094280
           244               2.6588788               1.0300552              -9.0094280
           245               4.2771440               0.0000000              -9.0094280
           246               3.9883182               1.5450827              -9.0094280
           247               0.0000000               0.0000000              -9.0094280
           248               0.0000000               0.0000000              -9.0094280
           249               1.3294394               0.5150276              -9.0094280
           250               1.0536159               0.9604978              -9.0094280
           251               2.6588788               1.0300552              -9.0094280
           252               2.1072319               1.9209956              -9.0094280
           253               3.9883182               1.5450827              -9.0094280
           254               3.1608477               2.8814933              -9.0094280
           255               0.0000000               0.0000000              -9.0094280
           256               0.0000000               0.0000000              -9.0094280
           257               1.0536159               0.9604978              -9.0094280
           258               0.6354957               1.2762475              -9.0094280
           259               2.1072319               1.9209956              -9.0094280
           260               1.2709914               2.5524950              -9.0094280
           261               3.1608477               2.8814933              -9.0094280
           262               1.9064871               3.8287423              -9.0094280
           263               0.0000000               0.0000000              -9.0094280
           264               0.0000000               0.0000000              -9.0094280
           265               0.6354957               1.2762475              -9.0094280
           266               0.1315483               1.4196329              -9.0094280
           267               1.2709914               2.5524950              -9.0094280
           268               0.2630967               2.8392658              -9.0094280
           269               1.9064871               3.8287423              -9.0094280
           270               0.3946451               4.2588987              -9.0094280
           271               0.0000000               0.0000000              -9.0094280
           272               0.0000000               0.0000000              -9.0094280
           273               0.1315484               1.4196329              -9.0094280
           274              -0.3901653               1.3712889              -9.0094280
           275               0.2630967               2.8392658              -9.0094280
           276              -0.7803307               2.7425778              -9.0094280
           277               0.3946451               4.2588987              -9.0094280
           278              -1.1704960               4.1138668              -9.0094280
           279               0.0000000               0.0000000              -9.0094280
           280               0.0000000               0.0000000              -9.0094280
           281              -0.3901653               1.3712889              -9.0094280
           282              -0.8591850               1.1377449              -9.0094280
           283              -0.7803307               2.7425778              -9.0094280
           284              -1.7183701               2.2754898              -9.0094280
           285              -1.1704960               4.1138668              -9.0094280
           286              -2.5775552               3.4132347              -9.0094280
           287               0.0000000               0.0000000              -9.0094280
           288               0.0000000               0.0000000              -9.0094280
           289              -0.8591850               1.1377449              -9.0094280
           290              -1.2121671               0.7505421              -9.0094280
           291              -1.7183701               2.2754898              -9.0094280
           292              -2.4243343               1.5010842              -9.0094280
           293              -2.5775552               3.4132347              -9.0094280
           294              -3.6365013               2.2516263              -9.0094280
           295               0.0000000               0.0000000              -9.0094280
           296               0.0000000               0.0000000              -9.0094280
           297              -1.2121671               0.7505421              -9.0094280
           298              -1.4014392               0.2619744              -9.0094280
           299              -2.4243343               1.5010842              -9.0094280
           300              -2.8028784               0.5239488              -9.0094280
           301              -3.6365013               2.2516263              -9.0094280
           302              -4.2043176               0.7859232              -9.0094280
           303               0.0000000               0.0000000              -9.0094280
           304               0.0000000               0.0000000              -9.0094280
           305              -1.4014392               0.2619744              -9.0094280
           306              -1.4014392              -0.2619744              -9.0094280
           307              -2.8028784               0.5239488              -9.0094280
           308              -2.8028784              -0.5239488              -9.0094280
           309              -4.2043176               0.7859232              -9.0094280
           310              -4.2043176              -0.7859232              -9.0094280
           311               0.0000000               0.0000000              -9.0094280
           312               0.0000000               0.0000000              -9.0094280
           313              -1.4014392              -0.2619744              -9.0094280
           314              -1.2121671              -0.7505421              -9.0094280
           315              -2.8028784              -0.5239488              -9.0094280
           316              -2.4243343              -1.5010842              -9.0094280
           317              -4.2043176              -0.7859232              -9.0094280
           318              -3.6365013              -2.2516263              -9.0094280
           319               0.0000000               0.0000000              -9.0094280
           320               0.0000000               0.0000000              -9.0094280
           321              -1.2121671              -0.7505421              -9.0094280
           322              -0.8591850              -1.1377449              -9.0094280
           323              -2.4243343              -1.5010842              -9.0094280
           324              -1.7183701              -2.2754898              -9.0094280
           325              -3.6365013              -2.2516263              -9.0094280
           326              -2.5775552              -3.4132347              -9.0094280
           327               0.0000000               0.0000000              -9.0094280
           328               0.0000000               0.0000000              -9.0094280
           329              -0.8591850              -1.1377449              -9.0094280
           330              -0.3901653              -1.3712889              -9.0094280
           331              -1.7183701              -2.2754898              -9.0094280
           332              -0.7803307              -2.7425778              -9.0094280
           333              -2.5775552              -3.4132347              -9.0094280
           334              -1.1704960              -4.1138668              -9.0094280
           335               0.0000000               0.0000000              -9.0094280
           336               0.0000000               0.0000000              -9.0094280
           337              -0.3901653              -1.3712889              -9.0094280
           338               0.1315483              -1.4196329              -9.0094280
           339              -0.7803307              -2.7425778              -9.0094280
           340               0.2630967              -2.8392658              -9.0094280
           341              -1.1704960              -4.1138668              -9.0094280
           342               0.3946451              -4.2588987              -9.0094280
           343               0.0000000               0.0000000              -9.0094280
           344               0.0000000               0.0000000              -9.0094280
           345               0.1315484              -1.4196329              -9.0094280
           346               0.6354957              -1.2762475              -9.0094280
           347               0.2630967              -2.8392658              -9.0094280
           348               1.2709914              -2.5524950              -9.0094280
           349               0.3946451              -4.2588987              -9.0094280
           350               1.9064871              -3.8287423              -9.0094280
           351               0.0000000               0.0000000              -9.0094280
           352               0.0000000               0.0000000              -9.0094280
           353               0.6354957              -1.2762475              -9.0094280
           354               1.0536159              -0.9604978              -9.0094280
           355               1.2709914              -2.5524950              -9.0094280
           356               2.1072319              -1.9209956              -9.0094280
           357               1.9064871              -3.8287423              -9.0094280
           358               3.1608477              -2.8814933              -9.0094280
           359               0.0000000               0.0000000              -9.0094280
           360               0.0000000               0.0000000              -9.0094280
           361               1.0536159              -0.9604978              -9.0094280
           362               1.3294394              -0.5150276              -9.0094280
           363               2.1072319              -1.9209956              -9.0094280
           364               2.6588788              -1.0300552              -9.0094280
           365               3.1608477              -2.8814933              -9.0094280
           366               3.9883182              -1.5450827              -9.0094280
           367               0.0000000               0.0000000              -9.0094280
           368               0.0000000               0.0000000              -9.0094280
           369               1.3294394              -0.5150276              -9.0094280
           370               1.4257146               0.0000000              -9.0094280
           371               2.6588788              -1.0300552              -9.0094280
           372               2.8514292               0.0000000              -9.0094280
           373               3.9883182              -1.5450827              -9.0094280
           374               4.2771440               0.0000000              -9.0094280
             0          0.00          0.00          0.00
               1               2               9               8
               2               3              10               9
               3               4              11              10
               4               5              12              11
               5               6              13              12
               6               7              14              13
              15              16              23              22
              16              17              24              23
              17              18              25              24
              18              19              26              25
              19              20              27              26
              20              21              28              27
              29              30              37              36
              30              31              38              37
              31              32              39              38
              32              33              40              39
              33              34              41              40
              34              35              42              41
              43              44              51              50
              44              45              52              51
              45              46              53              52
              46              47              54              53
              47              48              55              54
              48              49              56              55
              57              58              65              64
              58              59              66              65
              59              60              67              66
              60              61              68              67
              61              62              69              68
              62              63              70              69
              71              72              79              78
              72              73              80              79
              73              74              81              80
              74              75              82              81
              75              76              83              82
              76              77              84              83
              85              86              93              92
              86              87              94              93
              87              88              95              94
              88              89              96              95
              89              90              97              96
              90              91              98              97
              99             100             107             106
             100             101             108             107
             101             102             109             108
             102             103             110             109
             103             104             111             110
             104             105             112             111
             113             114             121             120
             114             115             122             121
             115             116             123             122
             116             117             124             123
             117             118             125             124
             118             119             126             125
             127             128             135             134
             128             129             136             135
             129             130             137             136
             130             131             138             137
             131             132             139             138
             132             133             140             139
             141             142             149             148
             142             143             150             149
             143             144             151             150
             144             145             152             151
             145             146             153             152
             146             147             154             153
             155             156             163             162
             156             157             164             163
             157             158             165             164
             158             159             166             165
             159             160             167             166
             160             161             168             167
             169             170             177             176
             170             171             178             177
             171             172             179             178
             172             173             180             179
             173             174             181             180
             174             175             182             181
             183             184             191             190
             184             185             192             191
             185             186             193             192
             186             187             194             193
             187             188             195             194
             188             189             196             195
             197             198             205             204
             198             199             206             205
             199             200             207             206
             200             201             208             207
             201             202             209             208
             202             203             210             209
             211             212             219             218
             212             213             220             219
             213             214             221             220
             214             215             222             221
             215             216             223             222
             216             217             224             223
             225             226             233             232
             226             227             234             233
             227             228             235             234
             228             229             236             235
             229             230             237             236
             230             231             238             237
             239             240             242             241
             241             242             244             243
             243             244             246             245
             247             248             250             249
             249             250             252             251
             251             252             254             253
             255             256             258             257
             257             258             260             259
             259             260             262             261
             263             264             266             265
             265             266             268             267
             267             268             270             269
             271             272             274             273
             273             274             276             275
             275             276             278             277
             279             280             282             281
             281             282             284             283
             283             284             286             285
             287             288             290             289
             289             290             292             291
             291             292             294             293
             295             296             298             297
             297             298             300             299
             299             300             302             301
             303             304             306             305
             305             306             308             307
             307             308             310             309
             311             312             314             313
             313             314             316             315
             315             316             318             317
             319             320             322             321
             321             322             324             323
             323             324             326             325
             327             328             330             329
             329             330             332             331
             331             332             334             333
             335             336             338             337
             337             338             340             339
             339             340             342             341
             343             344             346             345
             345             346             348             347
             347             348             350             349
             351             352             354             353
             353             354             356             355
             355             356             358             357
             359             360             362             361
             361             362             364             363
             363             364             366             365
             367             368             370             369
             369             370             372             371
             371             372             374             373
          0          0          0          0
