                    2          0
             1               0.0000000               2.3512385              -7.3113828
             2              -0.3083717               2.3512385              -6.7021008
             3              -0.6167433               2.3512385              -6.0928192
             4              -0.9251149               2.3512385              -5.4835372
             5              -1.2334867               2.3512385              -4.8742552
             6              -1.5418583               2.3512385              -4.2649732
             7              -1.8502299               2.3512385              -3.6556914
             8              -2.1586015               2.3512385              -3.0464096
             9              -2.4669733               2.3512385              -2.4371276
            10              -2.7753448               2.3512385              -1.8278456
            11              -3.0837166               2.3512385              -1.2185636
            12              -3.3920882               2.3512385              -0.6092820
            13              -3.7004597               2.3512385               0.0000000
            14               0.0000000               2.3512385              -7.3113828
            15               0.3083717               2.3512385              -6.7021008
            16               0.6167433               2.3512385              -6.0928192
            17               0.9251149               2.3512385              -5.4835372
            18               1.2334867               2.3512385              -4.8742552
            19               1.5418583               2.3512385              -4.2649732
            20               1.8502299               2.3512385              -3.6556914
            21               2.1586015               2.3512385              -3.0464096
            22               2.4669733               2.3512385              -2.4371276
            23               2.7753448               2.3512385              -1.8278456
            24               3.0837166               2.3512385              -1.2185636
            25               3.3920882               2.3512385              -0.6092820
            26               3.7004597               2.3512385               0.0000000
            27               0.0000000               2.3512385              -7.3113828
            28               0.3083717               2.3512385              -6.7021008
            29               0.6167433               2.3512385              -6.0928192
            30               0.9251149               2.3512385              -5.4835372
            31               1.2334867               2.3512385              -4.8742552
            32               1.5418583               2.3512385              -4.2649732
            33               1.8502299               2.3512385              -3.6556914
            34               2.1586015               2.3512385              -3.0464096
            35               2.4669733               2.3512385              -2.4371276
            36               2.7753448               2.3512385              -1.8278456
            37               3.0837166               2.3512385              -1.2185636
            38               3.3920882               2.3512385              -0.6092820
            39               3.7004597               2.3512385               0.0000000
            40               0.0000000               1.6794560              -7.3113828
            41               0.3083717               1.6794560              -6.7021008
            42               0.6167433               1.6794560              -6.0928192
            43               0.9251149               1.6794560              -5.4835372
            44               1.2334867               1.6794560              -4.8742552
            45               1.5418583               1.6794560              -4.2649732
            46               1.8502299               1.6794560              -3.6556914
            47               2.1586015               1.6794560              -3.0464096
            48               2.4669733               1.6794560              -2.4371276
            49               2.7753448               1.6794560              -1.8278456
            50               3.0837166               1.6794560              -1.2185636
            51               3.3920882               1.6794560              -0.6092820
            52               3.7004597               1.6794560               0.0000000
            53               0.0000000               1.0076736              -7.3113828
            54               0.3083717               1.0076736              -6.7021008
            55               0.6167433               1.0076736              -6.0928192
            56               0.9251149               1.0076736              -5.4835372
            57               1.2334867               1.0076736              -4.8742552
            58               1.5418583               1.0076736              -4.2649732
            59               1.8502299               1.0076736              -3.6556914
            60               2.1586015               1.0076736              -3.0464096
            61               2.4669733               1.0076736              -2.4371276
            62               2.7753448               1.0076736              -1.8278456
            63               3.0837166               1.0076736              -1.2185636
            64               3.3920882               1.0076736              -0.6092820
            65               3.7004597               1.0076736               0.0000000
            66               0.0000000               0.3358912              -7.3113828
            67               0.3083717               0.3358912              -6.7021008
            68               0.6167433               0.3358912              -6.0928192
            69               0.9251149               0.3358912              -5.4835372
            70               1.2334867               0.3358912              -4.8742552
            71               1.5418583               0.3358912              -4.2649732
            72               1.8502299               0.3358912              -3.6556914
            73               2.1586015               0.3358912              -3.0464096
            74               2.4669733               0.3358912              -2.4371276
            75               2.7753448               0.3358912              -1.8278456
            76               3.0837166               0.3358912              -1.2185636
            77               3.3920882               0.3358912              -0.6092820
            78               3.7004597               0.3358912               0.0000000
            79               0.0000000              -0.3358912              -7.3113828
            80               0.3083717              -0.3358912              -6.7021008
            81               0.6167433              -0.3358912              -6.0928192
            82               0.9251149              -0.3358912              -5.4835372
            83               1.2334867              -0.3358912              -4.8742552
            84               1.5418583              -0.3358912              -4.2649732
            85               1.8502299              -0.3358912              -3.6556914
            86               2.1586015              -0.3358912              -3.0464096
            87               2.4669733              -0.3358912              -2.4371276
            88               2.7753448              -0.3358912              -1.8278456
            89               3.0837166              -0.3358912              -1.2185636
            90               3.3920882              -0.3358912              -0.6092820
            91               3.7004597              -0.3358912               0.0000000
            92               0.0000000              -1.0076735              -7.3113828
            93               0.3083717              -1.0076735              -6.7021008
            94               0.6167433              -1.0076735              -6.0928192
            95               0.9251149              -1.0076735              -5.4835372
            96               1.2334867              -1.0076735              -4.8742552
            97               1.5418583              -1.0076735              -4.2649732
            98               1.8502299              -1.0076735              -3.6556914
            99               2.1586015              -1.0076735              -3.0464096
           100               2.4669733              -1.0076735              -2.4371276
           101               2.7753448              -1.0076735              -1.8278456
           102               3.0837166              -1.0076735              -1.2185636
           103               3.3920882              -1.0076735              -0.6092820
           104               3.7004597              -1.0076735               0.0000000
           105               0.0000000              -1.6794560              -7.3113828
           106               0.3083717              -1.6794560              -6.7021008
           107               0.6167433              -1.6794560              -6.0928192
           108               0.9251149              -1.6794560              -5.4835372
           109               1.2334867              -1.6794560              -4.8742552
           110               1.5418583              -1.6794560              -4.2649732
           111               1.8502299              -1.6794560              -3.6556914
           112               2.1586015              -1.6794560              -3.0464096
           113               2.4669733              -1.6794560              -2.4371276
           114               2.7753448              -1.6794560              -1.8278456
           115               3.0837166              -1.6794560              -1.2185636
           116               3.3920882              -1.6794560              -0.6092820
           117               3.7004597              -1.6794560               0.0000000
           118               0.0000000              -2.3512385              -7.3113828
           119               0.3083717              -2.3512385              -6.7021008
           120               0.6167433              -2.3512385              -6.0928192
           121               0.9251149              -2.3512385              -5.4835372
           122               1.2334867              -2.3512385              -4.8742552
           123               1.5418583              -2.3512385              -4.2649732
           124               1.8502299              -2.3512385              -3.6556914
           125               2.1586015              -2.3512385              -3.0464096
           126               2.4669733              -2.3512385              -2.4371276
           127               2.7753448              -2.3512385              -1.8278456
           128               3.0837166              -2.3512385              -1.2185636
           129               3.3920882              -2.3512385              -0.6092820
           130               3.7004597              -2.3512385               0.0000000
           131               0.0000000              -2.3512385              -7.3113828
           132               0.3083717              -2.3512385              -6.7021008
           133               0.6167433              -2.3512385              -6.0928192
           134               0.9251149              -2.3512385              -5.4835372
           135               1.2334867              -2.3512385              -4.8742552
           136               1.5418583              -2.3512385              -4.2649732
           137               1.8502299              -2.3512385              -3.6556914
           138               2.1586015              -2.3512385              -3.0464096
           139               2.4669733              -2.3512385              -2.4371276
           140               2.7753448              -2.3512385              -1.8278456
           141               3.0837166              -2.3512385              -1.2185636
           142               3.3920882              -2.3512385              -0.6092820
           143               3.7004597              -2.3512385               0.0000000
           144               0.0000000              -2.3512385              -7.3113828
           145              -0.3083717              -2.3512385              -6.7021008
           146              -0.6167433              -2.3512385              -6.0928192
           147              -0.9251149              -2.3512385              -5.4835372
           148              -1.2334867              -2.3512385              -4.8742552
           149              -1.5418583              -2.3512385              -4.2649732
           150              -1.8502299              -2.3512385              -3.6556914
           151              -2.1586015              -2.3512385              -3.0464096
           152              -2.4669733              -2.3512385              -2.4371276
           153              -2.7753448              -2.3512385              -1.8278456
           154              -3.0837166              -2.3512385              -1.2185636
           155              -3.3920882              -2.3512385              -0.6092820
           156              -3.7004597              -2.3512385               0.0000000
           157               0.0000000              -2.3512385              -7.3113828
           158              -0.3083717              -2.3512385              -6.7021008
           159              -0.6167433              -2.3512385              -6.0928192
           160              -0.9251149              -2.3512385              -5.4835372
           161              -1.2334867              -2.3512385              -4.8742552
           162              -1.5418583              -2.3512385              -4.2649732
           163              -1.8502299              -2.3512385              -3.6556914
           164              -2.1586015              -2.3512385              -3.0464096
           165              -2.4669733              -2.3512385              -2.4371276
           166              -2.7753448              -2.3512385              -1.8278456
           167              -3.0837166              -2.3512385              -1.2185636
           168              -3.3920882              -2.3512385              -0.6092820
           169              -3.7004597              -2.3512385               0.0000000
           170               0.0000000              -1.6794560              -7.3113828
           171              -0.3083717              -1.6794560              -6.7021008
           172              -0.6167433              -1.6794560              -6.0928192
           173              -0.9251149              -1.6794560              -5.4835372
           174              -1.2334867              -1.6794560              -4.8742552
           175              -1.5418583              -1.6794560              -4.2649732
           176              -1.8502299              -1.6794560              -3.6556914
           177              -2.1586015              -1.6794560              -3.0464096
           178              -2.4669733              -1.6794560              -2.4371276
           179              -2.7753448              -1.6794560              -1.8278456
           180              -3.0837166              -1.6794560              -1.2185636
           181              -3.3920882              -1.6794560              -0.6092820
           182              -3.7004597              -1.6794560               0.0000000
           183               0.0000000              -1.0076736              -7.3113828
           184              -0.3083717              -1.0076736              -6.7021008
           185              -0.6167433              -1.0076736              -6.0928192
           186              -0.9251149              -1.0076736              -5.4835372
           187              -1.2334867              -1.0076736              -4.8742552
           188              -1.5418583              -1.0076736              -4.2649732
           189              -1.8502299              -1.0076736              -3.6556914
           190              -2.1586015              -1.0076736              -3.0464096
           191              -2.4669733              -1.0076736              -2.4371276
           192              -2.7753448              -1.0076736              -1.8278456
           193              -3.0837166              -1.0076736              -1.2185636
           194              -3.3920882              -1.0076736              -0.6092820
           195              -3.7004597              -1.0076736               0.0000000
           196               0.0000000              -0.3358912              -7.3113828
           197              -0.3083717              -0.3358912              -6.7021008
           198              -0.6167433              -0.3358912              -6.0928192
           199              -0.9251149              -0.3358912              -5.4835372
           200              -1.2334867              -0.3358912              -4.8742552
           201              -1.5418583              -0.3358912              -4.2649732
           202              -1.8502299              -0.3358912              -3.6556914
           203              -2.1586015              -0.3358912              -3.0464096
           204              -2.4669733              -0.3358912              -2.4371276
           205              -2.7753448              -0.3358912              -1.8278456
           206              -3.0837166              -0.3358912              -1.2185636
           207              -3.3920882              -0.3358912              -0.6092820
           208              -3.7004597              -0.3358912               0.0000000
           209               0.0000000               0.3358912              -7.3113828
           210              -0.3083717               0.3358912              -6.7021008
           211              -0.6167433               0.3358912              -6.0928192
           212              -0.9251149               0.3358912              -5.4835372
           213              -1.2334867               0.3358912              -4.8742552
           214              -1.5418583               0.3358912              -4.2649732
           215              -1.8502299               0.3358912              -3.6556914
           216              -2.1586015               0.3358912              -3.0464096
           217              -2.4669733               0.3358912              -2.4371276
           218              -2.7753448               0.3358912              -1.8278456
           219              -3.0837166               0.3358912              -1.2185636
           220              -3.3920882               0.3358912              -0.6092820
           221              -3.7004597               0.3358912               0.0000000
           222               0.0000000               1.0076735              -7.3113828
           223              -0.3083717               1.0076735              -6.7021008
           224              -0.6167433               1.0076735              -6.0928192
           225              -0.9251149               1.0076735              -5.4835372
           226              -1.2334867               1.0076735              -4.8742552
           227              -1.5418583               1.0076735              -4.2649732
           228              -1.8502299               1.0076735              -3.6556914
           229              -2.1586015               1.0076735              -3.0464096
           230              -2.4669733               1.0076735              -2.4371276
           231              -2.7753448               1.0076735              -1.8278456
           232              -3.0837166               1.0076735              -1.2185636
           233              -3.3920882               1.0076735              -0.6092820
           234              -3.7004597               1.0076735               0.0000000
           235               0.0000000               1.6794560              -7.3113828
           236              -0.3083717               1.6794560              -6.7021008
           237              -0.6167433               1.6794560              -6.0928192
           238              -0.9251149               1.6794560              -5.4835372
           239              -1.2334867               1.6794560              -4.8742552
           240              -1.5418583               1.6794560              -4.2649732
           241              -1.8502299               1.6794560              -3.6556914
           242              -2.1586015               1.6794560              -3.0464096
           243              -2.4669733               1.6794560              -2.4371276
           244              -2.7753448               1.6794560              -1.8278456
           245              -3.0837166               1.6794560              -1.2185636
           246              -3.3920882               1.6794560              -0.6092820
           247              -3.7004597               1.6794560               0.0000000
           248               0.0000000               2.3512385              -7.3113828
           249              -0.3083717               2.3512385              -6.7021008
           250              -0.6167433               2.3512385              -6.0928192
           251              -0.9251149               2.3512385              -5.4835372
           252              -1.2334867               2.3512385              -4.8742552
           253              -1.5418583               2.3512385              -4.2649732
           254              -1.8502299               2.3512385              -3.6556914
           255              -2.1586015               2.3512385              -3.0464096
           256              -2.4669733               2.3512385              -2.4371276
           257              -2.7753448               2.3512385              -1.8278456
           258              -3.0837166               2.3512385              -1.2185636
           259              -3.3920882               2.3512385              -0.6092820
           260              -3.7004597               2.3512385               0.0000000
             0          0.00          0.00          0.00
               1               2              15              14
               2               3              16              15
               3               4              17              16
               4               5              18              17
               5               6              19              18
               6               7              20              19
               7               8              21              20
               8               9              22              21
               9              10              23              22
              10              11              24              23
              11              12              25              24
              12              13              26              25
              27              28              41              40
              28              29              42              41
              29              30              43              42
              30              31              44              43
              31              32              45              44
              32              33              46              45
              33              34              47              46
              34              35              48              47
              35              36              49              48
              36              37              50              49
              37              38              51              50
              38              39              52              51
              40              41              54              53
              41              42              55              54
              42              43              56              55
              43              44              57              56
              44              45              58              57
              45              46              59              58
              46              47              60              59
              47              48              61              60
              48              49              62              61
              49              50              63              62
              50              51              64              63
              51              52              65              64
              53              54              67              66
              54              55              68              67
              55              56              69              68
              56              57              70              69
              57              58              71              70
              58              59              72              71
              59              60              73              72
              60              61              74              73
              61              62              75              74
              62              63              76              75
              63              64              77              76
              64              65              78              77
              66              67              80              79
              67              68              81              80
              68              69              82              81
              69              70              83              82
              70              71              84              83
              71              72              85              84
              72              73              86              85
              73              74              87              86
              74              75              88              87
              75              76              89              88
              76              77              90              89
              77              78              91              90
              79              80              93              92
              80              81              94              93
              81              82              95              94
              82              83              96              95
              83              84              97              96
              84              85              98              97
              85              86              99              98
              86              87             100              99
              87              88             101             100
              88              89             102             101
              89              90             103             102
              90              91             104             103
              92              93             106             105
              93              94             107             106
              94              95             108             107
              95              96             109             108
              96              97             110             109
              97              98             111             110
              98              99             112             111
              99             100             113             112
             100             101             114             113
             101             102             115             114
             102             103             116             115
             103             104             117             116
             105             106             119             118
             106             107             120             119
             107             108             121             120
             108             109             122             121
             109             110             123             122
             110             111             124             123
             111             112             125             124
             112             113             126             125
             113             114             127             126
             114             115             128             127
             115             116             129             128
             116             117             130             129
             131             132             145             144
             132             133             146             145
             133             134             147             146
             134             135             148             147
             135             136             149             148
             136             137             150             149
             137             138             151             150
             138             139             152             151
             139             140             153             152
             140             141             154             153
             141             142             155             154
             142             143             156             155
             157             158             171             170
             158             159             172             171
             159             160             173             172
             160             161             174             173
             161             162             175             174
             162             163             176             175
             163             164             177             176
             164             165             178             177
             165             166             179             178
             166             167             180             179
             167             168             181             180
             168             169             182             181
             170             171             184             183
             171             172             185             184
             172             173             186             185
             173             174             187             186
             174             175             188             187
             175             176             189             188
             176             177             190             189
             177             178             191             190
             178             179             192             191
             179             180             193             192
             180             181             194             193
             181             182             195             194
             183             184             197             196
             184             185             198             197
             185             186             199             198
             186             187             200             199
             187             188             201             200
             188             189             202             201
             189             190             203             202
             190             191             204             203
             191             192             205             204
             192             193             206             205
             193             194             207             206
             194             195             208             207
             196             197             210             209
             197             198             211             210
             198             199             212             211
             199             200             213             212
             200             201             214             213
             201             202             215             214
             202             203             216             215
             203             204             217             216
             204             205             218             217
             205             206             219             218
             206             207             220             219
             207             208             221             220
             209             210             223             222
             210             211             224             223
             211             212             225             224
             212             213             226             225
             213             214             227             226
             214             215             228             227
             215             216             229             228
             216             217             230             229
             217             218             231             230
             218             219             232             231
             219             220             233             232
             220             221             234             233
             222             223             236             235
             223             224             237             236
             224             225             238             237
             225             226             239             238
             226             227             240             239
             227             228             241             240
             228             229             242             241
             229             230             243             242
             230             231             244             243
             231             232             245             244
             232             233             246             245
             233             234             247             246
             235             236             249             248
             236             237             250             249
             237             238             251             250
             238             239             252             251
             239             240             253             252
             240             241             254             253
             241             242             255             254
             242             243             256             255
             243             244             257             256
             244             245             258             257
             245             246             259             258
             246             247             260             259
          0          0          0          0
