                    2          0
             1               0.0000000               0.0000000              -4.1293569
             2               0.2699065               0.1045623              -3.7539608
             3               0.5398130               0.2091247              -3.3785648
             4               0.8097195               0.3136870              -3.0031686
             5               1.0796260               0.4182493              -2.6277726
             6               1.3495325               0.5228117              -2.2523766
             7               1.6194390               0.6273741              -1.8769803
             8               1.8893455               0.7319364              -1.5015843
             9               2.1592519               0.8364987              -1.1261883
            10               2.4291584               0.9410610              -0.7507923
            11               2.6990650               1.0456233              -0.3753963
            12               2.9689715               1.1501857               0.0000000
            13               0.0000000               0.0000000              -4.1293569
            14               0.2894526               0.0000000              -3.7539608
            15               0.5789052               0.0000000              -3.3785648
            16               0.8683577               0.0000000              -3.0031686
            17               1.1578103               0.0000000              -2.6277726
            18               1.4472630               0.0000000              -2.2523766
            19               1.7367154               0.0000000              -1.8769803
            20               2.0261681               0.0000000              -1.5015843
            21               2.3156207               0.0000000              -1.1261883
            22               2.6050735               0.0000000              -0.7507923
            23               2.8945260               0.0000000              -0.3753963
            24               3.1839788               0.0000000               0.0000000
            25               0.0000000               0.0000000              -4.1293569
            26               0.2139080               0.1950029              -3.7539608
            27               0.4278161               0.3900059              -3.3785648
            28               0.6417242               0.5850089              -3.0031686
            29               0.8556322               0.7800118              -2.6277726
            30               1.0695401               0.9750147              -2.2523766
            31               1.2834483               1.1700177              -1.8769803
            32               1.4973563               1.3650206              -1.5015843
            33               1.7112644               1.5600235              -1.1261883
            34               1.9251724               1.7550266              -0.7507923
            35               2.1390803               1.9500295              -0.3753963
            36               2.3529885               2.1450324               0.0000000
            37               0.0000000               0.0000000              -4.1293569
            38               0.2699065               0.1045623              -3.7539608
            39               0.5398130               0.2091247              -3.3785648
            40               0.8097195               0.3136870              -3.0031686
            41               1.0796260               0.4182493              -2.6277726
            42               1.3495325               0.5228117              -2.2523766
            43               1.6194390               0.6273741              -1.8769803
            44               1.8893455               0.7319364              -1.5015843
            45               2.1592519               0.8364987              -1.1261883
            46               2.4291584               0.9410610              -0.7507923
            47               2.6990650               1.0456233              -0.3753963
            48               2.9689715               1.1501857               0.0000000
            49               0.0000000               0.0000000              -4.1293569
            50               0.1290201               0.2591073              -3.7539608
            51               0.2580402               0.5182146              -3.3785648
            52               0.3870603               0.7773220              -3.0031686
            53               0.5160804               1.0364293              -2.6277726
            54               0.6451006               1.2955366              -2.2523766
            55               0.7741207               1.5546440              -1.8769803
            56               0.9031408               1.8137512              -1.5015843
            57               1.0321609               2.0728586              -1.1261883
            58               1.1611810               2.3319662              -0.7507923
            59               1.2902012               2.5910733              -0.3753963
            60               1.4192213               2.8501806               0.0000000
            61               0.0000000               0.0000000              -4.1293569
            62               0.2139080               0.1950029              -3.7539608
            63               0.4278161               0.3900059              -3.3785648
            64               0.6417242               0.5850089              -3.0031686
            65               0.8556322               0.7800118              -2.6277726
            66               1.0695401               0.9750147              -2.2523766
            67               1.2834483               1.1700177              -1.8769803
            68               1.4973563               1.3650206              -1.5015843
            69               1.7112644               1.5600235              -1.1261883
            70               1.9251724               1.7550266              -0.7507923
            71               2.1390803               1.9500295              -0.3753963
            72               2.3529885               2.1450324               0.0000000
            73               0.0000000               0.0000000              -4.1293569
            74               0.0267073               0.2882178              -3.7539608
            75               0.0534146               0.5764356              -3.3785648
            76               0.0801220               0.8646535              -3.0031686
            77               0.1068293               1.1528713              -2.6277726
            78               0.1335366               1.4410892              -2.2523766
            79               0.1602439               1.7293071              -1.8769803
            80               0.1869512               2.0175247              -1.5015843
            81               0.2136586               2.3057425              -1.1261883
            82               0.2403659               2.5939605              -0.7507923
            83               0.2670732               2.8821783              -0.3753963
            84               0.2937805               3.1703959               0.0000000
            85               0.0000000               0.0000000              -4.1293569
            86               0.1290201               0.2591073              -3.7539608
            87               0.2580402               0.5182146              -3.3785648
            88               0.3870604               0.7773220              -3.0031686
            89               0.5160805               1.0364293              -2.6277726
            90               0.6451007               1.2955366              -2.2523766
            91               0.7741207               1.5546440              -1.8769803
            92               0.9031408               1.8137512              -1.5015843
            93               1.0321610               2.0728586              -1.1261883
            94               1.1611812               2.3319662              -0.7507923
            95               1.2902013               2.5910733              -0.3753963
            96               1.4192214               2.8501806               0.0000000
            97               0.0000000               0.0000000              -4.1293569
            98              -0.0792125               0.2784029              -3.7539608
            99              -0.1584249               0.5568058              -3.3785648
           100              -0.2376374               0.8352088              -3.0031686
           101              -0.3168499               1.1136117              -2.6277726
           102              -0.3960623               1.3920146              -2.2523766
           103              -0.4752748               1.6704177              -1.8769803
           104              -0.5544873               1.9488206              -1.5015843
           105              -0.6336997               2.2272234              -1.1261883
           106              -0.7129121               2.5056264              -0.7507923
           107              -0.7921247               2.7840292              -0.3753963
           108              -0.8713371               3.0624323               0.0000000
           109               0.0000000               0.0000000              -4.1293569
           110               0.0267073               0.2882178              -3.7539608
           111               0.0534146               0.5764356              -3.3785648
           112               0.0801220               0.8646535              -3.0031686
           113               0.1068293               1.1528713              -2.6277726
           114               0.1335366               1.4410892              -2.2523766
           115               0.1602439               1.7293071              -1.8769803
           116               0.1869512               2.0175247              -1.5015843
           117               0.2136586               2.3057425              -1.1261883
           118               0.2403659               2.5939605              -0.7507923
           119               0.2670732               2.8821783              -0.3753963
           120               0.2937805               3.1703959               0.0000000
           121               0.0000000               0.0000000              -4.1293569
           122              -0.1744342               0.2309882              -3.7539608
           123              -0.3488683               0.4619763              -3.3785648
           124              -0.5233025               0.6929645              -3.0031686
           125              -0.6977366               0.9239526              -2.6277726
           126              -0.8721708               1.1549407              -2.2523766
           127              -1.0466050               1.3859290              -1.8769803
           128              -1.2210391               1.6169170              -1.5015843
           129              -1.3954732               1.8479053              -1.1261883
           130              -1.5699074               2.0788934              -0.7507923
           131              -1.7443416               2.3098814              -0.3753963
           132              -1.9187757               2.5408697               0.0000000
           133               0.0000000               0.0000000              -4.1293569
           134              -0.0792125               0.2784029              -3.7539608
           135              -0.1584249               0.5568058              -3.3785648
           136              -0.2376374               0.8352088              -3.0031686
           137              -0.3168498               1.1136117              -2.6277726
           138              -0.3960623               1.3920146              -2.2523766
           139              -0.4752748               1.6704177              -1.8769803
           140              -0.5544872               1.9488206              -1.5015843
           141              -0.6336997               2.2272234              -1.1261883
           142              -0.7129121               2.5056264              -0.7507923
           143              -0.7921246               2.7840292              -0.3753963
           144              -0.8713370               3.0624323               0.0000000
           145               0.0000000               0.0000000              -4.1293569
           146              -0.2460976               0.1523771              -3.7539608
           147              -0.4921951               0.3047543              -3.3785648
           148              -0.7382927               0.4571315              -3.0031686
           149              -0.9843903               0.6095086              -2.6277726
           150              -1.2304878               0.7618857              -2.2523766
           151              -1.4765854               0.9142630              -1.8769803
           152              -1.7226830               1.0666400              -1.5015843
           153              -1.9687805               1.2190171              -1.1261883
           154              -2.2148781               1.3713943              -0.7507923
           155              -2.4609756               1.5237714              -0.3753963
           156              -2.7070732               1.6761487               0.0000000
           157               0.0000000               0.0000000              -4.1293569
           158              -0.1744342               0.2309882              -3.7539608
           159              -0.3488683               0.4619763              -3.3785648
           160              -0.5233025               0.6929645              -3.0031686
           161              -0.6977366               0.9239526              -2.6277726
           162              -0.8721708               1.1549407              -2.2523766
           163              -1.0466050               1.3859290              -1.8769803
           164              -1.2210391               1.6169170              -1.5015843
           165              -1.3954732               1.8479053              -1.1261883
           166              -1.5699074               2.0788934              -0.7507923
           167              -1.7443416               2.3098814              -0.3753963
           168              -1.9187757               2.5408697               0.0000000
           169               0.0000000               0.0000000              -4.1293569
           170              -0.2845241               0.0531868              -3.7539608
           171              -0.5690482               0.1063735              -3.3785648
           172              -0.8535723               0.1595603              -3.0031686
           173              -1.1380965               0.2127471              -2.6277726
           174              -1.4226207               0.2659339              -2.2523766
           175              -1.7071446               0.3191206              -1.8769803
           176              -1.9916688               0.3723074              -1.5015843
           177              -2.2761929               0.4254942              -1.1261883
           178              -2.5607169               0.4786810              -0.7507923
           179              -2.8452413               0.5318677              -0.3753963
           180              -3.1297653               0.5850545               0.0000000
           181               0.0000000               0.0000000              -4.1293569
           182              -0.2460976               0.1523771              -3.7539608
           183              -0.4921951               0.3047543              -3.3785648
           184              -0.7382927               0.4571315              -3.0031686
           185              -0.9843903               0.6095086              -2.6277726
           186              -1.2304878               0.7618857              -2.2523766
           187              -1.4765854               0.9142630              -1.8769803
           188              -1.7226830               1.0666400              -1.5015843
           189              -1.9687805               1.2190171              -1.1261883
           190              -2.2148781               1.3713943              -0.7507923
           191              -2.4609756               1.5237714              -0.3753963
           192              -2.7070732               1.6761487               0.0000000
           193               0.0000000               0.0000000              -4.1293569
           194              -0.2845241              -0.0531868              -3.7539608
           195              -0.5690482              -0.1063735              -3.3785648
           196              -0.8535723              -0.1595603              -3.0031686
           197              -1.1380965              -0.2127471              -2.6277726
           198              -1.4226207              -0.2659339              -2.2523766
           199              -1.7071446              -0.3191206              -1.8769803
           200              -1.9916688              -0.3723074              -1.5015843
           201              -2.2761929              -0.4254942              -1.1261883
           202              -2.5607169              -0.4786810              -0.7507923
           203              -2.8452413              -0.5318677              -0.3753963
           204              -3.1297653              -0.5850545               0.0000000
           205               0.0000000               0.0000000              -4.1293569
           206              -0.2845241               0.0531868              -3.7539608
           207              -0.5690482               0.1063735              -3.3785648
           208              -0.8535723               0.1595603              -3.0031686
           209              -1.1380965               0.2127471              -2.6277726
           210              -1.4226207               0.2659339              -2.2523766
           211              -1.7071446               0.3191206              -1.8769803
           212              -1.9916688               0.3723074              -1.5015843
           213              -2.2761929               0.4254942              -1.1261883
           214              -2.5607169               0.4786810              -0.7507923
           215              -2.8452413               0.5318677              -0.3753963
           216              -3.1297653               0.5850545               0.0000000
           217               0.0000000               0.0000000              -4.1293569
           218              -0.2460976              -0.1523771              -3.7539608
           219              -0.4921951              -0.3047543              -3.3785648
           220              -0.7382927              -0.4571315              -3.0031686
           221              -0.9843903              -0.6095086              -2.6277726
           222              -1.2304878              -0.7618857              -2.2523766
           223              -1.4765854              -0.9142630              -1.8769803
           224              -1.7226830              -1.0666400              -1.5015843
           225              -1.9687805              -1.2190171              -1.1261883
           226              -2.2148781              -1.3713943              -0.7507923
           227              -2.4609756              -1.5237714              -0.3753963
           228              -2.7070732              -1.6761487               0.0000000
           229               0.0000000               0.0000000              -4.1293569
           230              -0.2845241              -0.0531868              -3.7539608
           231              -0.5690482              -0.1063735              -3.3785648
           232              -0.8535723              -0.1595603              -3.0031686
           233              -1.1380965              -0.2127471              -2.6277726
           234              -1.4226207              -0.2659339              -2.2523766
           235              -1.7071446              -0.3191206              -1.8769803
           236              -1.9916688              -0.3723074              -1.5015843
           237              -2.2761929              -0.4254942              -1.1261883
           238              -2.5607169              -0.4786810              -0.7507923
           239              -2.8452413              -0.5318677              -0.3753963
           240              -3.1297653              -0.5850545               0.0000000
           241               0.0000000               0.0000000              -4.1293569
           242              -0.1744342              -0.2309882              -3.7539608
           243              -0.3488683              -0.4619763              -3.3785648
           244              -0.5233025              -0.6929645              -3.0031686
           245              -0.6977366              -0.9239526              -2.6277726
           246              -0.8721708              -1.1549407              -2.2523766
           247              -1.0466050              -1.3859290              -1.8769803
           248              -1.2210391              -1.6169170              -1.5015843
           249              -1.3954732              -1.8479053              -1.1261883
           250              -1.5699074              -2.0788934              -0.7507923
           251              -1.7443416              -2.3098814              -0.3753963
           252              -1.9187757              -2.5408697               0.0000000
           253               0.0000000               0.0000000              -4.1293569
           254              -0.2460976              -0.1523771              -3.7539608
           255              -0.4921951              -0.3047543              -3.3785648
           256              -0.7382927              -0.4571315              -3.0031686
           257              -0.9843903              -0.6095086              -2.6277726
           258              -1.2304878              -0.7618857              -2.2523766
           259              -1.4765854              -0.9142630              -1.8769803
           260              -1.7226830              -1.0666400              -1.5015843
           261              -1.9687805              -1.2190171              -1.1261883
           262              -2.2148781              -1.3713943              -0.7507923
           263              -2.4609756              -1.5237714              -0.3753963
           264              -2.7070732              -1.6761487               0.0000000
           265               0.0000000               0.0000000              -4.1293569
           266              -0.0792125              -0.2784029              -3.7539608
           267              -0.1584249              -0.5568058              -3.3785648
           268              -0.2376374              -0.8352088              -3.0031686
           269              -0.3168499              -1.1136117              -2.6277726
           270              -0.3960623              -1.3920146              -2.2523766
           271              -0.4752748              -1.6704177              -1.8769803
           272              -0.5544873              -1.9488206              -1.5015843
           273              -0.6336997              -2.2272234              -1.1261883
           274              -0.7129121              -2.5056264              -0.7507923
           275              -0.7921247              -2.7840292              -0.3753963
           276              -0.8713371              -3.0624323               0.0000000
           277               0.0000000               0.0000000              -4.1293569
           278              -0.1744342              -0.2309882              -3.7539608
           279              -0.3488683              -0.4619763              -3.3785648
           280              -0.5233025              -0.6929645              -3.0031686
           281              -0.6977367              -0.9239526              -2.6277726
           282              -0.8721708              -1.1549407              -2.2523766
           283              -1.0466050              -1.3859290              -1.8769803
           284              -1.2210392              -1.6169170              -1.5015843
           285              -1.3954734              -1.8479053              -1.1261883
           286              -1.5699074              -2.0788934              -0.7507923
           287              -1.7443416              -2.3098814              -0.3753963
           288              -1.9187757              -2.5408697               0.0000000
           289               0.0000000               0.0000000              -4.1293569
           290               0.0267073              -0.2882178              -3.7539608
           291               0.0534146              -0.5764356              -3.3785648
           292               0.0801220              -0.8646535              -3.0031686
           293               0.1068293              -1.1528713              -2.6277726
           294               0.1335366              -1.4410892              -2.2523766
           295               0.1602439              -1.7293071              -1.8769803
           296               0.1869512              -2.0175247              -1.5015843
           297               0.2136586              -2.3057425              -1.1261883
           298               0.2403659              -2.5939605              -0.7507923
           299               0.2670732              -2.8821783              -0.3753963
           300               0.2937805              -3.1703959               0.0000000
           301               0.0000000               0.0000000              -4.1293569
           302              -0.0792125              -0.2784029              -3.7539608
           303              -0.1584249              -0.5568058              -3.3785648
           304              -0.2376374              -0.8352088              -3.0031686
           305              -0.3168499              -1.1136117              -2.6277726
           306              -0.3960623              -1.3920146              -2.2523766
           307              -0.4752748              -1.6704177              -1.8769803
           308              -0.5544873              -1.9488206              -1.5015843
           309              -0.6336997              -2.2272234              -1.1261883
           310              -0.7129121              -2.5056264              -0.7507923
           311              -0.7921247              -2.7840292              -0.3753963
           312              -0.8713371              -3.0624323               0.0000000
           313               0.0000000               0.0000000              -4.1293569
           314               0.1290201              -0.2591073              -3.7539608
           315               0.2580402              -0.5182146              -3.3785648
           316               0.3870603              -0.7773220              -3.0031686
           317               0.5160804              -1.0364293              -2.6277726
           318               0.6451006              -1.2955366              -2.2523766
           319               0.7741207              -1.5546440              -1.8769803
           320               0.9031408              -1.8137512              -1.5015843
           321               1.0321609              -2.0728586              -1.1261883
           322               1.1611810              -2.3319662              -0.7507923
           323               1.2902012              -2.5910733              -0.3753963
           324               1.4192213              -2.8501806               0.0000000
           325               0.0000000               0.0000000              -4.1293569
           326               0.0267073              -0.2882178              -3.7539608
           327               0.0534146              -0.5764356              -3.3785648
           328               0.0801219              -0.8646535              -3.0031686
           329               0.1068293              -1.1528713              -2.6277726
           330               0.1335366              -1.4410892              -2.2523766
           331               0.1602439              -1.7293071              -1.8769803
           332               0.1869512              -2.0175247              -1.5015843
           333               0.2136585              -2.3057425              -1.1261883
           334               0.2403658              -2.5939605              -0.7507923
           335               0.2670731              -2.8821783              -0.3753963
           336               0.2937804              -3.1703959               0.0000000
           337               0.0000000               0.0000000              -4.1293569
           338               0.2139080              -0.1950029              -3.7539608
           339               0.4278161              -0.3900059              -3.3785648
           340               0.6417242              -0.5850089              -3.0031686
           341               0.8556322              -0.7800118              -2.6277726
           342               1.0695401              -0.9750147              -2.2523766
           343               1.2834483              -1.1700177              -1.8769803
           344               1.4973563              -1.3650206              -1.5015843
           345               1.7112644              -1.5600235              -1.1261883
           346               1.9251724              -1.7550266              -0.7507923
           347               2.1390803              -1.9500295              -0.3753963
           348               2.3529885              -2.1450324               0.0000000
           349               0.0000000               0.0000000              -4.1293569
           350               0.1290201              -0.2591073              -3.7539608
           351               0.2580402              -0.5182146              -3.3785648
           352               0.3870603              -0.7773220              -3.0031686
           353               0.5160804              -1.0364293              -2.6277726
           354               0.6451006              -1.2955366              -2.2523766
           355               0.7741207              -1.5546440              -1.8769803
           356               0.9031408              -1.8137512              -1.5015843
           357               1.0321609              -2.0728586              -1.1261883
           358               1.1611810              -2.3319662              -0.7507923
           359               1.2902012              -2.5910733              -0.3753963
           360               1.4192213              -2.8501806               0.0000000
           361               0.0000000               0.0000000              -4.1293569
           362               0.2699065              -0.1045623              -3.7539608
           363               0.5398130              -0.2091247              -3.3785648
           364               0.8097195              -0.3136870              -3.0031686
           365               1.0796260              -0.4182493              -2.6277726
           366               1.3495325              -0.5228117              -2.2523766
           367               1.6194390              -0.6273741              -1.8769803
           368               1.8893455              -0.7319364              -1.5015843
           369               2.1592519              -0.8364987              -1.1261883
           370               2.4291584              -0.9410610              -0.7507923
           371               2.6990650              -1.0456233              -0.3753963
           372               2.9689715              -1.1501857               0.0000000
           373               0.0000000               0.0000000              -4.1293569
           374               0.2139080              -0.1950029              -3.7539608
           375               0.4278161              -0.3900059              -3.3785648
           376               0.6417242              -0.5850089              -3.0031686
           377               0.8556322              -0.7800118              -2.6277726
           378               1.0695401              -0.9750147              -2.2523766
           379               1.2834483              -1.1700177              -1.8769803
           380               1.4973563              -1.3650206              -1.5015843
           381               1.7112644              -1.5600235              -1.1261883
           382               1.9251724              -1.7550266              -0.7507923
           383               2.1390803              -1.9500295              -0.3753963
           384               2.3529885              -2.1450324               0.0000000
           385               0.0000000               0.0000000              -4.1293569
           386               0.2894526               0.0000000              -3.7539608
           387               0.5789052               0.0000000              -3.3785648
           388               0.8683577               0.0000000              -3.0031686
           389               1.1578103               0.0000000              -2.6277726
           390               1.4472630               0.0000000              -2.2523766
           391               1.7367154               0.0000000              -1.8769803
           392               2.0261681               0.0000000              -1.5015843
           393               2.3156207               0.0000000              -1.1261883
           394               2.6050735               0.0000000              -0.7507923
           395               2.8945260               0.0000000              -0.3753963
           396               3.1839788               0.0000000               0.0000000
           397               0.0000000               0.0000000              -4.1293569
           398               0.2699065              -0.1045623              -3.7539608
           399               0.5398130              -0.2091247              -3.3785648
           400               0.8097195              -0.3136870              -3.0031686
           401               1.0796260              -0.4182493              -2.6277726
           402               1.3495325              -0.5228117              -2.2523766
           403               1.6194390              -0.6273741              -1.8769803
           404               1.8893455              -0.7319364              -1.5015843
           405               2.1592519              -0.8364987              -1.1261883
           406               2.4291584              -0.9410610              -0.7507923
           407               2.6990650              -1.0456233              -0.3753963
           408               2.9689715              -1.1501857               0.0000000
             0          0.00          0.00          0.00
               1               2              14              13
               2               3              15              14
               3               4              16              15
               4               5              17              16
               5               6              18              17
               6               7              19              18
               7               8              20              19
               8               9              21              20
               9              10              22              21
              10              11              23              22
              11              12              24              23
              25              26              38              37
              26              27              39              38
              27              28              40              39
              28              29              41              40
              29              30              42              41
              30              31              43              42
              31              32              44              43
              32              33              45              44
              33              34              46              45
              34              35              47              46
              35              36              48              47
              49              50              62              61
              50              51              63              62
              51              52              64              63
              52              53              65              64
              53              54              66              65
              54              55              67              66
              55              56              68              67
              56              57              69              68
              57              58              70              69
              58              59              71              70
              59              60              72              71
              73              74              86              85
              74              75              87              86
              75              76              88              87
              76              77              89              88
              77              78              90              89
              78              79              91              90
              79              80              92              91
              80              81              93              92
              81              82              94              93
              82              83              95              94
              83              84              96              95
              97              98             110             109
              98              99             111             110
              99             100             112             111
             100             101             113             112
             101             102             114             113
             102             103             115             114
             103             104             116             115
             104             105             117             116
             105             106             118             117
             106             107             119             118
             107             108             120             119
             121             122             134             133
             122             123             135             134
             123             124             136             135
             124             125             137             136
             125             126             138             137
             126             127             139             138
             127             128             140             139
             128             129             141             140
             129             130             142             141
             130             131             143             142
             131             132             144             143
             145             146             158             157
             146             147             159             158
             147             148             160             159
             148             149             161             160
             149             150             162             161
             150             151             163             162
             151             152             164             163
             152             153             165             164
             153             154             166             165
             154             155             167             166
             155             156             168             167
             169             170             182             181
             170             171             183             182
             171             172             184             183
             172             173             185             184
             173             174             186             185
             174             175             187             186
             175             176             188             187
             176             177             189             188
             177             178             190             189
             178             179             191             190
             179             180             192             191
             193             194             206             205
             194             195             207             206
             195             196             208             207
             196             197             209             208
             197             198             210             209
             198             199             211             210
             199             200             212             211
             200             201             213             212
             201             202             214             213
             202             203             215             214
             203             204             216             215
             217             218             230             229
             218             219             231             230
             219             220             232             231
             220             221             233             232
             221             222             234             233
             222             223             235             234
             223             224             236             235
             224             225             237             236
             225             226             238             237
             226             227             239             238
             227             228             240             239
             241             242             254             253
             242             243             255             254
             243             244             256             255
             244             245             257             256
             245             246             258             257
             246             247             259             258
             247             248             260             259
             248             249             261             260
             249             250             262             261
             250             251             263             262
             251             252             264             263
             265             266             278             277
             266             267             279             278
             267             268             280             279
             268             269             281             280
             269             270             282             281
             270             271             283             282
             271             272             284             283
             272             273             285             284
             273             274             286             285
             274             275             287             286
             275             276             288             287
             289             290             302             301
             290             291             303             302
             291             292             304             303
             292             293             305             304
             293             294             306             305
             294             295             307             306
             295             296             308             307
             296             297             309             308
             297             298             310             309
             298             299             311             310
             299             300             312             311
             313             314             326             325
             314             315             327             326
             315             316             328             327
             316             317             329             328
             317             318             330             329
             318             319             331             330
             319             320             332             331
             320             321             333             332
             321             322             334             333
             322             323             335             334
             323             324             336             335
             337             338             350             349
             338             339             351             350
             339             340             352             351
             340             341             353             352
             341             342             354             353
             342             343             355             354
             343             344             356             355
             344             345             357             356
             345             346             358             357
             346             347             359             358
             347             348             360             359
             361             362             374             373
             362             363             375             374
             363             364             376             375
             364             365             377             376
             365             366             378             377
             366             367             379             378
             367             368             380             379
             368             369             381             380
             369             370             382             381
             370             371             383             382
             371             372             384             383
             385             386             398             397
             386             387             399             398
             387             388             400             399
             388             389             401             400
             389             390             402             401
             390             391             403             402
             391             392             404             403
             392             393             405             404
             393             394             406             405
             394             395             407             406
             395             396             408             407
          0          0          0          0
