                    2          0
             1               2.1871996               0.8473256              -3.0348518
             2               2.1871996               0.8473256              -2.2761388
             3               2.1871996               0.8473256              -1.5174259
             4               2.1871996               0.8473256              -0.7587130
             5               2.1871996               0.8473256               0.0000000
             6               2.2663958               0.4236628              -3.0348518
             7               2.2663958               0.4236628              -2.2761388
             8               2.2663958               0.4236628              -1.5174259
             9               2.2663958               0.4236628              -0.7587130
            10               2.2663958               0.4236628               0.0000000
            11               2.3455920               0.0000000              -3.0348518
            12               2.3455920               0.0000000              -2.2761388
            13               2.3455920               0.0000000              -1.5174259
            14               2.3455920               0.0000000              -0.7587130
            15               2.3455920               0.0000000               0.0000000
            16               1.7334135               1.5802152              -3.0348518
            17               1.7334135               1.5802152              -2.2761388
            18               1.7334135               1.5802152              -1.5174259
            19               1.7334135               1.5802152              -0.7587130
            20               1.7334135               1.5802152               0.0000000
            21               1.9603065               1.2137704              -3.0348518
            22               1.9603065               1.2137704              -2.2761388
            23               1.9603065               1.2137704              -1.5174259
            24               1.9603065               1.2137704              -0.7587130
            25               1.9603065               1.2137704               0.0000000
            26               2.1871996               0.8473256              -3.0348518
            27               2.1871996               0.8473256              -2.2761388
            28               2.1871996               0.8473256              -1.5174259
            29               2.1871996               0.8473256              -0.7587130
            30               2.1871996               0.8473256               0.0000000
            31               1.0455204               2.0996878              -3.0348518
            32               1.0455204               2.0996878              -2.2761388
            33               1.0455204               2.0996878              -1.5174259
            34               1.0455204               2.0996878              -0.7587130
            35               1.0455204               2.0996878               0.0000000
            36               1.3894670               1.8399515              -3.0348518
            37               1.3894670               1.8399515              -2.2761388
            38               1.3894670               1.8399515              -1.5174259
            39               1.3894670               1.8399515              -0.7587130
            40               1.3894670               1.8399515               0.0000000
            41               1.7334135               1.5802152              -3.0348518
            42               1.7334135               1.5802152              -2.2761388
            43               1.7334135               1.5802152              -1.5174259
            44               1.7334135               1.5802152              -0.7587130
            45               1.7334135               1.5802152               0.0000000
            46               0.2164239               2.3355863              -3.0348518
            47               0.2164239               2.3355863              -2.2761388
            48               0.2164239               2.3355863              -1.5174259
            49               0.2164239               2.3355863              -0.7587130
            50               0.2164239               2.3355863               0.0000000
            51               0.6309721               2.2176371              -3.0348518
            52               0.6309721               2.2176371              -2.2761388
            53               0.6309721               2.2176371              -1.5174259
            54               0.6309721               2.2176371              -0.7587130
            55               0.6309721               2.2176371               0.0000000
            56               1.0455204               2.0996878              -3.0348518
            57               1.0455204               2.0996878              -2.2761388
            58               1.0455204               2.0996878              -1.5174259
            59               1.0455204               2.0996878              -0.7587130
            60               1.0455204               2.0996878               0.0000000
            61              -0.6419017               2.2560506              -3.0348518
            62              -0.6419017               2.2560506              -2.2761388
            63              -0.6419017               2.2560506              -1.5174259
            64              -0.6419017               2.2560506              -0.7587130
            65              -0.6419017               2.2560506               0.0000000
            66              -0.2127389               2.2958183              -3.0348518
            67              -0.2127389               2.2958183              -2.2761388
            68              -0.2127389               2.2958183              -1.5174259
            69              -0.2127389               2.2958183              -0.7587130
            70              -0.2127389               2.2958183               0.0000000
            71               0.2164239               2.3355863              -3.0348518
            72               0.2164239               2.3355863              -2.2761388
            73               0.2164239               2.3355863              -1.5174259
            74               0.2164239               2.3355863              -0.7587130
            75               0.2164239               2.3355863               0.0000000
            76              -1.4135350               1.8718230              -3.0348518
            77              -1.4135350               1.8718230              -2.2761388
            78              -1.4135350               1.8718230              -1.5174259
            79              -1.4135350               1.8718230              -0.7587130
            80              -1.4135350               1.8718230               0.0000000
            81              -1.0277183               2.0639367              -3.0348518
            82              -1.0277183               2.0639367              -2.2761388
            83              -1.0277183               2.0639367              -1.5174259
            84              -1.0277183               2.0639367              -0.7587130
            85              -1.0277183               2.0639367               0.0000000
            86              -0.6419017               2.2560506              -3.0348518
            87              -0.6419017               2.2560506              -2.2761388
            88              -0.6419017               2.2560506              -1.5174259
            89              -0.6419017               2.2560506              -0.7587130
            90              -0.6419017               2.2560506               0.0000000
            91              -1.9942626               1.2347951              -3.0348518
            92              -1.9942626               1.2347951              -2.2761388
            93              -1.9942626               1.2347951              -1.5174259
            94              -1.9942626               1.2347951              -0.7587130
            95              -1.9942626               1.2347951               0.0000000
            96              -1.7038988               1.5533090              -3.0348518
            97              -1.7038988               1.5533090              -2.2761388
            98              -1.7038988               1.5533090              -1.5174259
            99              -1.7038988               1.5533090              -0.7587130
           100              -1.7038988               1.5533090               0.0000000
           101              -1.4135350               1.8718230              -3.0348518
           102              -1.4135350               1.8718230              -2.2761388
           103              -1.4135350               1.8718230              -1.5174259
           104              -1.4135350               1.8718230              -0.7587130
           105              -1.4135350               1.8718230               0.0000000
           106              -2.3056538               0.4310014              -3.0348518
           107              -2.3056538               0.4310014              -2.2761388
           108              -2.3056538               0.4310014              -1.5174259
           109              -2.3056538               0.4310014              -0.7587130
           110              -2.3056538               0.4310014               0.0000000
           111              -2.1499581               0.8328983              -3.0348518
           112              -2.1499581               0.8328983              -2.2761388
           113              -2.1499581               0.8328983              -1.5174259
           114              -2.1499581               0.8328983              -0.7587130
           115              -2.1499581               0.8328983               0.0000000
           116              -1.9942626               1.2347951              -3.0348518
           117              -1.9942626               1.2347951              -2.2761388
           118              -1.9942626               1.2347951              -1.5174259
           119              -1.9942626               1.2347951              -0.7587130
           120              -1.9942626               1.2347951               0.0000000
           121              -2.3056538              -0.4310014              -3.0348518
           122              -2.3056538              -0.4310014              -2.2761388
           123              -2.3056538              -0.4310014              -1.5174259
           124              -2.3056538              -0.4310014              -0.7587130
           125              -2.3056538              -0.4310014               0.0000000
           126              -2.3056538               0.0000000              -3.0348518
           127              -2.3056538               0.0000000              -2.2761388
           128              -2.3056538               0.0000000              -1.5174259
           129              -2.3056538               0.0000000              -0.7587130
           130              -2.3056538               0.0000000               0.0000000
           131              -2.3056538               0.4310014              -3.0348518
           132              -2.3056538               0.4310014              -2.2761388
           133              -2.3056538               0.4310014              -1.5174259
           134              -2.3056538               0.4310014              -0.7587130
           135              -2.3056538               0.4310014               0.0000000
           136              -1.9942626              -1.2347951              -3.0348518
           137              -1.9942626              -1.2347951              -2.2761388
           138              -1.9942626              -1.2347951              -1.5174259
           139              -1.9942626              -1.2347951              -0.7587130
           140              -1.9942626              -1.2347951               0.0000000
           141              -2.1499581              -0.8328983              -3.0348518
           142              -2.1499581              -0.8328983              -2.2761388
           143              -2.1499581              -0.8328983              -1.5174259
           144              -2.1499581              -0.8328983              -0.7587130
           145              -2.1499581              -0.8328983               0.0000000
           146              -2.3056538              -0.4310014              -3.0348518
           147              -2.3056538              -0.4310014              -2.2761388
           148              -2.3056538              -0.4310014              -1.5174259
           149              -2.3056538              -0.4310014              -0.7587130
           150              -2.3056538              -0.4310014               0.0000000
           151              -1.4135350              -1.8718230              -3.0348518
           152              -1.4135350              -1.8718230              -2.2761388
           153              -1.4135350              -1.8718230              -1.5174259
           154              -1.4135350              -1.8718230              -0.7587130
           155              -1.4135350              -1.8718230               0.0000000
           156              -1.7038988              -1.5533090              -3.0348518
           157              -1.7038988              -1.5533090              -2.2761388
           158              -1.7038988              -1.5533090              -1.5174259
           159              -1.7038988              -1.5533090              -0.7587130
           160              -1.7038988              -1.5533090               0.0000000
           161              -1.9942626              -1.2347951              -3.0348518
           162              -1.9942626              -1.2347951              -2.2761388
           163              -1.9942626              -1.2347951              -1.5174259
           164              -1.9942626              -1.2347951              -0.7587130
           165              -1.9942626              -1.2347951               0.0000000
           166              -0.6419017              -2.2560506              -3.0348518
           167              -0.6419017              -2.2560506              -2.2761388
           168              -0.6419017              -2.2560506              -1.5174259
           169              -0.6419017              -2.2560506              -0.7587130
           170              -0.6419017              -2.2560506               0.0000000
           171              -1.0277183              -2.0639367              -3.0348518
           172              -1.0277183              -2.0639367              -2.2761388
           173              -1.0277183              -2.0639367              -1.5174259
           174              -1.0277183              -2.0639367              -0.7587130
           175              -1.0277183              -2.0639367               0.0000000
           176              -1.4135350              -1.8718230              -3.0348518
           177              -1.4135350              -1.8718230              -2.2761388
           178              -1.4135350              -1.8718230              -1.5174259
           179              -1.4135350              -1.8718230              -0.7587130
           180              -1.4135350              -1.8718230               0.0000000
           181               0.2164239              -2.3355863              -3.0348518
           182               0.2164239              -2.3355863              -2.2761388
           183               0.2164239              -2.3355863              -1.5174259
           184               0.2164239              -2.3355863              -0.7587130
           185               0.2164239              -2.3355863               0.0000000
           186              -0.2127389              -2.2958183              -3.0348518
           187              -0.2127389              -2.2958183              -2.2761388
           188              -0.2127389              -2.2958183              -1.5174259
           189              -0.2127389              -2.2958183              -0.7587130
           190              -0.2127389              -2.2958183               0.0000000
           191              -0.6419017              -2.2560506              -3.0348518
           192              -0.6419017              -2.2560506              -2.2761388
           193              -0.6419017              -2.2560506              -1.5174259
           194              -0.6419017              -2.2560506              -0.7587130
           195              -0.6419017              -2.2560506               0.0000000
           196               1.0455204              -2.0996878              -3.0348518
           197               1.0455204              -2.0996878              -2.2761388
           198               1.0455204              -2.0996878              -1.5174259
           199               1.0455204              -2.0996878              -0.7587130
           200               1.0455204              -2.0996878               0.0000000
           201               0.6309721              -2.2176371              -3.0348518
           202               0.6309721              -2.2176371              -2.2761388
           203               0.6309721              -2.2176371              -1.5174259
           204               0.6309721              -2.2176371              -0.7587130
           205               0.6309721              -2.2176371               0.0000000
           206               0.2164239              -2.3355863              -3.0348518
           207               0.2164239              -2.3355863              -2.2761388
           208               0.2164239              -2.3355863              -1.5174259
           209               0.2164239              -2.3355863              -0.7587130
           210               0.2164239              -2.3355863               0.0000000
           211               1.7334135              -1.5802152              -3.0348518
           212               1.7334135              -1.5802152              -2.2761388
           213               1.7334135              -1.5802152              -1.5174259
           214               1.7334135              -1.5802152              -0.7587130
           215               1.7334135              -1.5802152               0.0000000
           216               1.3894670              -1.8399515              -3.0348518
           217               1.3894670              -1.8399515              -2.2761388
           218               1.3894670              -1.8399515              -1.5174259
           219               1.3894670              -1.8399515              -0.7587130
           220               1.3894670              -1.8399515               0.0000000
           221               1.0455204              -2.0996878              -3.0348518
           222               1.0455204              -2.0996878              -2.2761388
           223               1.0455204              -2.0996878              -1.5174259
           224               1.0455204              -2.0996878              -0.7587130
           225               1.0455204              -2.0996878               0.0000000
           226               2.1871996              -0.8473256              -3.0348518
           227               2.1871996              -0.8473256              -2.2761388
           228               2.1871996              -0.8473256              -1.5174259
           229               2.1871996              -0.8473256              -0.7587130
           230               2.1871996              -0.8473256               0.0000000
           231               1.9603065              -1.2137704              -3.0348518
           232               1.9603065              -1.2137704              -2.2761388
           233               1.9603065              -1.2137704              -1.5174259
           234               1.9603065              -1.2137704              -0.7587130
           235               1.9603065              -1.2137704               0.0000000
           236               1.7334135              -1.5802152              -3.0348518
           237               1.7334135              -1.5802152              -2.2761388
           238               1.7334135              -1.5802152              -1.5174259
           239               1.7334135              -1.5802152              -0.7587130
           240               1.7334135              -1.5802152               0.0000000
           241               2.3455920               0.0000000              -3.0348518
           242               2.3455920               0.0000000              -2.2761388
           243               2.3455920               0.0000000              -1.5174259
           244               2.3455920               0.0000000              -0.7587130
           245               2.3455920               0.0000000               0.0000000
           246               2.2663958              -0.4236628              -3.0348518
           247               2.2663958              -0.4236628              -2.2761388
           248               2.2663958              -0.4236628              -1.5174259
           249               2.2663958              -0.4236628              -0.7587130
           250               2.2663958              -0.4236628               0.0000000
           251               2.1871996              -0.8473256              -3.0348518
           252               2.1871996              -0.8473256              -2.2761388
           253               2.1871996              -0.8473256              -1.5174259
           254               2.1871996              -0.8473256              -0.7587130
           255               2.1871996              -0.8473256               0.0000000
           256               0.0000000               0.0000000              -3.0348518
           257               0.0000000               0.0000000              -3.0348518
           258               0.7818640               0.0000000              -3.0348518
           259               0.7290666               0.2824419              -3.0348518
           260               1.5637280               0.0000000              -3.0348518
           261               1.4581331               0.5648838              -3.0348518
           262               2.3455920               0.0000000              -3.0348518
           263               2.1871996               0.8473256              -3.0348518
           264               0.0000000               0.0000000              -3.0348518
           265               0.0000000               0.0000000              -3.0348518
           266               0.7290666               0.2824419              -3.0348518
           267               0.5778045               0.5267384              -3.0348518
           268               1.4581331               0.5648838              -3.0348518
           269               1.1556090               1.0534768              -3.0348518
           270               2.1871996               0.8473256              -3.0348518
           271               1.7334133               1.5802151              -3.0348518
           272               0.0000000               0.0000000              -3.0348518
           273               0.0000000               0.0000000              -3.0348518
           274               0.5778045               0.5267384              -3.0348518
           275               0.3485068               0.6998959              -3.0348518
           276               1.1556090               1.0534768              -3.0348518
           277               0.6970136               1.3997918              -3.0348518
           278               1.7334133               1.5802151              -3.0348518
           279               1.0455204               2.0996878              -3.0348518
           280               0.0000000               0.0000000              -3.0348518
           281               0.0000000               0.0000000              -3.0348518
           282               0.3485068               0.6998959              -3.0348518
           283               0.0721413               0.7785287              -3.0348518
           284               0.6970136               1.3997918              -3.0348518
           285               0.1442826               1.5570575              -3.0348518
           286               1.0455204               2.0996878              -3.0348518
           287               0.2164239               2.3355863              -3.0348518
           288               0.0000000               0.0000000              -3.0348518
           289               0.0000000               0.0000000              -3.0348518
           290               0.0721413               0.7785287              -3.0348518
           291              -0.2139672               0.7520168              -3.0348518
           292               0.1442826               1.5570575              -3.0348518
           293              -0.4279345               1.5040337              -3.0348518
           294               0.2164239               2.3355863              -3.0348518
           295              -0.6419017               2.2560506              -3.0348518
           296               0.0000000               0.0000000              -3.0348518
           297               0.0000000               0.0000000              -3.0348518
           298              -0.2139672               0.7520168              -3.0348518
           299              -0.4711783               0.6239410              -3.0348518
           300              -0.4279344               1.5040337              -3.0348518
           301              -0.9423566               1.2478820              -3.0348518
           302              -0.6419017               2.2560506              -3.0348518
           303              -1.4135350               1.8718230              -3.0348518
           304               0.0000000               0.0000000              -3.0348518
           305               0.0000000               0.0000000              -3.0348518
           306              -0.4711783               0.6239410              -3.0348518
           307              -0.6647542               0.4115984              -3.0348518
           308              -0.9423566               1.2478820              -3.0348518
           309              -1.3295084               0.8231967              -3.0348518
           310              -1.4135350               1.8718230              -3.0348518
           311              -1.9942626               1.2347951              -3.0348518
           312               0.0000000               0.0000000              -3.0348518
           313               0.0000000               0.0000000              -3.0348518
           314              -0.6647542               0.4115984              -3.0348518
           315              -0.7685513               0.1436671              -3.0348518
           316              -1.3295084               0.8231967              -3.0348518
           317              -1.5371026               0.2873343              -3.0348518
           318              -1.9942626               1.2347951              -3.0348518
           319              -2.3056538               0.4310014              -3.0348518
           320               0.0000000               0.0000000              -3.0348518
           321               0.0000000               0.0000000              -3.0348518
           322              -0.7685513               0.1436671              -3.0348518
           323              -0.7685513              -0.1436671              -3.0348518
           324              -1.5371026               0.2873343              -3.0348518
           325              -1.5371026              -0.2873343              -3.0348518
           326              -2.3056538               0.4310014              -3.0348518
           327              -2.3056538              -0.4310014              -3.0348518
           328               0.0000000               0.0000000              -3.0348518
           329               0.0000000               0.0000000              -3.0348518
           330              -0.7685513              -0.1436671              -3.0348518
           331              -0.6647542              -0.4115984              -3.0348518
           332              -1.5371026              -0.2873343              -3.0348518
           333              -1.3295084              -0.8231967              -3.0348518
           334              -2.3056538              -0.4310014              -3.0348518
           335              -1.9942626              -1.2347951              -3.0348518
           336               0.0000000               0.0000000              -3.0348518
           337               0.0000000               0.0000000              -3.0348518
           338              -0.6647542              -0.4115984              -3.0348518
           339              -0.4711783              -0.6239410              -3.0348518
           340              -1.3295084              -0.8231967              -3.0348518
           341              -0.9423566              -1.2478820              -3.0348518
           342              -1.9942626              -1.2347951              -3.0348518
           343              -1.4135350              -1.8718230              -3.0348518
           344               0.0000000               0.0000000              -3.0348518
           345               0.0000000               0.0000000              -3.0348518
           346              -0.4711783              -0.6239410              -3.0348518
           347              -0.2139672              -0.7520168              -3.0348518
           348              -0.9423566              -1.2478820              -3.0348518
           349              -0.4279345              -1.5040337              -3.0348518
           350              -1.4135350              -1.8718230              -3.0348518
           351              -0.6419017              -2.2560506              -3.0348518
           352               0.0000000               0.0000000              -3.0348518
           353               0.0000000               0.0000000              -3.0348518
           354              -0.2139672              -0.7520168              -3.0348518
           355               0.0721413              -0.7785287              -3.0348518
           356              -0.4279344              -1.5040337              -3.0348518
           357               0.1442826              -1.5570575              -3.0348518
           358              -0.6419017              -2.2560506              -3.0348518
           359               0.2164239              -2.3355863              -3.0348518
           360               0.0000000               0.0000000              -3.0348518
           361               0.0000000               0.0000000              -3.0348518
           362               0.0721413              -0.7785287              -3.0348518
           363               0.3485068              -0.6998959              -3.0348518
           364               0.1442826              -1.5570575              -3.0348518
           365               0.6970136              -1.3997918              -3.0348518
           366               0.2164239              -2.3355863              -3.0348518
           367               1.0455204              -2.0996878              -3.0348518
           368               0.0000000               0.0000000              -3.0348518
           369               0.0000000               0.0000000              -3.0348518
           370               0.3485068              -0.6998959              -3.0348518
           371               0.5778045              -0.5267384              -3.0348518
           372               0.6970136              -1.3997918              -3.0348518
           373               1.1556090              -1.0534768              -3.0348518
           374               1.0455204              -2.0996878              -3.0348518
           375               1.7334133              -1.5802151              -3.0348518
           376               0.0000000               0.0000000              -3.0348518
           377               0.0000000               0.0000000              -3.0348518
           378               0.5778045              -0.5267384              -3.0348518
           379               0.7290666              -0.2824419              -3.0348518
           380               1.1556090              -1.0534768              -3.0348518
           381               1.4581331              -0.5648838              -3.0348518
           382               1.7334133              -1.5802151              -3.0348518
           383               2.1871996              -0.8473256              -3.0348518
           384               0.0000000               0.0000000              -3.0348518
           385               0.0000000               0.0000000              -3.0348518
           386               0.7290666              -0.2824419              -3.0348518
           387               0.7818640               0.0000000              -3.0348518
           388               1.4581331              -0.5648838              -3.0348518
           389               1.5637280               0.0000000              -3.0348518
           390               2.1871996              -0.8473256              -3.0348518
           391               2.3455920               0.0000000              -3.0348518
             0          0.00          0.00          0.00
               1               2               7               6
               2               3               8               7
               3               4               9               8
               4               5              10               9
               6               7              12              11
               7               8              13              12
               8               9              14              13
               9              10              15              14
              16              17              22              21
              17              18              23              22
              18              19              24              23
              19              20              25              24
              21              22              27              26
              22              23              28              27
              23              24              29              28
              24              25              30              29
              31              32              37              36
              32              33              38              37
              33              34              39              38
              34              35              40              39
              36              37              42              41
              37              38              43              42
              38              39              44              43
              39              40              45              44
              46              47              52              51
              47              48              53              52
              48              49              54              53
              49              50              55              54
              51              52              57              56
              52              53              58              57
              53              54              59              58
              54              55              60              59
              61              62              67              66
              62              63              68              67
              63              64              69              68
              64              65              70              69
              66              67              72              71
              67              68              73              72
              68              69              74              73
              69              70              75              74
              76              77              82              81
              77              78              83              82
              78              79              84              83
              79              80              85              84
              81              82              87              86
              82              83              88              87
              83              84              89              88
              84              85              90              89
              91              92              97              96
              92              93              98              97
              93              94              99              98
              94              95             100              99
              96              97             102             101
              97              98             103             102
              98              99             104             103
              99             100             105             104
             106             107             112             111
             107             108             113             112
             108             109             114             113
             109             110             115             114
             111             112             117             116
             112             113             118             117
             113             114             119             118
             114             115             120             119
             121             122             127             126
             122             123             128             127
             123             124             129             128
             124             125             130             129
             126             127             132             131
             127             128             133             132
             128             129             134             133
             129             130             135             134
             136             137             142             141
             137             138             143             142
             138             139             144             143
             139             140             145             144
             141             142             147             146
             142             143             148             147
             143             144             149             148
             144             145             150             149
             151             152             157             156
             152             153             158             157
             153             154             159             158
             154             155             160             159
             156             157             162             161
             157             158             163             162
             158             159             164             163
             159             160             165             164
             166             167             172             171
             167             168             173             172
             168             169             174             173
             169             170             175             174
             171             172             177             176
             172             173             178             177
             173             174             179             178
             174             175             180             179
             181             182             187             186
             182             183             188             187
             183             184             189             188
             184             185             190             189
             186             187             192             191
             187             188             193             192
             188             189             194             193
             189             190             195             194
             196             197             202             201
             197             198             203             202
             198             199             204             203
             199             200             205             204
             201             202             207             206
             202             203             208             207
             203             204             209             208
             204             205             210             209
             211             212             217             216
             212             213             218             217
             213             214             219             218
             214             215             220             219
             216             217             222             221
             217             218             223             222
             218             219             224             223
             219             220             225             224
             226             227             232             231
             227             228             233             232
             228             229             234             233
             229             230             235             234
             231             232             237             236
             232             233             238             237
             233             234             239             238
             234             235             240             239
             241             242             247             246
             242             243             248             247
             243             244             249             248
             244             245             250             249
             246             247             252             251
             247             248             253             252
             248             249             254             253
             249             250             255             254
             256             257             259             258
             258             259             261             260
             260             261             263             262
             264             265             267             266
             266             267             269             268
             268             269             271             270
             272             273             275             274
             274             275             277             276
             276             277             279             278
             280             281             283             282
             282             283             285             284
             284             285             287             286
             288             289             291             290
             290             291             293             292
             292             293             295             294
             296             297             299             298
             298             299             301             300
             300             301             303             302
             304             305             307             306
             306             307             309             308
             308             309             311             310
             312             313             315             314
             314             315             317             316
             316             317             319             318
             320             321             323             322
             322             323             325             324
             324             325             327             326
             328             329             331             330
             330             331             333             332
             332             333             335             334
             336             337             339             338
             338             339             341             340
             340             341             343             342
             344             345             347             346
             346             347             349             348
             348             349             351             350
             352             353             355             354
             354             355             357             356
             356             357             359             358
             360             361             363             362
             362             363             365             364
             364             365             367             366
             368             369             371             370
             370             371             373             372
             372             373             375             374
             376             377             379             378
             378             379             381             380
             380             381             383             382
             384             385             387             386
             386             387             389             388
             388             389             391             390
          0          0          0          0
