                    2          0
             1               0.0000000               0.0000000              -9.4309425
             2               0.3201163               0.1240137              -8.5735846
             3               0.6402327               0.2480275              -7.7162256
             4               0.9603490               0.3720412              -6.8588676
             5               1.2804654               0.4960549              -6.0015087
             6               1.6005818               0.6200687              -5.1441503
             7               1.9206980               0.7440825              -4.2867923
             8               2.2408144               0.8680962              -3.4294333
             9               2.5609307               0.9921099              -2.5720754
            10               2.8810472               1.1161237              -1.7147174
            11               3.2011635               1.2401373              -0.8573580
            12               3.5212798               1.3641511               0.0000000
            13               0.0000000               0.0000000              -9.4309425
            14               0.3432986               0.0000000              -8.5735846
            15               0.6865971               0.0000000              -7.7162256
            16               1.0298957               0.0000000              -6.8588676
            17               1.3731942               0.0000000              -6.0015087
            18               1.7164928               0.0000000              -5.1441503
            19               2.0597913               0.0000000              -4.2867923
            20               2.4030898               0.0000000              -3.4294333
            21               2.7463884               0.0000000              -2.5720754
            22               3.0896871               0.0000000              -1.7147174
            23               3.4329855               0.0000000              -0.8573580
            24               3.7762840               0.0000000               0.0000000
            25               0.0000000               0.0000000              -9.4309425
            26               0.2537007               0.2312787              -8.5735846
            27               0.5074014               0.4625575              -7.7162256
            28               0.7611021               0.6938362              -6.8588676
            29               1.0148028               0.9251150              -6.0015087
            30               1.2685034               1.1563938              -5.1441503
            31               1.5222042               1.3876724              -4.2867923
            32               1.7759049               1.6189513              -3.4294333
            33               2.0296056               1.8502300              -2.5720754
            34               2.2833061               2.0815086              -1.7147174
            35               2.5370069               2.3127875              -0.8573580
            36               2.7907076               2.5440662               0.0000000
            37               0.0000000               0.0000000              -9.4309425
            38               0.3201163               0.1240137              -8.5735846
            39               0.6402327               0.2480275              -7.7162256
            40               0.9603490               0.3720412              -6.8588676
            41               1.2804654               0.4960549              -6.0015087
            42               1.6005818               0.6200687              -5.1441503
            43               1.9206980               0.7440825              -4.2867923
            44               2.2408144               0.8680962              -3.4294333
            45               2.5609307               0.9921099              -2.5720754
            46               2.8810472               1.1161237              -1.7147174
            47               3.2011635               1.2401373              -0.8573580
            48               3.5212798               1.3641511               0.0000000
            49               0.0000000               0.0000000              -9.4309425
            50               0.1530213               0.3073083              -8.5735846
            51               0.3060426               0.6146165              -7.7162256
            52               0.4590640               0.9219248              -6.8588676
            53               0.6120853               1.2292330              -6.0015087
            54               0.7651066               1.5365413              -5.1441503
            55               0.9181280               1.8438495              -4.2867923
            56               1.0711493               2.1511579              -3.4294333
            57               1.2241706               2.4584661              -2.5720754
            58               1.3771919               2.7657743              -1.7147174
            59               1.5302132               3.0730827              -0.8573580
            60               1.6832347               3.3803909               0.0000000
            61               0.0000000               0.0000000              -9.4309425
            62               0.2537007               0.2312787              -8.5735846
            63               0.5074014               0.4625575              -7.7162256
            64               0.7611021               0.6938362              -6.8588676
            65               1.0148028               0.9251150              -6.0015087
            66               1.2685034               1.1563938              -5.1441503
            67               1.5222042               1.3876724              -4.2867923
            68               1.7759049               1.6189513              -3.4294333
            69               2.0296056               1.8502300              -2.5720754
            70               2.2833061               2.0815086              -1.7147174
            71               2.5370069               2.3127875              -0.8573580
            72               2.7907076               2.5440662               0.0000000
            73               0.0000000               0.0000000              -9.4309425
            74               0.0316756               0.3418341              -8.5735846
            75               0.0633512               0.6836682              -7.7162256
            76               0.0950268               1.0255023              -6.8588676
            77               0.1267024               1.3673364              -6.0015087
            78               0.1583779               1.7091705              -5.1441503
            79               0.1900536               2.0510046              -4.2867923
            80               0.2217291               2.3928385              -3.4294333
            81               0.2534047               2.7346728              -2.5720754
            82               0.2850803               3.0765069              -1.7147174
            83               0.3167559               3.4183409              -0.8573580
            84               0.3484315               3.7601748               0.0000000
            85               0.0000000               0.0000000              -9.4309425
            86               0.1530213               0.3073083              -8.5735846
            87               0.3060426               0.6146165              -7.7162256
            88               0.4590640               0.9219248              -6.8588676
            89               0.6120853               1.2292330              -6.0015087
            90               0.7651066               1.5365413              -5.1441503
            91               0.9181280               1.8438495              -4.2867923
            92               1.0711493               2.1511579              -3.4294333
            93               1.2241706               2.4584661              -2.5720754
            94               1.3771919               2.7657743              -1.7147174
            95               1.5302132               3.0730827              -0.8573580
            96               1.6832347               3.3803909               0.0000000
            97               0.0000000               0.0000000              -9.4309425
            98              -0.0939481               0.3301933              -8.5735846
            99              -0.1878962               0.6603867              -7.7162256
           100              -0.2818443               0.9905800              -6.8588676
           101              -0.3757924               1.3207734              -6.0015087
           102              -0.4697405               1.6509666              -5.1441503
           103              -0.5636886               1.9811600              -4.2867923
           104              -0.6576367               2.3113534              -3.4294333
           105              -0.7515848               2.6415467              -2.5720754
           106              -0.8455330               2.9717400              -1.7147174
           107              -0.9394810               3.3019333              -0.8573580
           108              -1.0334291               3.6321268               0.0000000
           109               0.0000000               0.0000000              -9.4309425
           110               0.0316756               0.3418341              -8.5735846
           111               0.0633512               0.6836682              -7.7162256
           112               0.0950268               1.0255023              -6.8588676
           113               0.1267024               1.3673364              -6.0015087
           114               0.1583779               1.7091705              -5.1441503
           115               0.1900535               2.0510046              -4.2867923
           116               0.2217291               2.3928385              -3.4294333
           117               0.2534047               2.7346728              -2.5720754
           118               0.2850803               3.0765069              -1.7147174
           119               0.3167559               3.4183409              -0.8573580
           120               0.3484315               3.7601748               0.0000000
           121               0.0000000               0.0000000              -9.4309425
           122              -0.2068836               0.2739582              -8.5735846
           123              -0.4137672               0.5479164              -7.7162256
           124              -0.6206507               0.8218744              -6.8588676
           125              -0.8275343               1.0958327              -6.0015087
           126              -1.0344180               1.3697909              -5.1441503
           127              -1.2413014               1.6437489              -4.2867923
           128              -1.4481851               1.9177071              -3.4294333
           129              -1.6550686               2.1916654              -2.5720754
           130              -1.8619522               2.4656236              -1.7147174
           131              -2.0688360               2.7395818              -0.8573580
           132              -2.2757194               3.0135398               0.0000000
           133               0.0000000               0.0000000              -9.4309425
           134              -0.0939481               0.3301933              -8.5735846
           135              -0.1878962               0.6603867              -7.7162256
           136              -0.2818443               0.9905800              -6.8588676
           137              -0.3757924               1.3207734              -6.0015087
           138              -0.4697405               1.6509666              -5.1441503
           139              -0.5636886               1.9811600              -4.2867923
           140              -0.6576367               2.3113534              -3.4294333
           141              -0.7515848               2.6415467              -2.5720754
           142              -0.8455330               2.9717400              -1.7147174
           143              -0.9394810               3.3019333              -0.8573580
           144              -1.0334291               3.6321268               0.0000000
           145               0.0000000               0.0000000              -9.4309425
           146              -0.2918783               0.1807234              -8.5735846
           147              -0.5837566               0.3614468              -7.7162256
           148              -0.8756350               0.5421702              -6.8588676
           149              -1.1675133               0.7228936              -6.0015087
           150              -1.4593915               0.9036170              -5.1441503
           151              -1.7512699               1.0843403              -4.2867923
           152              -2.0431483               1.2650638              -3.4294333
           153              -2.3350265               1.4457872              -2.5720754
           154              -2.6269047               1.6265106              -1.7147174
           155              -2.9187829               1.8072339              -0.8573580
           156              -3.2106614               1.9879574               0.0000000
           157               0.0000000               0.0000000              -9.4309425
           158              -0.2068836               0.2739582              -8.5735846
           159              -0.4137672               0.5479164              -7.7162256
           160              -0.6206507               0.8218744              -6.8588676
           161              -0.8275343               1.0958327              -6.0015087
           162              -1.0344180               1.3697909              -5.1441503
           163              -1.2413014               1.6437489              -4.2867923
           164              -1.4481851               1.9177071              -3.4294333
           165              -1.6550686               2.1916654              -2.5720754
           166              -1.8619522               2.4656236              -1.7147174
           167              -2.0688360               2.7395818              -0.8573580
           168              -2.2757194               3.0135398               0.0000000
           169               0.0000000               0.0000000              -9.4309425
           170              -0.3374532               0.0630809              -8.5735846
           171              -0.6749065               0.1261619              -7.7162256
           172              -1.0123597               0.1892428              -6.8588676
           173              -1.3498130               0.2523238              -6.0015087
           174              -1.6872662               0.3154047              -5.1441503
           175              -2.0247195               0.3784857              -4.2867923
           176              -2.3621726               0.4415666              -3.4294333
           177              -2.6996260               0.5046476              -2.5720754
           178              -3.0370791               0.5677285              -1.7147174
           179              -3.3745325               0.6308094              -0.8573580
           180              -3.7119856               0.6938904               0.0000000
           181               0.0000000               0.0000000              -9.4309425
           182              -0.2918783               0.1807234              -8.5735846
           183              -0.5837566               0.3614468              -7.7162256
           184              -0.8756350               0.5421702              -6.8588676
           185              -1.1675133               0.7228935              -6.0015087
           186              -1.4593915               0.9036169              -5.1441503
           187              -1.7512699               1.0843403              -4.2867923
           188              -2.0431483               1.2650638              -3.4294333
           189              -2.3350265               1.4457871              -2.5720754
           190              -2.6269047               1.6265105              -1.7147174
           191              -2.9187829               1.8072338              -0.8573580
           192              -3.2106614               1.9879571               0.0000000
           193               0.0000000               0.0000000              -9.4309425
           194              -0.3374532              -0.0630809              -8.5735846
           195              -0.6749065              -0.1261619              -7.7162256
           196              -1.0123597              -0.1892428              -6.8588676
           197              -1.3498130              -0.2523238              -6.0015087
           198              -1.6872662              -0.3154047              -5.1441503
           199              -2.0247195              -0.3784857              -4.2867923
           200              -2.3621726              -0.4415666              -3.4294333
           201              -2.6996260              -0.5046476              -2.5720754
           202              -3.0370791              -0.5677285              -1.7147174
           203              -3.3745325              -0.6308094              -0.8573580
           204              -3.7119856              -0.6938904               0.0000000
           205               0.0000000               0.0000000              -9.4309425
           206              -0.3374532               0.0630809              -8.5735846
           207              -0.6749065               0.1261619              -7.7162256
           208              -1.0123597               0.1892428              -6.8588676
           209              -1.3498130               0.2523238              -6.0015087
           210              -1.6872662               0.3154047              -5.1441503
           211              -2.0247195               0.3784857              -4.2867923
           212              -2.3621726               0.4415666              -3.4294333
           213              -2.6996260               0.5046476              -2.5720754
           214              -3.0370791               0.5677285              -1.7147174
           215              -3.3745325               0.6308094              -0.8573580
           216              -3.7119856               0.6938904               0.0000000
           217               0.0000000               0.0000000              -9.4309425
           218              -0.2918783              -0.1807234              -8.5735846
           219              -0.5837566              -0.3614468              -7.7162256
           220              -0.8756350              -0.5421702              -6.8588676
           221              -1.1675133              -0.7228936              -6.0015087
           222              -1.4593915              -0.9036170              -5.1441503
           223              -1.7512699              -1.0843403              -4.2867923
           224              -2.0431483              -1.2650638              -3.4294333
           225              -2.3350265              -1.4457872              -2.5720754
           226              -2.6269047              -1.6265106              -1.7147174
           227              -2.9187829              -1.8072339              -0.8573580
           228              -3.2106614              -1.9879574               0.0000000
           229               0.0000000               0.0000000              -9.4309425
           230              -0.3374532              -0.0630810              -8.5735846
           231              -0.6749065              -0.1261619              -7.7162256
           232              -1.0123597              -0.1892428              -6.8588676
           233              -1.3498130              -0.2523238              -6.0015087
           234              -1.6872662              -0.3154048              -5.1441503
           235              -2.0247195              -0.3784857              -4.2867923
           236              -2.3621726              -0.4415666              -3.4294333
           237              -2.6996260              -0.5046476              -2.5720754
           238              -3.0370791              -0.5677286              -1.7147174
           239              -3.3745325              -0.6308095              -0.8573580
           240              -3.7119856              -0.6938905               0.0000000
           241               0.0000000               0.0000000              -9.4309425
           242              -0.2068836              -0.2739582              -8.5735846
           243              -0.4137672              -0.5479164              -7.7162256
           244              -0.6206507              -0.8218744              -6.8588676
           245              -0.8275343              -1.0958327              -6.0015087
           246              -1.0344180              -1.3697909              -5.1441503
           247              -1.2413014              -1.6437489              -4.2867923
           248              -1.4481851              -1.9177071              -3.4294333
           249              -1.6550686              -2.1916654              -2.5720754
           250              -1.8619522              -2.4656236              -1.7147174
           251              -2.0688360              -2.7395818              -0.8573580
           252              -2.2757194              -3.0135398               0.0000000
           253               0.0000000               0.0000000              -9.4309425
           254              -0.2918783              -0.1807234              -8.5735846
           255              -0.5837566              -0.3614468              -7.7162256
           256              -0.8756350              -0.5421702              -6.8588676
           257              -1.1675133              -0.7228936              -6.0015087
           258              -1.4593915              -0.9036170              -5.1441503
           259              -1.7512699              -1.0843403              -4.2867923
           260              -2.0431483              -1.2650638              -3.4294333
           261              -2.3350265              -1.4457872              -2.5720754
           262              -2.6269047              -1.6265106              -1.7147174
           263              -2.9187829              -1.8072339              -0.8573580
           264              -3.2106614              -1.9879574               0.0000000
           265               0.0000000               0.0000000              -9.4309425
           266              -0.0939481              -0.3301933              -8.5735846
           267              -0.1878962              -0.6603867              -7.7162256
           268              -0.2818443              -0.9905800              -6.8588676
           269              -0.3757924              -1.3207734              -6.0015087
           270              -0.4697405              -1.6509666              -5.1441503
           271              -0.5636886              -1.9811600              -4.2867923
           272              -0.6576367              -2.3113534              -3.4294333
           273              -0.7515848              -2.6415467              -2.5720754
           274              -0.8455330              -2.9717400              -1.7147174
           275              -0.9394810              -3.3019333              -0.8573580
           276              -1.0334291              -3.6321268               0.0000000
           277               0.0000000               0.0000000              -9.4309425
           278              -0.2068836              -0.2739582              -8.5735846
           279              -0.4137672              -0.5479164              -7.7162256
           280              -0.6206507              -0.8218744              -6.8588676
           281              -0.8275343              -1.0958327              -6.0015087
           282              -1.0344180              -1.3697909              -5.1441503
           283              -1.2413014              -1.6437489              -4.2867923
           284              -1.4481851              -1.9177071              -3.4294333
           285              -1.6550686              -2.1916654              -2.5720754
           286              -1.8619522              -2.4656236              -1.7147174
           287              -2.0688360              -2.7395818              -0.8573580
           288              -2.2757194              -3.0135398               0.0000000
           289               0.0000000               0.0000000              -9.4309425
           290               0.0316756              -0.3418341              -8.5735846
           291               0.0633512              -0.6836682              -7.7162256
           292               0.0950268              -1.0255023              -6.8588676
           293               0.1267024              -1.3673364              -6.0015087
           294               0.1583779              -1.7091705              -5.1441503
           295               0.1900536              -2.0510046              -4.2867923
           296               0.2217291              -2.3928385              -3.4294333
           297               0.2534047              -2.7346728              -2.5720754
           298               0.2850803              -3.0765069              -1.7147174
           299               0.3167559              -3.4183409              -0.8573580
           300               0.3484315              -3.7601748               0.0000000
           301               0.0000000               0.0000000              -9.4309425
           302              -0.0939481              -0.3301933              -8.5735846
           303              -0.1878962              -0.6603867              -7.7162256
           304              -0.2818443              -0.9905800              -6.8588676
           305              -0.3757924              -1.3207734              -6.0015087
           306              -0.4697405              -1.6509666              -5.1441503
           307              -0.5636886              -1.9811600              -4.2867923
           308              -0.6576367              -2.3113534              -3.4294333
           309              -0.7515848              -2.6415467              -2.5720754
           310              -0.8455330              -2.9717400              -1.7147174
           311              -0.9394810              -3.3019333              -0.8573580
           312              -1.0334291              -3.6321268               0.0000000
           313               0.0000000               0.0000000              -9.4309425
           314               0.1530213              -0.3073083              -8.5735846
           315               0.3060426              -0.6146165              -7.7162256
           316               0.4590640              -0.9219248              -6.8588676
           317               0.6120853              -1.2292330              -6.0015087
           318               0.7651066              -1.5365413              -5.1441503
           319               0.9181280              -1.8438495              -4.2867923
           320               1.0711493              -2.1511579              -3.4294333
           321               1.2241706              -2.4584661              -2.5720754
           322               1.3771919              -2.7657743              -1.7147174
           323               1.5302132              -3.0730827              -0.8573580
           324               1.6832347              -3.3803909               0.0000000
           325               0.0000000               0.0000000              -9.4309425
           326               0.0316756              -0.3418341              -8.5735846
           327               0.0633512              -0.6836682              -7.7162256
           328               0.0950268              -1.0255023              -6.8588676
           329               0.1267024              -1.3673364              -6.0015087
           330               0.1583779              -1.7091705              -5.1441503
           331               0.1900535              -2.0510046              -4.2867923
           332               0.2217291              -2.3928385              -3.4294333
           333               0.2534047              -2.7346728              -2.5720754
           334               0.2850803              -3.0765069              -1.7147174
           335               0.3167559              -3.4183409              -0.8573580
           336               0.3484315              -3.7601748               0.0000000
           337               0.0000000               0.0000000              -9.4309425
           338               0.2537007              -0.2312787              -8.5735846
           339               0.5074014              -0.4625575              -7.7162256
           340               0.7611021              -0.6938362              -6.8588676
           341               1.0148028              -0.9251150              -6.0015087
           342               1.2685034              -1.1563938              -5.1441503
           343               1.5222042              -1.3876724              -4.2867923
           344               1.7759049              -1.6189513              -3.4294333
           345               2.0296056              -1.8502300              -2.5720754
           346               2.2833061              -2.0815086              -1.7147174
           347               2.5370069              -2.3127875              -0.8573580
           348               2.7907076              -2.5440662               0.0000000
           349               0.0000000               0.0000000              -9.4309425
           350               0.1530213              -0.3073083              -8.5735846
           351               0.3060426              -0.6146165              -7.7162256
           352               0.4590640              -0.9219248              -6.8588676
           353               0.6120853              -1.2292330              -6.0015087
           354               0.7651066              -1.5365413              -5.1441503
           355               0.9181280              -1.8438495              -4.2867923
           356               1.0711493              -2.1511579              -3.4294333
           357               1.2241706              -2.4584661              -2.5720754
           358               1.3771919              -2.7657743              -1.7147174
           359               1.5302132              -3.0730827              -0.8573580
           360               1.6832347              -3.3803909               0.0000000
           361               0.0000000               0.0000000              -9.4309425
           362               0.3201163              -0.1240137              -8.5735846
           363               0.6402327              -0.2480275              -7.7162256
           364               0.9603490              -0.3720412              -6.8588676
           365               1.2804654              -0.4960549              -6.0015087
           366               1.6005818              -0.6200687              -5.1441503
           367               1.9206980              -0.7440825              -4.2867923
           368               2.2408144              -0.8680962              -3.4294333
           369               2.5609307              -0.9921099              -2.5720754
           370               2.8810472              -1.1161237              -1.7147174
           371               3.2011635              -1.2401373              -0.8573580
           372               3.5212798              -1.3641511               0.0000000
           373               0.0000000               0.0000000              -9.4309425
           374               0.2537007              -0.2312787              -8.5735846
           375               0.5074014              -0.4625575              -7.7162256
           376               0.7611021              -0.6938362              -6.8588676
           377               1.0148028              -0.9251150              -6.0015087
           378               1.2685034              -1.1563938              -5.1441503
           379               1.5222042              -1.3876724              -4.2867923
           380               1.7759049              -1.6189513              -3.4294333
           381               2.0296056              -1.8502300              -2.5720754
           382               2.2833061              -2.0815086              -1.7147174
           383               2.5370069              -2.3127875              -0.8573580
           384               2.7907076              -2.5440662               0.0000000
           385               0.0000000               0.0000000              -9.4309425
           386               0.3432986               0.0000000              -8.5735846
           387               0.6865971               0.0000000              -7.7162256
           388               1.0298957               0.0000000              -6.8588676
           389               1.3731942               0.0000000              -6.0015087
           390               1.7164928               0.0000000              -5.1441503
           391               2.0597913               0.0000000              -4.2867923
           392               2.4030898               0.0000000              -3.4294333
           393               2.7463884               0.0000000              -2.5720754
           394               3.0896871               0.0000000              -1.7147174
           395               3.4329855               0.0000000              -0.8573580
           396               3.7762840               0.0000000               0.0000000
           397               0.0000000               0.0000000              -9.4309425
           398               0.3201163              -0.1240137              -8.5735846
           399               0.6402327              -0.2480275              -7.7162256
           400               0.9603490              -0.3720412              -6.8588676
           401               1.2804654              -0.4960549              -6.0015087
           402               1.6005818              -0.6200687              -5.1441503
           403               1.9206980              -0.7440825              -4.2867923
           404               2.2408144              -0.8680962              -3.4294333
           405               2.5609307              -0.9921099              -2.5720754
           406               2.8810472              -1.1161237              -1.7147174
           407               3.2011635              -1.2401373              -0.8573580
           408               3.5212798              -1.3641511               0.0000000
             0          0.00          0.00          0.00
               1               2              14              13
               2               3              15              14
               3               4              16              15
               4               5              17              16
               5               6              18              17
               6               7              19              18
               7               8              20              19
               8               9              21              20
               9              10              22              21
              10              11              23              22
              11              12              24              23
              25              26              38              37
              26              27              39              38
              27              28              40              39
              28              29              41              40
              29              30              42              41
              30              31              43              42
              31              32              44              43
              32              33              45              44
              33              34              46              45
              34              35              47              46
              35              36              48              47
              49              50              62              61
              50              51              63              62
              51              52              64              63
              52              53              65              64
              53              54              66              65
              54              55              67              66
              55              56              68              67
              56              57              69              68
              57              58              70              69
              58              59              71              70
              59              60              72              71
              73              74              86              85
              74              75              87              86
              75              76              88              87
              76              77              89              88
              77              78              90              89
              78              79              91              90
              79              80              92              91
              80              81              93              92
              81              82              94              93
              82              83              95              94
              83              84              96              95
              97              98             110             109
              98              99             111             110
              99             100             112             111
             100             101             113             112
             101             102             114             113
             102             103             115             114
             103             104             116             115
             104             105             117             116
             105             106             118             117
             106             107             119             118
             107             108             120             119
             121             122             134             133
             122             123             135             134
             123             124             136             135
             124             125             137             136
             125             126             138             137
             126             127             139             138
             127             128             140             139
             128             129             141             140
             129             130             142             141
             130             131             143             142
             131             132             144             143
             145             146             158             157
             146             147             159             158
             147             148             160             159
             148             149             161             160
             149             150             162             161
             150             151             163             162
             151             152             164             163
             152             153             165             164
             153             154             166             165
             154             155             167             166
             155             156             168             167
             169             170             182             181
             170             171             183             182
             171             172             184             183
             172             173             185             184
             173             174             186             185
             174             175             187             186
             175             176             188             187
             176             177             189             188
             177             178             190             189
             178             179             191             190
             179             180             192             191
             193             194             206             205
             194             195             207             206
             195             196             208             207
             196             197             209             208
             197             198             210             209
             198             199             211             210
             199             200             212             211
             200             201             213             212
             201             202             214             213
             202             203             215             214
             203             204             216             215
             217             218             230             229
             218             219             231             230
             219             220             232             231
             220             221             233             232
             221             222             234             233
             222             223             235             234
             223             224             236             235
             224             225             237             236
             225             226             238             237
             226             227             239             238
             227             228             240             239
             241             242             254             253
             242             243             255             254
             243             244             256             255
             244             245             257             256
             245             246             258             257
             246             247             259             258
             247             248             260             259
             248             249             261             260
             249             250             262             261
             250             251             263             262
             251             252             264             263
             265             266             278             277
             266             267             279             278
             267             268             280             279
             268             269             281             280
             269             270             282             281
             270             271             283             282
             271             272             284             283
             272             273             285             284
             273             274             286             285
             274             275             287             286
             275             276             288             287
             289             290             302             301
             290             291             303             302
             291             292             304             303
             292             293             305             304
             293             294             306             305
             294             295             307             306
             295             296             308             307
             296             297             309             308
             297             298             310             309
             298             299             311             310
             299             300             312             311
             313             314             326             325
             314             315             327             326
             315             316             328             327
             316             317             329             328
             317             318             330             329
             318             319             331             330
             319             320             332             331
             320             321             333             332
             321             322             334             333
             322             323             335             334
             323             324             336             335
             337             338             350             349
             338             339             351             350
             339             340             352             351
             340             341             353             352
             341             342             354             353
             342             343             355             354
             343             344             356             355
             344             345             357             356
             345             346             358             357
             346             347             359             358
             347             348             360             359
             361             362             374             373
             362             363             375             374
             363             364             376             375
             364             365             377             376
             365             366             378             377
             366             367             379             378
             367             368             380             379
             368             369             381             380
             369             370             382             381
             370             371             383             382
             371             372             384             383
             385             386             398             397
             386             387             399             398
             387             388             400             399
             388             389             401             400
             389             390             402             401
             390             391             403             402
             391             392             404             403
             392             393             405             404
             393             394             406             405
             394             395             407             406
             395             396             408             407
          0          0          0          0
