                    2          0
             1               2.3809199               0.9223733              -9.4528780
             2               2.3809199               0.9223733              -8.2712679
             3               2.3809199               0.9223733              -7.0896587
             4               2.3809199               0.9223733              -5.9080486
             5               2.3809199               0.9223733              -4.7264390
             6               2.3809199               0.9223733              -3.5448294
             7               2.3809199               0.9223733              -2.3632193
             8               2.3809199               0.9223733              -1.1816101
             9               2.3809199               0.9223733               0.0000000
            10               2.5533414               0.0000000              -9.4528780
            11               2.5533414               0.0000000              -8.2712679
            12               2.5533414               0.0000000              -7.0896587
            13               2.5533414               0.0000000              -5.9080486
            14               2.5533414               0.0000000              -4.7264390
            15               2.5533414               0.0000000              -3.5448294
            16               2.5533414               0.0000000              -2.3632193
            17               2.5533414               0.0000000              -1.1816101
            18               2.5533414               0.0000000               0.0000000
            19               1.8869421               1.7201750              -9.4528780
            20               1.8869421               1.7201750              -8.2712679
            21               1.8869421               1.7201750              -7.0896587
            22               1.8869421               1.7201750              -5.9080486
            23               1.8869421               1.7201750              -4.7264390
            24               1.8869421               1.7201750              -3.5448294
            25               1.8869421               1.7201750              -2.3632193
            26               1.8869421               1.7201750              -1.1816101
            27               1.8869421               1.7201750               0.0000000
            28               2.3809199               0.9223733              -9.4528780
            29               2.3809199               0.9223733              -8.2712679
            30               2.3809199               0.9223733              -7.0896587
            31               2.3809199               0.9223733              -5.9080486
            32               2.3809199               0.9223733              -4.7264390
            33               2.3809199               0.9223733              -3.5448294
            34               2.3809199               0.9223733              -2.3632193
            35               2.3809199               0.9223733              -1.1816101
            36               2.3809199               0.9223733               0.0000000
            37               1.1381222               2.2856576              -9.4528780
            38               1.1381222               2.2856576              -8.2712679
            39               1.1381222               2.2856576              -7.0896587
            40               1.1381222               2.2856576              -5.9080486
            41               1.1381222               2.2856576              -4.7264390
            42               1.1381222               2.2856576              -3.5448294
            43               1.1381222               2.2856576              -2.3632193
            44               1.1381222               2.2856576              -1.1816101
            45               1.1381222               2.2856576               0.0000000
            46               1.8869421               1.7201750              -9.4528780
            47               1.8869421               1.7201750              -8.2712679
            48               1.8869421               1.7201750              -7.0896587
            49               1.8869421               1.7201750              -5.9080486
            50               1.8869421               1.7201750              -4.7264390
            51               1.8869421               1.7201750              -3.5448294
            52               1.8869421               1.7201750              -2.3632193
            53               1.8869421               1.7201750              -1.1816101
            54               1.8869421               1.7201750               0.0000000
            55               0.2355926               2.5424495              -9.4528780
            56               0.2355926               2.5424495              -8.2712679
            57               0.2355926               2.5424495              -7.0896587
            58               0.2355926               2.5424495              -5.9080486
            59               0.2355926               2.5424495              -4.7264390
            60               0.2355926               2.5424495              -3.5448294
            61               0.2355926               2.5424495              -2.3632193
            62               0.2355926               2.5424495              -1.1816101
            63               0.2355926               2.5424495               0.0000000
            64               1.1381222               2.2856576              -9.4528780
            65               1.1381222               2.2856576              -8.2712679
            66               1.1381222               2.2856576              -7.0896587
            67               1.1381222               2.2856576              -5.9080486
            68               1.1381222               2.2856576              -4.7264390
            69               1.1381222               2.2856576              -3.5448294
            70               1.1381222               2.2856576              -2.3632193
            71               1.1381222               2.2856576              -1.1816101
            72               1.1381222               2.2856576               0.0000000
            73              -0.6987551               2.4558692              -9.4528780
            74              -0.6987551               2.4558692              -8.2712679
            75              -0.6987551               2.4558692              -7.0896587
            76              -0.6987551               2.4558692              -5.9080486
            77              -0.6987551               2.4558692              -4.7264390
            78              -0.6987551               2.4558692              -3.5448294
            79              -0.6987551               2.4558692              -2.3632193
            80              -0.6987551               2.4558692              -1.1816101
            81              -0.6987551               2.4558692               0.0000000
            82               0.2355926               2.5424495              -9.4528780
            83               0.2355926               2.5424495              -8.2712679
            84               0.2355926               2.5424495              -7.0896587
            85               0.2355926               2.5424495              -5.9080486
            86               0.2355926               2.5424495              -4.7264390
            87               0.2355926               2.5424495              -3.5448294
            88               0.2355926               2.5424495              -2.3632193
            89               0.2355926               2.5424495              -1.1816101
            90               0.2355926               2.5424495               0.0000000
            91              -1.5387321               2.0376105              -9.4528780
            92              -1.5387321               2.0376105              -8.2712679
            93              -1.5387321               2.0376105              -7.0896587
            94              -1.5387321               2.0376105              -5.9080486
            95              -1.5387321               2.0376105              -4.7264390
            96              -1.5387321               2.0376105              -3.5448294
            97              -1.5387321               2.0376105              -2.3632193
            98              -1.5387321               2.0376105              -1.1816101
            99              -1.5387321               2.0376105               0.0000000
           100              -0.6987551               2.4558692              -9.4528780
           101              -0.6987551               2.4558692              -8.2712679
           102              -0.6987551               2.4558692              -7.0896587
           103              -0.6987551               2.4558692              -5.9080486
           104              -0.6987551               2.4558692              -4.7264390
           105              -0.6987551               2.4558692              -3.5448294
           106              -0.6987551               2.4558692              -2.3632193
           107              -0.6987551               2.4558692              -1.1816101
           108              -0.6987551               2.4558692               0.0000000
           109              -2.1708946               1.3441612              -9.4528780
           110              -2.1708946               1.3441612              -8.2712679
           111              -2.1708946               1.3441612              -7.0896587
           112              -2.1708946               1.3441612              -5.9080486
           113              -2.1708946               1.3441612              -4.7264390
           114              -2.1708946               1.3441612              -3.5448294
           115              -2.1708946               1.3441612              -2.3632193
           116              -2.1708946               1.3441612              -1.1816101
           117              -2.1708946               1.3441612               0.0000000
           118              -1.5387321               2.0376105              -9.4528780
           119              -1.5387321               2.0376105              -8.2712679
           120              -1.5387321               2.0376105              -7.0896587
           121              -1.5387321               2.0376105              -5.9080486
           122              -1.5387321               2.0376105              -4.7264390
           123              -1.5387321               2.0376105              -3.5448294
           124              -1.5387321               2.0376105              -2.3632193
           125              -1.5387321               2.0376105              -1.1816101
           126              -1.5387321               2.0376105               0.0000000
           127              -2.5098660               0.4691753              -9.4528780
           128              -2.5098660               0.4691753              -8.2712679
           129              -2.5098660               0.4691753              -7.0896587
           130              -2.5098660               0.4691753              -5.9080486
           131              -2.5098660               0.4691753              -4.7264390
           132              -2.5098660               0.4691753              -3.5448294
           133              -2.5098660               0.4691753              -2.3632193
           134              -2.5098660               0.4691753              -1.1816101
           135              -2.5098660               0.4691753               0.0000000
           136              -2.1708946               1.3441612              -9.4528780
           137              -2.1708946               1.3441612              -8.2712679
           138              -2.1708946               1.3441612              -7.0896587
           139              -2.1708946               1.3441612              -5.9080486
           140              -2.1708946               1.3441612              -4.7264390
           141              -2.1708946               1.3441612              -3.5448294
           142              -2.1708946               1.3441612              -2.3632193
           143              -2.1708946               1.3441612              -1.1816101
           144              -2.1708946               1.3441612               0.0000000
           145              -2.5098660              -0.4691753              -9.4528780
           146              -2.5098660              -0.4691753              -8.2712679
           147              -2.5098660              -0.4691753              -7.0896587
           148              -2.5098660              -0.4691753              -5.9080486
           149              -2.5098660              -0.4691753              -4.7264390
           150              -2.5098660              -0.4691753              -3.5448294
           151              -2.5098660              -0.4691753              -2.3632193
           152              -2.5098660              -0.4691753              -1.1816101
           153              -2.5098660              -0.4691753               0.0000000
           154              -2.5098660               0.4691753              -9.4528780
           155              -2.5098660               0.4691753              -8.2712679
           156              -2.5098660               0.4691753              -7.0896587
           157              -2.5098660               0.4691753              -5.9080486
           158              -2.5098660               0.4691753              -4.7264390
           159              -2.5098660               0.4691753              -3.5448294
           160              -2.5098660               0.4691753              -2.3632193
           161              -2.5098660               0.4691753              -1.1816101
           162              -2.5098660               0.4691753               0.0000000
           163              -2.1708946              -1.3441612              -9.4528780
           164              -2.1708946              -1.3441612              -8.2712679
           165              -2.1708946              -1.3441612              -7.0896587
           166              -2.1708946              -1.3441612              -5.9080486
           167              -2.1708946              -1.3441612              -4.7264390
           168              -2.1708946              -1.3441612              -3.5448294
           169              -2.1708946              -1.3441612              -2.3632193
           170              -2.1708946              -1.3441612              -1.1816101
           171              -2.1708946              -1.3441612               0.0000000
           172              -2.5098660              -0.4691753              -9.4528780
           173              -2.5098660              -0.4691753              -8.2712679
           174              -2.5098660              -0.4691753              -7.0896587
           175              -2.5098660              -0.4691753              -5.9080486
           176              -2.5098660              -0.4691753              -4.7264390
           177              -2.5098660              -0.4691753              -3.5448294
           178              -2.5098660              -0.4691753              -2.3632193
           179              -2.5098660              -0.4691753              -1.1816101
           180              -2.5098660              -0.4691753               0.0000000
           181              -1.5387321              -2.0376105              -9.4528780
           182              -1.5387321              -2.0376105              -8.2712679
           183              -1.5387321              -2.0376105              -7.0896587
           184              -1.5387321              -2.0376105              -5.9080486
           185              -1.5387321              -2.0376105              -4.7264390
           186              -1.5387321              -2.0376105              -3.5448294
           187              -1.5387321              -2.0376105              -2.3632193
           188              -1.5387321              -2.0376105              -1.1816101
           189              -1.5387321              -2.0376105               0.0000000
           190              -2.1708946              -1.3441612              -9.4528780
           191              -2.1708946              -1.3441612              -8.2712679
           192              -2.1708946              -1.3441612              -7.0896587
           193              -2.1708946              -1.3441612              -5.9080486
           194              -2.1708946              -1.3441612              -4.7264390
           195              -2.1708946              -1.3441612              -3.5448294
           196              -2.1708946              -1.3441612              -2.3632193
           197              -2.1708946              -1.3441612              -1.1816101
           198              -2.1708946              -1.3441612               0.0000000
           199              -0.6987551              -2.4558692              -9.4528780
           200              -0.6987551              -2.4558692              -8.2712679
           201              -0.6987551              -2.4558692              -7.0896587
           202              -0.6987551              -2.4558692              -5.9080486
           203              -0.6987551              -2.4558692              -4.7264390
           204              -0.6987551              -2.4558692              -3.5448294
           205              -0.6987551              -2.4558692              -2.3632193
           206              -0.6987551              -2.4558692              -1.1816101
           207              -0.6987551              -2.4558692               0.0000000
           208              -1.5387321              -2.0376105              -9.4528780
           209              -1.5387321              -2.0376105              -8.2712679
           210              -1.5387321              -2.0376105              -7.0896587
           211              -1.5387321              -2.0376105              -5.9080486
           212              -1.5387321              -2.0376105              -4.7264390
           213              -1.5387321              -2.0376105              -3.5448294
           214              -1.5387321              -2.0376105              -2.3632193
           215              -1.5387321              -2.0376105              -1.1816101
           216              -1.5387321              -2.0376105               0.0000000
           217               0.2355926              -2.5424495              -9.4528780
           218               0.2355926              -2.5424495              -8.2712679
           219               0.2355926              -2.5424495              -7.0896587
           220               0.2355926              -2.5424495              -5.9080486
           221               0.2355926              -2.5424495              -4.7264390
           222               0.2355926              -2.5424495              -3.5448294
           223               0.2355926              -2.5424495              -2.3632193
           224               0.2355926              -2.5424495              -1.1816101
           225               0.2355926              -2.5424495               0.0000000
           226              -0.6987551              -2.4558692              -9.4528780
           227              -0.6987551              -2.4558692              -8.2712679
           228              -0.6987551              -2.4558692              -7.0896587
           229              -0.6987551              -2.4558692              -5.9080486
           230              -0.6987551              -2.4558692              -4.7264390
           231              -0.6987551              -2.4558692              -3.5448294
           232              -0.6987551              -2.4558692              -2.3632193
           233              -0.6987551              -2.4558692              -1.1816101
           234              -0.6987551              -2.4558692               0.0000000
           235               1.1381222              -2.2856576              -9.4528780
           236               1.1381222              -2.2856576              -8.2712679
           237               1.1381222              -2.2856576              -7.0896587
           238               1.1381222              -2.2856576              -5.9080486
           239               1.1381222              -2.2856576              -4.7264390
           240               1.1381222              -2.2856576              -3.5448294
           241               1.1381222              -2.2856576              -2.3632193
           242               1.1381222              -2.2856576              -1.1816101
           243               1.1381222              -2.2856576               0.0000000
           244               0.2355926              -2.5424495              -9.4528780
           245               0.2355926              -2.5424495              -8.2712679
           246               0.2355926              -2.5424495              -7.0896587
           247               0.2355926              -2.5424495              -5.9080486
           248               0.2355926              -2.5424495              -4.7264390
           249               0.2355926              -2.5424495              -3.5448294
           250               0.2355926              -2.5424495              -2.3632193
           251               0.2355926              -2.5424495              -1.1816101
           252               0.2355926              -2.5424495               0.0000000
           253               1.8869421              -1.7201750              -9.4528780
           254               1.8869421              -1.7201750              -8.2712679
           255               1.8869421              -1.7201750              -7.0896587
           256               1.8869421              -1.7201750              -5.9080486
           257               1.8869421              -1.7201750              -4.7264390
           258               1.8869421              -1.7201750              -3.5448294
           259               1.8869421              -1.7201750              -2.3632193
           260               1.8869421              -1.7201750              -1.1816101
           261               1.8869421              -1.7201750               0.0000000
           262               1.1381222              -2.2856576              -9.4528780
           263               1.1381222              -2.2856576              -8.2712679
           264               1.1381222              -2.2856576              -7.0896587
           265               1.1381222              -2.2856576              -5.9080486
           266               1.1381222              -2.2856576              -4.7264390
           267               1.1381222              -2.2856576              -3.5448294
           268               1.1381222              -2.2856576              -2.3632193
           269               1.1381222              -2.2856576              -1.1816101
           270               1.1381222              -2.2856576               0.0000000
           271               2.3809199              -0.9223733              -9.4528780
           272               2.3809199              -0.9223733              -8.2712679
           273               2.3809199              -0.9223733              -7.0896587
           274               2.3809199              -0.9223733              -5.9080486
           275               2.3809199              -0.9223733              -4.7264390
           276               2.3809199              -0.9223733              -3.5448294
           277               2.3809199              -0.9223733              -2.3632193
           278               2.3809199              -0.9223733              -1.1816101
           279               2.3809199              -0.9223733               0.0000000
           280               1.8869421              -1.7201750              -9.4528780
           281               1.8869421              -1.7201750              -8.2712679
           282               1.8869421              -1.7201750              -7.0896587
           283               1.8869421              -1.7201750              -5.9080486
           284               1.8869421              -1.7201750              -4.7264390
           285               1.8869421              -1.7201750              -3.5448294
           286               1.8869421              -1.7201750              -2.3632193
           287               1.8869421              -1.7201750              -1.1816101
           288               1.8869421              -1.7201750               0.0000000
           289               2.5533414               0.0000000              -9.4528780
           290               2.5533414               0.0000000              -8.2712679
           291               2.5533414               0.0000000              -7.0896587
           292               2.5533414               0.0000000              -5.9080486
           293               2.5533414               0.0000000              -4.7264390
           294               2.5533414               0.0000000              -3.5448294
           295               2.5533414               0.0000000              -2.3632193
           296               2.5533414               0.0000000              -1.1816101
           297               2.5533414               0.0000000               0.0000000
           298               2.3809199              -0.9223733              -9.4528780
           299               2.3809199              -0.9223733              -8.2712679
           300               2.3809199              -0.9223733              -7.0896587
           301               2.3809199              -0.9223733              -5.9080486
           302               2.3809199              -0.9223733              -4.7264390
           303               2.3809199              -0.9223733              -3.5448294
           304               2.3809199              -0.9223733              -2.3632193
           305               2.3809199              -0.9223733              -1.1816101
           306               2.3809199              -0.9223733               0.0000000
           307               0.0000000               0.0000000              -9.4528780
           308               0.0000000               0.0000000              -9.4528780
           309               0.8511138               0.0000000              -9.4528780
           310               0.7936400               0.3074578              -9.4528780
           311               1.7022276               0.0000000              -9.4528780
           312               1.5872799               0.6149155              -9.4528780
           313               2.5533414               0.0000000              -9.4528780
           314               2.3809199               0.9223733              -9.4528780
           315               0.0000000               0.0000000              -9.4528780
           316               0.0000000               0.0000000              -9.4528780
           317               0.7936400               0.3074578              -9.4528780
           318               0.6289807               0.5733917              -9.4528780
           319               1.5872799               0.6149155              -9.4528780
           320               1.2579614               1.1467834              -9.4528780
           321               2.3809199               0.9223733              -9.4528780
           322               1.8869423               1.7201751              -9.4528780
           323               0.0000000               0.0000000              -9.4528780
           324               0.0000000               0.0000000              -9.4528780
           325               0.6289807               0.5733917              -9.4528780
           326               0.3793741               0.7618859              -9.4528780
           327               1.2579614               1.1467834              -9.4528780
           328               0.7587481               1.5237718              -9.4528780
           329               1.8869423               1.7201751              -9.4528780
           330               1.1381222               2.2856576              -9.4528780
           331               0.0000000               0.0000000              -9.4528780
           332               0.0000000               0.0000000              -9.4528780
           333               0.3793741               0.7618859              -9.4528780
           334               0.0785309               0.8474832              -9.4528780
           335               0.7587481               1.5237718              -9.4528780
           336               0.1570618               1.6949663              -9.4528780
           337               1.1381222               2.2856576              -9.4528780
           338               0.2355926               2.5424495              -9.4528780
           339               0.0000000               0.0000000              -9.4528780
           340               0.0000000               0.0000000              -9.4528780
           341               0.0785309               0.8474832              -9.4528780
           342              -0.2329184               0.8186231              -9.4528780
           343               0.1570617               1.6949663              -9.4528780
           344              -0.4658367               1.6372461              -9.4528780
           345               0.2355926               2.5424495              -9.4528780
           346              -0.6987551               2.4558692              -9.4528780
           347               0.0000000               0.0000000              -9.4528780
           348               0.0000000               0.0000000              -9.4528780
           349              -0.2329184               0.8186231              -9.4528780
           350              -0.5129107               0.6792035              -9.4528780
           351              -0.4658367               1.6372461              -9.4528780
           352              -1.0258213               1.3584070              -9.4528780
           353              -0.6987551               2.4558692              -9.4528780
           354              -1.5387321               2.0376105              -9.4528780
           355               0.0000000               0.0000000              -9.4528780
           356               0.0000000               0.0000000              -9.4528780
           357              -0.5129107               0.6792035              -9.4528780
           358              -0.7236316               0.4480537              -9.4528780
           359              -1.0258213               1.3584070              -9.4528780
           360              -1.4472631               0.8961074              -9.4528780
           361              -1.5387321               2.0376105              -9.4528780
           362              -2.1708946               1.3441612              -9.4528780
           363               0.0000000               0.0000000              -9.4528780
           364               0.0000000               0.0000000              -9.4528780
           365              -0.7236316               0.4480537              -9.4528780
           366              -0.8366220               0.1563918              -9.4528780
           367              -1.4472631               0.8961074              -9.4528780
           368              -1.6732440               0.3127835              -9.4528780
           369              -2.1708946               1.3441612              -9.4528780
           370              -2.5098660               0.4691753              -9.4528780
           371               0.0000000               0.0000000              -9.4528780
           372               0.0000000               0.0000000              -9.4528780
           373              -0.8366220               0.1563918              -9.4528780
           374              -0.8366220              -0.1563918              -9.4528780
           375              -1.6732440               0.3127835              -9.4528780
           376              -1.6732440              -0.3127835              -9.4528780
           377              -2.5098660               0.4691753              -9.4528780
           378              -2.5098660              -0.4691753              -9.4528780
           379               0.0000000               0.0000000              -9.4528780
           380               0.0000000               0.0000000              -9.4528780
           381              -0.8366220              -0.1563918              -9.4528780
           382              -0.7236316              -0.4480537              -9.4528780
           383              -1.6732440              -0.3127835              -9.4528780
           384              -1.4472631              -0.8961074              -9.4528780
           385              -2.5098660              -0.4691753              -9.4528780
           386              -2.1708946              -1.3441612              -9.4528780
           387               0.0000000               0.0000000              -9.4528780
           388               0.0000000               0.0000000              -9.4528780
           389              -0.7236316              -0.4480537              -9.4528780
           390              -0.5129107              -0.6792035              -9.4528780
           391              -1.4472631              -0.8961074              -9.4528780
           392              -1.0258213              -1.3584070              -9.4528780
           393              -2.1708946              -1.3441612              -9.4528780
           394              -1.5387321              -2.0376105              -9.4528780
           395               0.0000000               0.0000000              -9.4528780
           396               0.0000000               0.0000000              -9.4528780
           397              -0.5129107              -0.6792035              -9.4528780
           398              -0.2329184              -0.8186231              -9.4528780
           399              -1.0258213              -1.3584070              -9.4528780
           400              -0.4658368              -1.6372461              -9.4528780
           401              -1.5387321              -2.0376105              -9.4528780
           402              -0.6987551              -2.4558692              -9.4528780
           403               0.0000000               0.0000000              -9.4528780
           404               0.0000000               0.0000000              -9.4528780
           405              -0.2329184              -0.8186231              -9.4528780
           406               0.0785309              -0.8474832              -9.4528780
           407              -0.4658367              -1.6372461              -9.4528780
           408               0.1570617              -1.6949663              -9.4528780
           409              -0.6987551              -2.4558692              -9.4528780
           410               0.2355926              -2.5424495              -9.4528780
           411               0.0000000               0.0000000              -9.4528780
           412               0.0000000               0.0000000              -9.4528780
           413               0.0785309              -0.8474832              -9.4528780
           414               0.3793741              -0.7618859              -9.4528780
           415               0.1570617              -1.6949663              -9.4528780
           416               0.7587481              -1.5237718              -9.4528780
           417               0.2355926              -2.5424495              -9.4528780
           418               1.1381222              -2.2856576              -9.4528780
           419               0.0000000               0.0000000              -9.4528780
           420               0.0000000               0.0000000              -9.4528780
           421               0.3793741              -0.7618859              -9.4528780
           422               0.6289807              -0.5733917              -9.4528780
           423               0.7587481              -1.5237718              -9.4528780
           424               1.2579614              -1.1467834              -9.4528780
           425               1.1381222              -2.2856576              -9.4528780
           426               1.8869423              -1.7201751              -9.4528780
           427               0.0000000               0.0000000              -9.4528780
           428               0.0000000               0.0000000              -9.4528780
           429               0.6289807              -0.5733917              -9.4528780
           430               0.7936400              -0.3074578              -9.4528780
           431               1.2579614              -1.1467834              -9.4528780
           432               1.5872799              -0.6149155              -9.4528780
           433               1.8869423              -1.7201751              -9.4528780
           434               2.3809199              -0.9223733              -9.4528780
           435               0.0000000               0.0000000              -9.4528780
           436               0.0000000               0.0000000              -9.4528780
           437               0.7936400              -0.3074578              -9.4528780
           438               0.8511138               0.0000000              -9.4528780
           439               1.5872799              -0.6149155              -9.4528780
           440               1.7022276               0.0000000              -9.4528780
           441               2.3809199              -0.9223733              -9.4528780
           442               2.5533414               0.0000000              -9.4528780
             0          0.00          0.00          0.00
               1               2              11              10
               2               3              12              11
               3               4              13              12
               4               5              14              13
               5               6              15              14
               6               7              16              15
               7               8              17              16
               8               9              18              17
              19              20              29              28
              20              21              30              29
              21              22              31              30
              22              23              32              31
              23              24              33              32
              24              25              34              33
              25              26              35              34
              26              27              36              35
              37              38              47              46
              38              39              48              47
              39              40              49              48
              40              41              50              49
              41              42              51              50
              42              43              52              51
              43              44              53              52
              44              45              54              53
              55              56              65              64
              56              57              66              65
              57              58              67              66
              58              59              68              67
              59              60              69              68
              60              61              70              69
              61              62              71              70
              62              63              72              71
              73              74              83              82
              74              75              84              83
              75              76              85              84
              76              77              86              85
              77              78              87              86
              78              79              88              87
              79              80              89              88
              80              81              90              89
              91              92             101             100
              92              93             102             101
              93              94             103             102
              94              95             104             103
              95              96             105             104
              96              97             106             105
              97              98             107             106
              98              99             108             107
             109             110             119             118
             110             111             120             119
             111             112             121             120
             112             113             122             121
             113             114             123             122
             114             115             124             123
             115             116             125             124
             116             117             126             125
             127             128             137             136
             128             129             138             137
             129             130             139             138
             130             131             140             139
             131             132             141             140
             132             133             142             141
             133             134             143             142
             134             135             144             143
             145             146             155             154
             146             147             156             155
             147             148             157             156
             148             149             158             157
             149             150             159             158
             150             151             160             159
             151             152             161             160
             152             153             162             161
             163             164             173             172
             164             165             174             173
             165             166             175             174
             166             167             176             175
             167             168             177             176
             168             169             178             177
             169             170             179             178
             170             171             180             179
             181             182             191             190
             182             183             192             191
             183             184             193             192
             184             185             194             193
             185             186             195             194
             186             187             196             195
             187             188             197             196
             188             189             198             197
             199             200             209             208
             200             201             210             209
             201             202             211             210
             202             203             212             211
             203             204             213             212
             204             205             214             213
             205             206             215             214
             206             207             216             215
             217             218             227             226
             218             219             228             227
             219             220             229             228
             220             221             230             229
             221             222             231             230
             222             223             232             231
             223             224             233             232
             224             225             234             233
             235             236             245             244
             236             237             246             245
             237             238             247             246
             238             239             248             247
             239             240             249             248
             240             241             250             249
             241             242             251             250
             242             243             252             251
             253             254             263             262
             254             255             264             263
             255             256             265             264
             256             257             266             265
             257             258             267             266
             258             259             268             267
             259             260             269             268
             260             261             270             269
             271             272             281             280
             272             273             282             281
             273             274             283             282
             274             275             284             283
             275             276             285             284
             276             277             286             285
             277             278             287             286
             278             279             288             287
             289             290             299             298
             290             291             300             299
             291             292             301             300
             292             293             302             301
             293             294             303             302
             294             295             304             303
             295             296             305             304
             296             297             306             305
             307             308             310             309
             309             310             312             311
             311             312             314             313
             315             316             318             317
             317             318             320             319
             319             320             322             321
             323             324             326             325
             325             326             328             327
             327             328             330             329
             331             332             334             333
             333             334             336             335
             335             336             338             337
             339             340             342             341
             341             342             344             343
             343             344             346             345
             347             348             350             349
             349             350             352             351
             351             352             354             353
             355             356             358             357
             357             358             360             359
             359             360             362             361
             363             364             366             365
             365             366             368             367
             367             368             370             369
             371             372             374             373
             373             374             376             375
             375             376             378             377
             379             380             382             381
             381             382             384             383
             383             384             386             385
             387             388             390             389
             389             390             392             391
             391             392             394             393
             395             396             398             397
             397             398             400             399
             399             400             402             401
             403             404             406             405
             405             406             408             407
             407             408             410             409
             411             412             414             413
             413             414             416             415
             415             416             418             417
             419             420             422             421
             421             422             424             423
             423             424             426             425
             427             428             430             429
             429             430             432             431
             431             432             434             433
             435             436             438             437
             437             438             440             439
             439             440             442             441
          0          0          0          0
