                    2          0
             1              -4.3496504               2.9123862              -1.5244550
             2              -4.3496504               2.9123862              -1.0163033
             3              -4.3496504               2.9123862              -0.5081517
             4              -4.3496504               2.9123862               0.0000000
             5              -3.6247087               2.9123862              -1.5244550
             6              -3.6247087               2.9123862              -1.0163033
             7              -3.6247087               2.9123862              -0.5081517
             8              -3.6247087               2.9123862               0.0000000
             9              -2.8997669               2.9123862              -1.5244550
            10              -2.8997669               2.9123862              -1.0163033
            11              -2.8997669               2.9123862              -0.5081517
            12              -2.8997669               2.9123862               0.0000000
            13              -2.1748252               2.9123862              -1.5244550
            14              -2.1748252               2.9123862              -1.0163033
            15              -2.1748252               2.9123862              -0.5081517
            16              -2.1748252               2.9123862               0.0000000
            17              -1.4498835               2.9123862              -1.5244550
            18              -1.4498835               2.9123862              -1.0163033
            19              -1.4498835               2.9123862              -0.5081517
            20              -1.4498835               2.9123862               0.0000000
            21              -0.7249415               2.9123862              -1.5244550
            22              -0.7249415               2.9123862              -1.0163033
            23              -0.7249415               2.9123862              -0.5081517
            24              -0.7249415               2.9123862               0.0000000
            25               0.0000000               2.9123862              -1.5244550
            26               0.0000000               2.9123862              -1.0163033
            27               0.0000000               2.9123862              -0.5081517
            28               0.0000000               2.9123862               0.0000000
            29               0.7249417               2.9123862              -1.5244550
            30               0.7249417               2.9123862              -1.0163033
            31               0.7249417               2.9123862              -0.5081517
            32               0.7249417               2.9123862               0.0000000
            33               1.4498835               2.9123862              -1.5244550
            34               1.4498835               2.9123862              -1.0163033
            35               1.4498835               2.9123862              -0.5081517
            36               1.4498835               2.9123862               0.0000000
            37               2.1748252               2.9123862              -1.5244550
            38               2.1748252               2.9123862              -1.0163033
            39               2.1748252               2.9123862              -0.5081517
            40               2.1748252               2.9123862               0.0000000
            41               2.8997674               2.9123862              -1.5244550
            42               2.8997674               2.9123862              -1.0163033
            43               2.8997674               2.9123862              -0.5081517
            44               2.8997674               2.9123862               0.0000000
            45               3.6247087               2.9123862              -1.5244550
            46               3.6247087               2.9123862              -1.0163033
            47               3.6247087               2.9123862              -0.5081517
            48               3.6247087               2.9123862               0.0000000
            49               4.3496504               2.9123862              -1.5244550
            50               4.3496504               2.9123862              -1.0163033
            51               4.3496504               2.9123862              -0.5081517
            52               4.3496504               2.9123862               0.0000000
            53               4.3496504               2.9123862              -1.5244550
            54               4.3496504               2.9123862              -1.0163033
            55               4.3496504               2.9123862              -0.5081517
            56               4.3496504               2.9123862               0.0000000
            57               4.3496504               2.1842897              -1.5244550
            58               4.3496504               2.1842897              -1.0163033
            59               4.3496504               2.1842897              -0.5081517
            60               4.3496504               2.1842897               0.0000000
            61               4.3496504               1.4561931              -1.5244550
            62               4.3496504               1.4561931              -1.0163033
            63               4.3496504               1.4561931              -0.5081517
            64               4.3496504               1.4561931               0.0000000
            65               4.3496504               0.7280965              -1.5244550
            66               4.3496504               0.7280965              -1.0163033
            67               4.3496504               0.7280965              -0.5081517
            68               4.3496504               0.7280965               0.0000000
            69               4.3496504               0.0000000              -1.5244550
            70               4.3496504               0.0000000              -1.0163033
            71               4.3496504               0.0000000              -0.5081517
            72               4.3496504               0.0000000               0.0000000
            73               4.3496504              -0.7280965              -1.5244550
            74               4.3496504              -0.7280965              -1.0163033
            75               4.3496504              -0.7280965              -0.5081517
            76               4.3496504              -0.7280965               0.0000000
            77               4.3496504              -1.4561932              -1.5244550
            78               4.3496504              -1.4561932              -1.0163033
            79               4.3496504              -1.4561932              -0.5081517
            80               4.3496504              -1.4561932               0.0000000
            81               4.3496504              -2.1842897              -1.5244550
            82               4.3496504              -2.1842897              -1.0163033
            83               4.3496504              -2.1842897              -0.5081517
            84               4.3496504              -2.1842897               0.0000000
            85               4.3496504              -2.9123862              -1.5244550
            86               4.3496504              -2.9123862              -1.0163033
            87               4.3496504              -2.9123862              -0.5081517
            88               4.3496504              -2.9123862               0.0000000
            89               4.3496504              -2.9123862              -1.5244550
            90               4.3496504              -2.9123862              -1.0163033
            91               4.3496504              -2.9123862              -0.5081517
            92               4.3496504              -2.9123862               0.0000000
            93               3.6247087              -2.9123862              -1.5244550
            94               3.6247087              -2.9123862              -1.0163033
            95               3.6247087              -2.9123862              -0.5081517
            96               3.6247087              -2.9123862               0.0000000
            97               2.8997669              -2.9123862              -1.5244550
            98               2.8997669              -2.9123862              -1.0163033
            99               2.8997669              -2.9123862              -0.5081517
           100               2.8997669              -2.9123862               0.0000000
           101               2.1748252              -2.9123862              -1.5244550
           102               2.1748252              -2.9123862              -1.0163033
           103               2.1748252              -2.9123862              -0.5081517
           104               2.1748252              -2.9123862               0.0000000
           105               1.4498835              -2.9123862              -1.5244550
           106               1.4498835              -2.9123862              -1.0163033
           107               1.4498835              -2.9123862              -0.5081517
           108               1.4498835              -2.9123862               0.0000000
           109               0.7249415              -2.9123862              -1.5244550
           110               0.7249415              -2.9123862              -1.0163033
           111               0.7249415              -2.9123862              -0.5081517
           112               0.7249415              -2.9123862               0.0000000
           113               0.0000000              -2.9123862              -1.5244550
           114               0.0000000              -2.9123862              -1.0163033
           115               0.0000000              -2.9123862              -0.5081517
           116               0.0000000              -2.9123862               0.0000000
           117              -0.7249417              -2.9123862              -1.5244550
           118              -0.7249417              -2.9123862              -1.0163033
           119              -0.7249417              -2.9123862              -0.5081517
           120              -0.7249417              -2.9123862               0.0000000
           121              -1.4498835              -2.9123862              -1.5244550
           122              -1.4498835              -2.9123862              -1.0163033
           123              -1.4498835              -2.9123862              -0.5081517
           124              -1.4498835              -2.9123862               0.0000000
           125              -2.1748252              -2.9123862              -1.5244550
           126              -2.1748252              -2.9123862              -1.0163033
           127              -2.1748252              -2.9123862              -0.5081517
           128              -2.1748252              -2.9123862               0.0000000
           129              -2.8997674              -2.9123862              -1.5244550
           130              -2.8997674              -2.9123862              -1.0163033
           131              -2.8997674              -2.9123862              -0.5081517
           132              -2.8997674              -2.9123862               0.0000000
           133              -3.6247087              -2.9123862              -1.5244550
           134              -3.6247087              -2.9123862              -1.0163033
           135              -3.6247087              -2.9123862              -0.5081517
           136              -3.6247087              -2.9123862               0.0000000
           137              -4.3496504              -2.9123862              -1.5244550
           138              -4.3496504              -2.9123862              -1.0163033
           139              -4.3496504              -2.9123862              -0.5081517
           140              -4.3496504              -2.9123862               0.0000000
           141              -4.3496504              -2.9123862              -1.5244550
           142              -4.3496504              -2.9123862              -1.0163033
           143              -4.3496504              -2.9123862              -0.5081517
           144              -4.3496504              -2.9123862               0.0000000
           145              -4.3496504              -2.1842897              -1.5244550
           146              -4.3496504              -2.1842897              -1.0163033
           147              -4.3496504              -2.1842897              -0.5081517
           148              -4.3496504              -2.1842897               0.0000000
           149              -4.3496504              -1.4561931              -1.5244550
           150              -4.3496504              -1.4561931              -1.0163033
           151              -4.3496504              -1.4561931              -0.5081517
           152              -4.3496504              -1.4561931               0.0000000
           153              -4.3496504              -0.7280965              -1.5244550
           154              -4.3496504              -0.7280965              -1.0163033
           155              -4.3496504              -0.7280965              -0.5081517
           156              -4.3496504              -0.7280965               0.0000000
           157              -4.3496504               0.0000000              -1.5244550
           158              -4.3496504               0.0000000              -1.0163033
           159              -4.3496504               0.0000000              -0.5081517
           160              -4.3496504               0.0000000               0.0000000
           161              -4.3496504               0.7280965              -1.5244550
           162              -4.3496504               0.7280965              -1.0163033
           163              -4.3496504               0.7280965              -0.5081517
           164              -4.3496504               0.7280965               0.0000000
           165              -4.3496504               1.4561932              -1.5244550
           166              -4.3496504               1.4561932              -1.0163033
           167              -4.3496504               1.4561932              -0.5081517
           168              -4.3496504               1.4561932               0.0000000
           169              -4.3496504               2.1842897              -1.5244550
           170              -4.3496504               2.1842897              -1.0163033
           171              -4.3496504               2.1842897              -0.5081517
           172              -4.3496504               2.1842897               0.0000000
           173              -4.3496504               2.9123862              -1.5244550
           174              -4.3496504               2.9123862              -1.0163033
           175              -4.3496504               2.9123862              -0.5081517
           176              -4.3496504               2.9123862               0.0000000
           177               4.3496504              -2.9123862              -1.5244550
           178               3.6247087              -2.9123862              -1.5244550
           179               2.8997669              -2.9123862              -1.5244550
           180               2.1748252              -2.9123862              -1.5244550
           181               1.4498835              -2.9123862              -1.5244550
           182               0.7249415              -2.9123862              -1.5244550
           183               0.0000000              -2.9123862              -1.5244550
           184              -0.7249417              -2.9123862              -1.5244550
           185              -1.4498835              -2.9123862              -1.5244550
           186              -2.1748252              -2.9123862              -1.5244550
           187              -2.8997674              -2.9123862              -1.5244550
           188              -3.6247087              -2.9123862              -1.5244550
           189              -4.3496504              -2.9123862              -1.5244550
           190               4.3496504              -2.1842897              -1.5244550
           191               3.6247087              -2.1842897              -1.5244550
           192               2.8997669              -2.1842897              -1.5244550
           193               2.1748252              -2.1842897              -1.5244550
           194               1.4498835              -2.1842897              -1.5244550
           195               0.7249415              -2.1842897              -1.5244550
           196               0.0000000              -2.1842897              -1.5244550
           197              -0.7249417              -2.1842897              -1.5244550
           198              -1.4498835              -2.1842897              -1.5244550
           199              -2.1748252              -2.1842897              -1.5244550
           200              -2.8997674              -2.1842897              -1.5244550
           201              -3.6247087              -2.1842897              -1.5244550
           202              -4.3496504              -2.1842897              -1.5244550
           203               4.3496504              -1.4561931              -1.5244550
           204               3.6247087              -1.4561931              -1.5244550
           205               2.8997669              -1.4561931              -1.5244550
           206               2.1748252              -1.4561931              -1.5244550
           207               1.4498835              -1.4561931              -1.5244550
           208               0.7249415              -1.4561931              -1.5244550
           209               0.0000000              -1.4561931              -1.5244550
           210              -0.7249417              -1.4561931              -1.5244550
           211              -1.4498835              -1.4561931              -1.5244550
           212              -2.1748252              -1.4561931              -1.5244550
           213              -2.8997674              -1.4561931              -1.5244550
           214              -3.6247087              -1.4561931              -1.5244550
           215              -4.3496504              -1.4561931              -1.5244550
           216               4.3496504              -0.7280965              -1.5244550
           217               3.6247087              -0.7280965              -1.5244550
           218               2.8997669              -0.7280965              -1.5244550
           219               2.1748252              -0.7280965              -1.5244550
           220               1.4498835              -0.7280965              -1.5244550
           221               0.7249415              -0.7280965              -1.5244550
           222               0.0000000              -0.7280965              -1.5244550
           223              -0.7249417              -0.7280965              -1.5244550
           224              -1.4498835              -0.7280965              -1.5244550
           225              -2.1748252              -0.7280965              -1.5244550
           226              -2.8997674              -0.7280965              -1.5244550
           227              -3.6247087              -0.7280965              -1.5244550
           228              -4.3496504              -0.7280965              -1.5244550
           229               4.3496504               0.0000000              -1.5244550
           230               3.6247087               0.0000000              -1.5244550
           231               2.8997669               0.0000000              -1.5244550
           232               2.1748252               0.0000000              -1.5244550
           233               1.4498835               0.0000000              -1.5244550
           234               0.7249415               0.0000000              -1.5244550
           235               0.0000000               0.0000000              -1.5244550
           236              -0.7249417               0.0000000              -1.5244550
           237              -1.4498835               0.0000000              -1.5244550
           238              -2.1748252               0.0000000              -1.5244550
           239              -2.8997674               0.0000000              -1.5244550
           240              -3.6247087               0.0000000              -1.5244550
           241              -4.3496504               0.0000000              -1.5244550
           242               4.3496504               0.7280965              -1.5244550
           243               3.6247087               0.7280965              -1.5244550
           244               2.8997669               0.7280965              -1.5244550
           245               2.1748252               0.7280965              -1.5244550
           246               1.4498835               0.7280965              -1.5244550
           247               0.7249415               0.7280965              -1.5244550
           248               0.0000000               0.7280965              -1.5244550
           249              -0.7249417               0.7280965              -1.5244550
           250              -1.4498835               0.7280965              -1.5244550
           251              -2.1748252               0.7280965              -1.5244550
           252              -2.8997674               0.7280965              -1.5244550
           253              -3.6247087               0.7280965              -1.5244550
           254              -4.3496504               0.7280965              -1.5244550
           255               4.3496504               1.4561932              -1.5244550
           256               3.6247087               1.4561932              -1.5244550
           257               2.8997669               1.4561932              -1.5244550
           258               2.1748252               1.4561932              -1.5244550
           259               1.4498835               1.4561932              -1.5244550
           260               0.7249415               1.4561932              -1.5244550
           261               0.0000000               1.4561932              -1.5244550
           262              -0.7249417               1.4561932              -1.5244550
           263              -1.4498835               1.4561932              -1.5244550
           264              -2.1748252               1.4561932              -1.5244550
           265              -2.8997674               1.4561932              -1.5244550
           266              -3.6247087               1.4561932              -1.5244550
           267              -4.3496504               1.4561932              -1.5244550
           268               4.3496504               2.1842897              -1.5244550
           269               3.6247087               2.1842897              -1.5244550
           270               2.8997669               2.1842897              -1.5244550
           271               2.1748252               2.1842897              -1.5244550
           272               1.4498835               2.1842897              -1.5244550
           273               0.7249415               2.1842897              -1.5244550
           274               0.0000000               2.1842897              -1.5244550
           275              -0.7249417               2.1842897              -1.5244550
           276              -1.4498835               2.1842897              -1.5244550
           277              -2.1748252               2.1842897              -1.5244550
           278              -2.8997674               2.1842897              -1.5244550
           279              -3.6247087               2.1842897              -1.5244550
           280              -4.3496504               2.1842897              -1.5244550
           281               4.3496504               2.9123862              -1.5244550
           282               3.6247087               2.9123862              -1.5244550
           283               2.8997669               2.9123862              -1.5244550
           284               2.1748252               2.9123862              -1.5244550
           285               1.4498835               2.9123862              -1.5244550
           286               0.7249415               2.9123862              -1.5244550
           287               0.0000000               2.9123862              -1.5244550
           288              -0.7249417               2.9123862              -1.5244550
           289              -1.4498835               2.9123862              -1.5244550
           290              -2.1748252               2.9123862              -1.5244550
           291              -2.8997674               2.9123862              -1.5244550
           292              -3.6247087               2.9123862              -1.5244550
           293              -4.3496504               2.9123862              -1.5244550
             0          0.00          0.00          0.00
               1               2               6               5
               2               3               7               6
               3               4               8               7
               5               6              10               9
               6               7              11              10
               7               8              12              11
               9              10              14              13
              10              11              15              14
              11              12              16              15
              13              14              18              17
              14              15              19              18
              15              16              20              19
              17              18              22              21
              18              19              23              22
              19              20              24              23
              21              22              26              25
              22              23              27              26
              23              24              28              27
              25              26              30              29
              26              27              31              30
              27              28              32              31
              29              30              34              33
              30              31              35              34
              31              32              36              35
              33              34              38              37
              34              35              39              38
              35              36              40              39
              37              38              42              41
              38              39              43              42
              39              40              44              43
              41              42              46              45
              42              43              47              46
              43              44              48              47
              45              46              50              49
              46              47              51              50
              47              48              52              51
              53              54              58              57
              54              55              59              58
              55              56              60              59
              57              58              62              61
              58              59              63              62
              59              60              64              63
              61              62              66              65
              62              63              67              66
              63              64              68              67
              65              66              70              69
              66              67              71              70
              67              68              72              71
              69              70              74              73
              70              71              75              74
              71              72              76              75
              73              74              78              77
              74              75              79              78
              75              76              80              79
              77              78              82              81
              78              79              83              82
              79              80              84              83
              81              82              86              85
              82              83              87              86
              83              84              88              87
              89              90              94              93
              90              91              95              94
              91              92              96              95
              93              94              98              97
              94              95              99              98
              95              96             100              99
              97              98             102             101
              98              99             103             102
              99             100             104             103
             101             102             106             105
             102             103             107             106
             103             104             108             107
             105             106             110             109
             106             107             111             110
             107             108             112             111
             109             110             114             113
             110             111             115             114
             111             112             116             115
             113             114             118             117
             114             115             119             118
             115             116             120             119
             117             118             122             121
             118             119             123             122
             119             120             124             123
             121             122             126             125
             122             123             127             126
             123             124             128             127
             125             126             130             129
             126             127             131             130
             127             128             132             131
             129             130             134             133
             130             131             135             134
             131             132             136             135
             133             134             138             137
             134             135             139             138
             135             136             140             139
             141             142             146             145
             142             143             147             146
             143             144             148             147
             145             146             150             149
             146             147             151             150
             147             148             152             151
             149             150             154             153
             150             151             155             154
             151             152             156             155
             153             154             158             157
             154             155             159             158
             155             156             160             159
             157             158             162             161
             158             159             163             162
             159             160             164             163
             161             162             166             165
             162             163             167             166
             163             164             168             167
             165             166             170             169
             166             167             171             170
             167             168             172             171
             169             170             174             173
             170             171             175             174
             171             172             176             175
             177             178             191             190
             178             179             192             191
             179             180             193             192
             180             181             194             193
             181             182             195             194
             182             183             196             195
             183             184             197             196
             184             185             198             197
             185             186             199             198
             186             187             200             199
             187             188             201             200
             188             189             202             201
             190             191             204             203
             191             192             205             204
             192             193             206             205
             193             194             207             206
             194             195             208             207
             195             196             209             208
             196             197             210             209
             197             198             211             210
             198             199             212             211
             199             200             213             212
             200             201             214             213
             201             202             215             214
             203             204             217             216
             204             205             218             217
             205             206             219             218
             206             207             220             219
             207             208             221             220
             208             209             222             221
             209             210             223             222
             210             211             224             223
             211             212             225             224
             212             213             226             225
             213             214             227             226
             214             215             228             227
             216             217             230             229
             217             218             231             230
             218             219             232             231
             219             220             233             232
             220             221             234             233
             221             222             235             234
             222             223             236             235
             223             224             237             236
             224             225             238             237
             225             226             239             238
             226             227             240             239
             227             228             241             240
             229             230             243             242
             230             231             244             243
             231             232             245             244
             232             233             246             245
             233             234             247             246
             234             235             248             247
             235             236             249             248
             236             237             250             249
             237             238             251             250
             238             239             252             251
             239             240             253             252
             240             241             254             253
             242             243             256             255
             243             244             257             256
             244             245             258             257
             245             246             259             258
             246             247             260             259
             247             248             261             260
             248             249             262             261
             249             250             263             262
             250             251             264             263
             251             252             265             264
             252             253             266             265
             253             254             267             266
             255             256             269             268
             256             257             270             269
             257             258             271             270
             258             259             272             271
             259             260             273             272
             260             261             274             273
             261             262             275             274
             262             263             276             275
             263             264             277             276
             264             265             278             277
             265             266             279             278
             266             267             280             279
             268             269             282             281
             269             270             283             282
             270             271             284             283
             271             272             285             284
             272             273             286             285
             273             274             287             286
             274             275             288             287
             275             276             289             288
             276             277             290             289
             277             278             291             290
             278             279             292             291
             279             280             293             292
          0          0          0          0
