                    2          0
             1               1.5891575               0.6156429              -0.7059198
             2               1.6546246               0.6410050              -0.3529599
             3               1.7200917               0.6663671               0.0000000
             4               1.6466993               0.3078215              -0.7059198
             5               1.7145369               0.3205025              -0.3529599
             6               1.7823745               0.3331836               0.0000000
             7               1.7042412               0.0000000              -0.7059198
             8               1.7744492               0.0000000              -0.3529599
             9               1.8446573               0.0000000               0.0000000
            10               1.2162884               0.4711927              -1.3043697
            11               1.4027230               0.5434178              -1.0051447
            12               1.5891575               0.6156429              -0.7059198
            13               1.2603290               0.2355963              -1.3043697
            14               1.4535141               0.2717089              -1.0051447
            15               1.6466993               0.3078215              -0.7059198
            16               1.3043697               0.0000000              -1.3043697
            17               1.5043054               0.0000000              -1.0051447
            18               1.7042412               0.0000000              -0.7059198
            19               0.6582506               0.2550076              -1.7042412
            20               0.9372695               0.3631001              -1.5043054
            21               1.2162884               0.4711927              -1.3043697
            22               0.7059198               0.0000000              -1.7042412
            23               1.0051447               0.0000000              -1.5043054
            24               1.3043697               0.0000000              -1.3043697
            25               0.0000000               0.0000000              -1.8446573
            26               0.3291253               0.1275038              -1.7744492
            27               0.6582506               0.2550076              -1.7042412
            28               0.0000000               0.0000000              -1.8446573
            29               0.3529599               0.0000000              -1.7744492
            30               0.7059198               0.0000000              -1.7042412
            31               1.2594494               1.1481398              -0.7059198
            32               1.3113338               1.1954387              -0.3529599
            33               1.3632182               1.2427377               0.0000000
            34               1.4243034               0.8818914              -0.7059198
            35               1.4829792               0.9182219              -0.3529599
            36               1.5416549               0.9545524               0.0000000
            37               1.5891575               0.6156429              -0.7059198
            38               1.6546246               0.6410050              -0.3529599
            39               1.7200917               0.6663671               0.0000000
            40               0.9639408               0.8787482              -1.3043697
            41               1.1116951               1.0134439              -1.0051447
            42               1.2594494               1.1481398              -0.7059198
            43               1.0901146               0.6749704              -1.3043697
            44               1.2572091               0.7784309              -1.0051447
            45               1.4243034               0.8818914              -0.7059198
            46               1.2162884               0.4711927              -1.3043697
            47               1.4027230               0.5434178              -1.0051447
            48               1.5891575               0.6156429              -0.7059198
            49               0.5216810               0.4755751              -1.7042412
            50               0.7428109               0.6771616              -1.5043054
            51               0.9639408               0.8787482              -1.3043697
            52               0.6582506               0.2550076              -1.7042412
            53               0.9372695               0.3631001              -1.5043054
            54               1.2162884               0.4711927              -1.3043697
            55               0.0000000               0.0000000              -1.8446573
            56               0.2608405               0.2377875              -1.7744492
            57               0.5216810               0.4755751              -1.7042412
            58               0.0000000               0.0000000              -1.8446573
            59               0.3291253               0.1275038              -1.7744492
            60               0.6582506               0.2550076              -1.7042412
            61               0.7596456               1.5255741              -0.7059198
            62               0.7909400               1.5884218              -0.3529599
            63               0.8222345               1.6512696               0.0000000
            64               1.0095475               1.3368570              -0.7059198
            65               1.0511370               1.3919303              -0.3529599
            66               1.0927263               1.4470036               0.0000000
            67               1.2594494               1.1481398              -0.7059198
            68               1.3113338               1.1954387              -0.3529599
            69               1.3632182               1.2427377               0.0000000
            70               0.5814076               1.1676239              -1.3043697
            71               0.6705266               1.3465990              -1.0051447
            72               0.7596456               1.5255741              -0.7059198
            73               0.7726742               1.0231860              -1.3043697
            74               0.8911108               1.1800215              -1.0051447
            75               1.0095475               1.3368570              -0.7059198
            76               0.9639408               0.8787482              -1.3043697
            77               1.1116951               1.0134439              -1.0051447
            78               1.2594494               1.1481398              -0.7059198
            79               0.3146555               0.6319135              -1.7042412
            80               0.4480315               0.8997687              -1.5043054
            81               0.5814076               1.1676239              -1.3043697
            82               0.5216810               0.4755751              -1.7042412
            83               0.7428109               0.6771616              -1.5043054
            84               0.9639408               0.8787482              -1.3043697
            85               0.0000000               0.0000000              -1.8446573
            86               0.1573278               0.3159567              -1.7744492
            87               0.3146555               0.6319135              -1.7042412
            88               0.0000000               0.0000000              -1.8446573
            89               0.2608405               0.2377875              -1.7744492
            90               0.5216810               0.4755751              -1.7042412
            91               0.1572475               1.6969712              -0.7059198
            92               0.1637255               1.7668798              -0.3529599
            93               0.1702035               1.8367883               0.0000000
            94               0.4584466               1.6112726              -0.7059198
            95               0.4773328               1.6776507              -0.3529599
            96               0.4962190               1.7440289               0.0000000
            97               0.7596456               1.5255741              -0.7059198
            98               0.7909400               1.5884218              -0.3529599
            99               0.8222345               1.6512696               0.0000000
           100               0.1203521               1.2988055              -1.3043697
           101               0.1387998               1.4978883              -1.0051447
           102               0.1572475               1.6969712              -0.7059198
           103               0.3508798               1.2332146              -1.3043697
           104               0.4046632               1.4222436              -1.0051447
           105               0.4584466               1.6112726              -0.7059198
           106               0.5814076               1.1676239              -1.3043697
           107               0.6705266               1.3465990              -1.0051447
           108               0.7596456               1.5255741              -0.7059198
           109               0.0651341               0.7029085              -1.7042412
           110               0.0927431               1.0008570              -1.5043054
           111               0.1203521               1.2988055              -1.3043697
           112               0.3146555               0.6319135              -1.7042412
           113               0.4480315               0.8997687              -1.5043054
           114               0.5814076               1.1676239              -1.3043697
           115               0.0000000               0.0000000              -1.8446573
           116               0.0325671               0.3514543              -1.7744492
           117               0.0651341               0.7029085              -1.7042412
           118               0.0000000               0.0000000              -1.8446573
           119               0.1573278               0.3159567              -1.7744492
           120               0.3146555               0.6319135              -1.7042412
           121              -0.4663877               1.6391828              -0.7059198
           122              -0.4856010               1.7067108              -0.3529599
           123              -0.5048144               1.7742387               0.0000000
           124              -0.1545701               1.6680770              -0.7059198
           125              -0.1609378               1.7367952              -0.3529599
           126              -0.1673054               1.8055135               0.0000000
           127               0.1572475               1.6969712              -0.7059198
           128               0.1637255               1.7668798              -0.3529599
           129               0.1702035               1.8367883               0.0000000
           130              -0.3569577               1.2545762              -1.3043697
           131              -0.4116727               1.4468795              -1.0051447
           132              -0.4663877               1.6391828              -0.7059198
           133              -0.1183028               1.2766908              -1.3043697
           134              -0.1364365               1.4723840              -1.0051447
           135              -0.1545701               1.6680770              -0.7059198
           136               0.1203521               1.2988055              -1.3043697
           137               0.1387998               1.4978883              -1.0051447
           138               0.1572475               1.6969712              -0.7059198
           139              -0.1931841               0.6789718              -1.7042412
           140              -0.2750709               0.9667740              -1.5043054
           141              -0.3569577               1.2545762              -1.3043697
           142               0.0651341               0.7029085              -1.7042412
           143               0.0927431               1.0008570              -1.5043054
           144               0.1203521               1.2988055              -1.3043697
           145               0.0000000               0.0000000              -1.8446573
           146              -0.0965920               0.3394859              -1.7744492
           147              -0.1931841               0.6789718              -1.7042412
           148               0.0000000               0.0000000              -1.8446573
           149               0.0325670               0.3514543              -1.7744492
           150               0.0651341               0.7029085              -1.7042412
           151              -1.0270348               1.3600138              -0.7059198
           152              -1.0693445               1.4160411              -0.3529599
           153              -1.1116544               1.4720683               0.0000000
           154              -0.7467113               1.4995983              -0.7059198
           155              -0.7774729               1.5613759              -0.3529599
           156              -0.8082344               1.6231534               0.0000000
           157              -0.4663877               1.6391828              -0.7059198
           158              -0.4856010               1.7067108              -0.3529599
           159              -0.5048144               1.7742387               0.0000000
           160              -0.7860584               1.0409095              -1.3043697
           161              -0.9065466               1.2004616              -1.0051447
           162              -1.0270348               1.3600138              -0.7059198
           163              -0.5715080               1.1477429              -1.3043697
           164              -0.6591097               1.3236706              -1.0051447
           165              -0.7467113               1.4995983              -0.7059198
           166              -0.3569577               1.2545762              -1.3043697
           167              -0.4116727               1.4468795              -1.0051447
           168              -0.4663877               1.6391828              -0.7059198
           169              -0.4254117               0.5633362              -1.7042412
           170              -0.6057351               0.8021228              -1.5043054
           171              -0.7860584               1.0409095              -1.3043697
           172              -0.1931841               0.6789718              -1.7042412
           173              -0.2750709               0.9667740              -1.5043054
           174              -0.3569577               1.2545762              -1.3043697
           175               0.0000000               0.0000000              -1.8446573
           176              -0.2127059               0.2816681              -1.7744492
           177              -0.4254117               0.5633362              -1.7042412
           178               0.0000000               0.0000000              -1.8446573
           179              -0.0965920               0.3394859              -1.7744492
           180              -0.1931841               0.6789718              -1.7042412
           181              -1.4489750               0.8971674              -0.7059198
           182              -1.5086671               0.9341272              -0.3529599
           183              -1.5683593               0.9710869               0.0000000
           184              -1.2380049               1.1285906              -0.7059198
           185              -1.2890059               1.1750841              -0.3529599
           186              -1.3400068               1.2215776               0.0000000
           187              -1.0270348               1.3600138              -0.7059198
           188              -1.0693445               1.4160411              -0.3529599
           189              -1.1116544               1.4720683               0.0000000
           190              -1.1089975               0.6866622              -1.3043697
           191              -1.2789862               0.7919148              -1.0051447
           192              -1.4489750               0.8971674              -0.7059198
           193              -0.9475279               0.8637859              -1.3043697
           194              -1.0927664               0.9961882              -1.0051447
           195              -1.2380049               1.1285906              -0.7059198
           196              -0.7860584               1.0409095              -1.3043697
           197              -0.9065466               1.2004616              -1.0051447
           198              -1.0270348               1.3600138              -0.7059198
           199              -0.6001851               0.3716189              -1.7042412
           200              -0.8545913               0.5291405              -1.5043054
           201              -1.1089975               0.6866622              -1.3043697
           202              -0.4254117               0.5633362              -1.7042412
           203              -0.6057351               0.8021228              -1.5043054
           204              -0.7860584               1.0409095              -1.3043697
           205               0.0000000               0.0000000              -1.8446573
           206              -0.3000925               0.1858094              -1.7744492
           207              -0.6001851               0.3716189              -1.7042412
           208               0.0000000               0.0000000              -1.8446573
           209              -0.2127059               0.2816681              -1.7744492
           210              -0.4254117               0.5633362              -1.7042412
           211              -1.6752232               0.3131535              -0.7059198
           212              -1.7442359               0.3260542              -0.3529599
           213              -1.8132485               0.3389549               0.0000000
           214              -1.5620991               0.6051605              -0.7059198
           215              -1.6264515               0.6300907              -0.3529599
           216              -1.6908039               0.6550210               0.0000000
           217              -1.4489750               0.8971674              -0.7059198
           218              -1.5086671               0.9341272              -0.3529599
           219              -1.5683593               0.9710870               0.0000000
           220              -1.2821603               0.2396773              -1.3043697
           221              -1.4786918               0.2764154              -1.0051447
           222              -1.6752232               0.3131535              -0.7059198
           223              -1.1955788               0.4631698              -1.3043697
           224              -1.3788390               0.5341651              -1.0051447
           225              -1.5620991               0.6051605              -0.7059198
           226              -1.1089975               0.6866622              -1.3043697
           227              -1.2789862               0.7919148              -1.0051447
           228              -1.4489750               0.8971674              -0.7059198
           229              -0.6939002               0.1297124              -1.7042412
           230              -0.9880303               0.1846949              -1.5043054
           231              -1.2821603               0.2396773              -1.3043697
           232              -0.6001851               0.3716189              -1.7042412
           233              -0.8545913               0.5291405              -1.5043054
           234              -1.1089975               0.6866622              -1.3043697
           235               0.0000000               0.0000000              -1.8446573
           236              -0.3469501               0.0648562              -1.7744492
           237              -0.6939002               0.1297124              -1.7042412
           238               0.0000000               0.0000000              -1.8446573
           239              -0.3000925               0.1858094              -1.7744492
           240              -0.6001851               0.3716189              -1.7042412
           241              -1.6752232              -0.3131535              -0.7059198
           242              -1.7442359              -0.3260542              -0.3529599
           243              -1.8132485              -0.3389549               0.0000000
           244              -1.6752232               0.0000000              -0.7059198
           245              -1.7442359               0.0000000              -0.3529599
           246              -1.8132485               0.0000000               0.0000000
           247              -1.6752232               0.3131535              -0.7059198
           248              -1.7442359               0.3260542              -0.3529599
           249              -1.8132485               0.3389549               0.0000000
           250              -1.2821603              -0.2396773              -1.3043697
           251              -1.4786918              -0.2764154              -1.0051447
           252              -1.6752232              -0.3131535              -0.7059198
           253              -1.2821603               0.0000000              -1.3043697
           254              -1.4786918               0.0000000              -1.0051447
           255              -1.6752232               0.0000000              -0.7059198
           256              -1.2821603               0.2396773              -1.3043697
           257              -1.4786918               0.2764154              -1.0051447
           258              -1.6752232               0.3131535              -0.7059198
           259              -0.6939002              -0.1297124              -1.7042412
           260              -0.9880303              -0.1846949              -1.5043054
           261              -1.2821603              -0.2396773              -1.3043697
           262              -0.6939002               0.1297124              -1.7042412
           263              -0.9880303               0.1846949              -1.5043054
           264              -1.2821603               0.2396773              -1.3043697
           265               0.0000000               0.0000000              -1.8446573
           266              -0.3469501              -0.0648562              -1.7744492
           267              -0.6939002              -0.1297124              -1.7042412
           268               0.0000000               0.0000000              -1.8446573
           269              -0.3469501               0.0648562              -1.7744492
           270              -0.6939002               0.1297124              -1.7042412
           271              -1.4489750              -0.8971674              -0.7059198
           272              -1.5086671              -0.9341272              -0.3529599
           273              -1.5683593              -0.9710869               0.0000000
           274              -1.5620991              -0.6051605              -0.7059198
           275              -1.6264515              -0.6300907              -0.3529599
           276              -1.6908039              -0.6550209               0.0000000
           277              -1.6752232              -0.3131535              -0.7059198
           278              -1.7442359              -0.3260542              -0.3529599
           279              -1.8132485              -0.3389549               0.0000000
           280              -1.1089975              -0.6866622              -1.3043697
           281              -1.2789862              -0.7919148              -1.0051447
           282              -1.4489750              -0.8971674              -0.7059198
           283              -1.1955788              -0.4631698              -1.3043697
           284              -1.3788390              -0.5341651              -1.0051447
           285              -1.5620991              -0.6051605              -0.7059198
           286              -1.2821603              -0.2396773              -1.3043697
           287              -1.4786918              -0.2764154              -1.0051447
           288              -1.6752232              -0.3131535              -0.7059198
           289              -0.6001851              -0.3716189              -1.7042412
           290              -0.8545913              -0.5291405              -1.5043054
           291              -1.1089975              -0.6866622              -1.3043697
           292              -0.6939002              -0.1297124              -1.7042412
           293              -0.9880303              -0.1846949              -1.5043054
           294              -1.2821603              -0.2396773              -1.3043697
           295               0.0000000               0.0000000              -1.8446573
           296              -0.3000925              -0.1858094              -1.7744492
           297              -0.6001851              -0.3716189              -1.7042412
           298               0.0000000               0.0000000              -1.8446573
           299              -0.3469501              -0.0648562              -1.7744492
           300              -0.6939002              -0.1297124              -1.7042412
           301              -1.0270348              -1.3600138              -0.7059198
           302              -1.0693445              -1.4160411              -0.3529599
           303              -1.1116544              -1.4720683               0.0000000
           304              -1.2380049              -1.1285906              -0.7059198
           305              -1.2890059              -1.1750841              -0.3529599
           306              -1.3400068              -1.2215776               0.0000000
           307              -1.4489750              -0.8971674              -0.7059198
           308              -1.5086671              -0.9341272              -0.3529599
           309              -1.5683593              -0.9710869               0.0000000
           310              -0.7860584              -1.0409095              -1.3043697
           311              -0.9065466              -1.2004616              -1.0051447
           312              -1.0270348              -1.3600138              -0.7059198
           313              -0.9475279              -0.8637859              -1.3043697
           314              -1.0927664              -0.9961882              -1.0051447
           315              -1.2380049              -1.1285906              -0.7059198
           316              -1.1089975              -0.6866622              -1.3043697
           317              -1.2789862              -0.7919148              -1.0051447
           318              -1.4489750              -0.8971674              -0.7059198
           319              -0.4254117              -0.5633362              -1.7042412
           320              -0.6057351              -0.8021228              -1.5043054
           321              -0.7860584              -1.0409095              -1.3043697
           322              -0.6001851              -0.3716189              -1.7042412
           323              -0.8545913              -0.5291405              -1.5043054
           324              -1.1089975              -0.6866622              -1.3043697
           325               0.0000000               0.0000000              -1.8446573
           326              -0.2127059              -0.2816681              -1.7744492
           327              -0.4254117              -0.5633362              -1.7042412
           328               0.0000000               0.0000000              -1.8446573
           329              -0.3000925              -0.1858094              -1.7744492
           330              -0.6001851              -0.3716189              -1.7042412
           331              -0.4663877              -1.6391828              -0.7059198
           332              -0.4856010              -1.7067108              -0.3529599
           333              -0.5048144              -1.7742387               0.0000000
           334              -0.7467113              -1.4995983              -0.7059198
           335              -0.7774729              -1.5613759              -0.3529599
           336              -0.8082344              -1.6231534               0.0000000
           337              -1.0270348              -1.3600138              -0.7059198
           338              -1.0693445              -1.4160411              -0.3529599
           339              -1.1116544              -1.4720683               0.0000000
           340              -0.3569577              -1.2545762              -1.3043697
           341              -0.4116727              -1.4468795              -1.0051447
           342              -0.4663877              -1.6391828              -0.7059198
           343              -0.5715080              -1.1477429              -1.3043697
           344              -0.6591097              -1.3236706              -1.0051447
           345              -0.7467113              -1.4995983              -0.7059198
           346              -0.7860584              -1.0409095              -1.3043697
           347              -0.9065466              -1.2004616              -1.0051447
           348              -1.0270348              -1.3600138              -0.7059198
           349              -0.1931841              -0.6789718              -1.7042412
           350              -0.2750709              -0.9667740              -1.5043054
           351              -0.3569577              -1.2545762              -1.3043697
           352              -0.4254117              -0.5633362              -1.7042412
           353              -0.6057351              -0.8021228              -1.5043054
           354              -0.7860584              -1.0409095              -1.3043697
           355               0.0000000               0.0000000              -1.8446573
           356              -0.0965920              -0.3394859              -1.7744492
           357              -0.1931841              -0.6789718              -1.7042412
           358               0.0000000               0.0000000              -1.8446573
           359              -0.2127059              -0.2816681              -1.7744492
           360              -0.4254117              -0.5633362              -1.7042412
           361               0.1572475              -1.6969712              -0.7059198
           362               0.1637255              -1.7668798              -0.3529599
           363               0.1702035              -1.8367883               0.0000000
           364              -0.1545701              -1.6680770              -0.7059198
           365              -0.1609378              -1.7367952              -0.3529599
           366              -0.1673054              -1.8055135               0.0000000
           367              -0.4663877              -1.6391828              -0.7059198
           368              -0.4856010              -1.7067108              -0.3529599
           369              -0.5048144              -1.7742387               0.0000000
           370               0.1203521              -1.2988055              -1.3043697
           371               0.1387998              -1.4978883              -1.0051447
           372               0.1572475              -1.6969712              -0.7059198
           373              -0.1183028              -1.2766908              -1.3043697
           374              -0.1364364              -1.4723840              -1.0051447
           375              -0.1545701              -1.6680770              -0.7059198
           376              -0.3569577              -1.2545762              -1.3043697
           377              -0.4116727              -1.4468795              -1.0051447
           378              -0.4663877              -1.6391828              -0.7059198
           379               0.0651341              -0.7029085              -1.7042412
           380               0.0927431              -1.0008570              -1.5043054
           381               0.1203521              -1.2988055              -1.3043697
           382              -0.1931841              -0.6789718              -1.7042412
           383              -0.2750709              -0.9667740              -1.5043054
           384              -0.3569577              -1.2545762              -1.3043697
           385               0.0000000               0.0000000              -1.8446573
           386               0.0325671              -0.3514543              -1.7744492
           387               0.0651341              -0.7029085              -1.7042412
           388               0.0000000               0.0000000              -1.8446573
           389              -0.0965920              -0.3394859              -1.7744492
           390              -0.1931841              -0.6789718              -1.7042412
           391               0.7596456              -1.5255741              -0.7059198
           392               0.7909400              -1.5884218              -0.3529599
           393               0.8222345              -1.6512696               0.0000000
           394               0.4584465              -1.6112726              -0.7059198
           395               0.4773328              -1.6776507              -0.3529599
           396               0.4962190              -1.7440289               0.0000000
           397               0.1572475              -1.6969712              -0.7059198
           398               0.1637255              -1.7668798              -0.3529599
           399               0.1702035              -1.8367883               0.0000000
           400               0.5814076              -1.1676239              -1.3043697
           401               0.6705266              -1.3465990              -1.0051447
           402               0.7596456              -1.5255741              -0.7059198
           403               0.3508798              -1.2332146              -1.3043697
           404               0.4046632              -1.4222436              -1.0051447
           405               0.4584465              -1.6112726              -0.7059198
           406               0.1203521              -1.2988055              -1.3043697
           407               0.1387998              -1.4978883              -1.0051447
           408               0.1572475              -1.6969712              -0.7059198
           409               0.3146555              -0.6319135              -1.7042412
           410               0.4480315              -0.8997687              -1.5043054
           411               0.5814076              -1.1676239              -1.3043697
           412               0.0651341              -0.7029085              -1.7042412
           413               0.0927431              -1.0008570              -1.5043054
           414               0.1203521              -1.2988055              -1.3043697
           415               0.0000000               0.0000000              -1.8446573
           416               0.1573278              -0.3159567              -1.7744492
           417               0.3146555              -0.6319135              -1.7042412
           418               0.0000000               0.0000000              -1.8446573
           419               0.0325671              -0.3514543              -1.7744492
           420               0.0651341              -0.7029085              -1.7042412
           421               1.2594494              -1.1481398              -0.7059198
           422               1.3113338              -1.1954387              -0.3529599
           423               1.3632182              -1.2427377               0.0000000
           424               1.0095475              -1.3368570              -0.7059198
           425               1.0511370              -1.3919303              -0.3529599
           426               1.0927263              -1.4470036               0.0000000
           427               0.7596456              -1.5255741              -0.7059198
           428               0.7909400              -1.5884218              -0.3529599
           429               0.8222345              -1.6512696               0.0000000
           430               0.9639408              -0.8787482              -1.3043697
           431               1.1116951              -1.0134439              -1.0051447
           432               1.2594494              -1.1481398              -0.7059198
           433               0.7726742              -1.0231860              -1.3043697
           434               0.8911108              -1.1800215              -1.0051447
           435               1.0095475              -1.3368570              -0.7059198
           436               0.5814076              -1.1676239              -1.3043697
           437               0.6705266              -1.3465990              -1.0051447
           438               0.7596456              -1.5255741              -0.7059198
           439               0.5216810              -0.4755751              -1.7042412
           440               0.7428109              -0.6771616              -1.5043054
           441               0.9639408              -0.8787482              -1.3043697
           442               0.3146555              -0.6319135              -1.7042412
           443               0.4480315              -0.8997687              -1.5043054
           444               0.5814076              -1.1676239              -1.3043697
           445               0.0000000               0.0000000              -1.8446573
           446               0.2608405              -0.2377875              -1.7744492
           447               0.5216810              -0.4755751              -1.7042412
           448               0.0000000               0.0000000              -1.8446573
           449               0.1573278              -0.3159567              -1.7744492
           450               0.3146555              -0.6319135              -1.7042412
           451               1.5891575              -0.6156429              -0.7059198
           452               1.6546246              -0.6410050              -0.3529599
           453               1.7200917              -0.6663671               0.0000000
           454               1.4243034              -0.8818914              -0.7059198
           455               1.4829792              -0.9182219              -0.3529599
           456               1.5416549              -0.9545524               0.0000000
           457               1.2594494              -1.1481398              -0.7059198
           458               1.3113338              -1.1954387              -0.3529599
           459               1.3632182              -1.2427377               0.0000000
           460               1.2162884              -0.4711927              -1.3043697
           461               1.4027230              -0.5434178              -1.0051447
           462               1.5891575              -0.6156429              -0.7059198
           463               1.0901146              -0.6749704              -1.3043697
           464               1.2572091              -0.7784309              -1.0051447
           465               1.4243034              -0.8818914              -0.7059198
           466               0.9639408              -0.8787482              -1.3043697
           467               1.1116951              -1.0134439              -1.0051447
           468               1.2594494              -1.1481398              -0.7059198
           469               0.6582506              -0.2550076              -1.7042412
           470               0.9372695              -0.3631001              -1.5043054
           471               1.2162884              -0.4711927              -1.3043697
           472               0.5216810              -0.4755751              -1.7042412
           473               0.7428109              -0.6771616              -1.5043054
           474               0.9639408              -0.8787482              -1.3043697
           475               0.0000000               0.0000000              -1.8446573
           476               0.3291253              -0.1275038              -1.7744492
           477               0.6582506              -0.2550076              -1.7042412
           478               0.0000000               0.0000000              -1.8446573
           479               0.2608405              -0.2377875              -1.7744492
           480               0.5216810              -0.4755751              -1.7042412
           481               1.7042412               0.0000000              -0.7059198
           482               1.7744492               0.0000000              -0.3529599
           483               1.8446573               0.0000000               0.0000000
           484               1.6466993              -0.3078215              -0.7059198
           485               1.7145369              -0.3205025              -0.3529599
           486               1.7823745              -0.3331836               0.0000000
           487               1.5891575              -0.6156429              -0.7059198
           488               1.6546246              -0.6410050              -0.3529599
           489               1.7200917              -0.6663671               0.0000000
           490               1.3043697               0.0000000              -1.3043697
           491               1.5043054               0.0000000              -1.0051447
           492               1.7042412               0.0000000              -0.7059198
           493               1.2603290              -0.2355963              -1.3043697
           494               1.4535141              -0.2717089              -1.0051447
           495               1.6466993              -0.3078215              -0.7059198
           496               1.2162884              -0.4711927              -1.3043697
           497               1.4027230              -0.5434178              -1.0051447
           498               1.5891575              -0.6156429              -0.7059198
           499               0.7059198               0.0000000              -1.7042412
           500               1.0051447               0.0000000              -1.5043054
           501               1.3043697               0.0000000              -1.3043697
           502               0.6582506              -0.2550076              -1.7042412
           503               0.9372695              -0.3631001              -1.5043054
           504               1.2162884              -0.4711927              -1.3043697
           505               0.0000000               0.0000000              -1.8446573
           506               0.3529599               0.0000000              -1.7744492
           507               0.7059198               0.0000000              -1.7042412
           508               0.0000000               0.0000000              -1.8446573
           509               0.3291253              -0.1275038              -1.7744492
           510               0.6582506              -0.2550076              -1.7042412
             0          0.00          0.00          0.00
               1               2               5               4
               2               3               6               5
               4               5               8               7
               5               6               9               8
              10              11              14              13
              11              12              15              14
              13              14              17              16
              14              15              18              17
              19              20              23              22
              20              21              24              23
              25              26              29              28
              26              27              30              29
              31              32              35              34
              32              33              36              35
              34              35              38              37
              35              36              39              38
              40              41              44              43
              41              42              45              44
              43              44              47              46
              44              45              48              47
              49              50              53              52
              50              51              54              53
              55              56              59              58
              56              57              60              59
              61              62              65              64
              62              63              66              65
              64              65              68              67
              65              66              69              68
              70              71              74              73
              71              72              75              74
              73              74              77              76
              74              75              78              77
              79              80              83              82
              80              81              84              83
              85              86              89              88
              86              87              90              89
              91              92              95              94
              92              93              96              95
              94              95              98              97
              95              96              99              98
             100             101             104             103
             101             102             105             104
             103             104             107             106
             104             105             108             107
             109             110             113             112
             110             111             114             113
             115             116             119             118
             116             117             120             119
             121             122             125             124
             122             123             126             125
             124             125             128             127
             125             126             129             128
             130             131             134             133
             131             132             135             134
             133             134             137             136
             134             135             138             137
             139             140             143             142
             140             141             144             143
             145             146             149             148
             146             147             150             149
             151             152             155             154
             152             153             156             155
             154             155             158             157
             155             156             159             158
             160             161             164             163
             161             162             165             164
             163             164             167             166
             164             165             168             167
             169             170             173             172
             170             171             174             173
             175             176             179             178
             176             177             180             179
             181             182             185             184
             182             183             186             185
             184             185             188             187
             185             186             189             188
             190             191             194             193
             191             192             195             194
             193             194             197             196
             194             195             198             197
             199             200             203             202
             200             201             204             203
             205             206             209             208
             206             207             210             209
             211             212             215             214
             212             213             216             215
             214             215             218             217
             215             216             219             218
             220             221             224             223
             221             222             225             224
             223             224             227             226
             224             225             228             227
             229             230             233             232
             230             231             234             233
             235             236             239             238
             236             237             240             239
             241             242             245             244
             242             243             246             245
             244             245             248             247
             245             246             249             248
             250             251             254             253
             251             252             255             254
             253             254             257             256
             254             255             258             257
             259             260             263             262
             260             261             264             263
             265             266             269             268
             266             267             270             269
             271             272             275             274
             272             273             276             275
             274             275             278             277
             275             276             279             278
             280             281             284             283
             281             282             285             284
             283             284             287             286
             284             285             288             287
             289             290             293             292
             290             291             294             293
             295             296             299             298
             296             297             300             299
             301             302             305             304
             302             303             306             305
             304             305             308             307
             305             306             309             308
             310             311             314             313
             311             312             315             314
             313             314             317             316
             314             315             318             317
             319             320             323             322
             320             321             324             323
             325             326             329             328
             326             327             330             329
             331             332             335             334
             332             333             336             335
             334             335             338             337
             335             336             339             338
             340             341             344             343
             341             342             345             344
             343             344             347             346
             344             345             348             347
             349             350             353             352
             350             351             354             353
             355             356             359             358
             356             357             360             359
             361             362             365             364
             362             363             366             365
             364             365             368             367
             365             366             369             368
             370             371             374             373
             371             372             375             374
             373             374             377             376
             374             375             378             377
             379             380             383             382
             380             381             384             383
             385             386             389             388
             386             387             390             389
             391             392             395             394
             392             393             396             395
             394             395             398             397
             395             396             399             398
             400             401             404             403
             401             402             405             404
             403             404             407             406
             404             405             408             407
             409             410             413             412
             410             411             414             413
             415             416             419             418
             416             417             420             419
             421             422             425             424
             422             423             426             425
             424             425             428             427
             425             426             429             428
             430             431             434             433
             431             432             435             434
             433             434             437             436
             434             435             438             437
             439             440             443             442
             440             441             444             443
             445             446             449             448
             446             447             450             449
             451             452             455             454
             452             453             456             455
             454             455             458             457
             455             456             459             458
             460             461             464             463
             461             462             465             464
             463             464             467             466
             464             465             468             467
             469             470             473             472
             470             471             474             473
             475             476             479             478
             476             477             480             479
             481             482             485             484
             482             483             486             485
             484             485             488             487
             485             486             489             488
             490             491             494             493
             491             492             495             494
             493             494             497             496
             494             495             498             497
             499             500             503             502
             500             501             504             503
             505             506             509             508
             506             507             510             509
          0          0          0          0
