                    2          0
             1               2.1947842               0.8502639              -6.9321079
             2               2.1947842               0.8502639              -6.0655947
             3               2.1947842               0.8502639              -5.1990809
             4               2.1947842               0.8502639              -4.3325672
             5               2.1947842               0.8502639              -3.4660540
             6               2.1947842               0.8502639              -2.5995407
             7               2.1947842               0.8502639              -1.7330270
             8               2.1947842               0.8502639              -0.8665133
             9               2.1947842               0.8502639               0.0000000
            10               2.3537261               0.0000000              -6.9321079
            11               2.3537261               0.0000000              -6.0655947
            12               2.3537261               0.0000000              -5.1990809
            13               2.3537261               0.0000000              -4.3325672
            14               2.3537261               0.0000000              -3.4660540
            15               2.3537261               0.0000000              -2.5995407
            16               2.3537261               0.0000000              -1.7330270
            17               2.3537261               0.0000000              -0.8665133
            18               2.3537261               0.0000000               0.0000000
            19               1.7394246               1.5856950              -6.9321079
            20               1.7394246               1.5856950              -6.0655947
            21               1.7394246               1.5856950              -5.1990809
            22               1.7394246               1.5856950              -4.3325672
            23               1.7394246               1.5856950              -3.4660540
            24               1.7394246               1.5856950              -2.5995407
            25               1.7394246               1.5856950              -1.7330270
            26               1.7394246               1.5856950              -0.8665133
            27               1.7394246               1.5856950               0.0000000
            28               2.1947842               0.8502639              -6.9321079
            29               2.1947842               0.8502639              -6.0655947
            30               2.1947842               0.8502639              -5.1990809
            31               2.1947842               0.8502639              -4.3325672
            32               2.1947842               0.8502639              -3.4660540
            33               2.1947842               0.8502639              -2.5995407
            34               2.1947842               0.8502639              -1.7330270
            35               2.1947842               0.8502639              -0.8665133
            36               2.1947842               0.8502639               0.0000000
            37               1.0491461               2.1069691              -6.9321079
            38               1.0491461               2.1069691              -6.0655947
            39               1.0491461               2.1069691              -5.1990809
            40               1.0491461               2.1069691              -4.3325672
            41               1.0491461               2.1069691              -3.4660540
            42               1.0491461               2.1069691              -2.5995407
            43               1.0491461               2.1069691              -1.7330270
            44               1.0491461               2.1069691              -0.8665133
            45               1.0491461               2.1069691               0.0000000
            46               1.7394246               1.5856950              -6.9321079
            47               1.7394246               1.5856950              -6.0655947
            48               1.7394246               1.5856950              -5.1990809
            49               1.7394246               1.5856950              -4.3325672
            50               1.7394246               1.5856950              -3.4660540
            51               1.7394246               1.5856950              -2.5995407
            52               1.7394246               1.5856950              -1.7330270
            53               1.7394246               1.5856950              -0.8665133
            54               1.7394246               1.5856950               0.0000000
            55               0.2171744               2.3436854              -6.9321079
            56               0.2171744               2.3436854              -6.0655947
            57               0.2171744               2.3436854              -5.1990809
            58               0.2171744               2.3436854              -4.3325672
            59               0.2171744               2.3436854              -3.4660540
            60               0.2171744               2.3436854              -2.5995407
            61               0.2171744               2.3436854              -1.7330270
            62               0.2171744               2.3436854              -0.8665133
            63               0.2171744               2.3436854               0.0000000
            64               1.0491461               2.1069691              -6.9321079
            65               1.0491461               2.1069691              -6.0655947
            66               1.0491461               2.1069691              -5.1990809
            67               1.0491461               2.1069691              -4.3325672
            68               1.0491461               2.1069691              -3.4660540
            69               1.0491461               2.1069691              -2.5995407
            70               1.0491461               2.1069691              -1.7330270
            71               1.0491461               2.1069691              -0.8665133
            72               1.0491461               2.1069691               0.0000000
            73              -0.6441277               2.2638741              -6.9321079
            74              -0.6441277               2.2638741              -6.0655947
            75              -0.6441277               2.2638741              -5.1990809
            76              -0.6441277               2.2638741              -4.3325672
            77              -0.6441277               2.2638741              -3.4660540
            78              -0.6441277               2.2638741              -2.5995407
            79              -0.6441277               2.2638741              -1.7330270
            80              -0.6441277               2.2638741              -0.8665133
            81              -0.6441277               2.2638741               0.0000000
            82               0.2171744               2.3436854              -6.9321079
            83               0.2171744               2.3436854              -6.0655947
            84               0.2171744               2.3436854              -5.1990809
            85               0.2171744               2.3436854              -4.3325672
            86               0.2171744               2.3436854              -3.4660540
            87               0.2171744               2.3436854              -2.5995407
            88               0.2171744               2.3436854              -1.7330270
            89               0.2171744               2.3436854              -0.8665133
            90               0.2171744               2.3436854               0.0000000
            91              -1.4184369               1.8783140              -6.9321079
            92              -1.4184369               1.8783140              -6.0655947
            93              -1.4184369               1.8783140              -5.1990809
            94              -1.4184369               1.8783140              -4.3325672
            95              -1.4184369               1.8783140              -3.4660540
            96              -1.4184369               1.8783140              -2.5995407
            97              -1.4184369               1.8783140              -1.7330270
            98              -1.4184369               1.8783140              -0.8665133
            99              -1.4184369               1.8783140               0.0000000
           100              -0.6441277               2.2638741              -6.9321079
           101              -0.6441277               2.2638741              -6.0655947
           102              -0.6441277               2.2638741              -5.1990809
           103              -0.6441277               2.2638741              -4.3325672
           104              -0.6441277               2.2638741              -3.4660540
           105              -0.6441277               2.2638741              -2.5995407
           106              -0.6441277               2.2638741              -1.7330270
           107              -0.6441277               2.2638741              -0.8665133
           108              -0.6441277               2.2638741               0.0000000
           109              -2.0011783               1.2390771              -6.9321079
           110              -2.0011783               1.2390771              -6.0655947
           111              -2.0011783               1.2390771              -5.1990809
           112              -2.0011783               1.2390771              -4.3325672
           113              -2.0011783               1.2390771              -3.4660540
           114              -2.0011783               1.2390771              -2.5995407
           115              -2.0011783               1.2390771              -1.7330270
           116              -2.0011783               1.2390771              -0.8665133
           117              -2.0011783               1.2390771               0.0000000
           118              -1.4184369               1.8783140              -6.9321079
           119              -1.4184369               1.8783140              -6.0655947
           120              -1.4184369               1.8783140              -5.1990809
           121              -1.4184369               1.8783140              -4.3325672
           122              -1.4184369               1.8783140              -3.4660540
           123              -1.4184369               1.8783140              -2.5995407
           124              -1.4184369               1.8783140              -1.7330270
           125              -1.4184369               1.8783140              -0.8665133
           126              -1.4184369               1.8783140               0.0000000
           127              -2.3136494               0.4324960              -6.9321079
           128              -2.3136494               0.4324960              -6.0655947
           129              -2.3136494               0.4324960              -5.1990809
           130              -2.3136494               0.4324960              -4.3325672
           131              -2.3136494               0.4324960              -3.4660540
           132              -2.3136494               0.4324960              -2.5995407
           133              -2.3136494               0.4324960              -1.7330270
           134              -2.3136494               0.4324960              -0.8665133
           135              -2.3136494               0.4324960               0.0000000
           136              -2.0011783               1.2390771              -6.9321079
           137              -2.0011783               1.2390771              -6.0655947
           138              -2.0011783               1.2390771              -5.1990809
           139              -2.0011783               1.2390771              -4.3325672
           140              -2.0011783               1.2390771              -3.4660540
           141              -2.0011783               1.2390771              -2.5995407
           142              -2.0011783               1.2390771              -1.7330270
           143              -2.0011783               1.2390771              -0.8665133
           144              -2.0011783               1.2390771               0.0000000
           145              -2.3136494              -0.4324960              -6.9321079
           146              -2.3136494              -0.4324960              -6.0655947
           147              -2.3136494              -0.4324960              -5.1990809
           148              -2.3136494              -0.4324960              -4.3325672
           149              -2.3136494              -0.4324960              -3.4660540
           150              -2.3136494              -0.4324960              -2.5995407
           151              -2.3136494              -0.4324960              -1.7330270
           152              -2.3136494              -0.4324960              -0.8665133
           153              -2.3136494              -0.4324960               0.0000000
           154              -2.3136494               0.4324960              -6.9321079
           155              -2.3136494               0.4324960              -6.0655947
           156              -2.3136494               0.4324960              -5.1990809
           157              -2.3136494               0.4324960              -4.3325672
           158              -2.3136494               0.4324960              -3.4660540
           159              -2.3136494               0.4324960              -2.5995407
           160              -2.3136494               0.4324960              -1.7330270
           161              -2.3136494               0.4324960              -0.8665133
           162              -2.3136494               0.4324960               0.0000000
           163              -2.0011783              -1.2390771              -6.9321079
           164              -2.0011783              -1.2390771              -6.0655947
           165              -2.0011783              -1.2390771              -5.1990809
           166              -2.0011783              -1.2390771              -4.3325672
           167              -2.0011783              -1.2390771              -3.4660540
           168              -2.0011783              -1.2390771              -2.5995407
           169              -2.0011783              -1.2390771              -1.7330270
           170              -2.0011783              -1.2390771              -0.8665133
           171              -2.0011783              -1.2390771               0.0000000
           172              -2.3136494              -0.4324960              -6.9321079
           173              -2.3136494              -0.4324960              -6.0655947
           174              -2.3136494              -0.4324960              -5.1990809
           175              -2.3136494              -0.4324960              -4.3325672
           176              -2.3136494              -0.4324960              -3.4660540
           177              -2.3136494              -0.4324960              -2.5995407
           178              -2.3136494              -0.4324960              -1.7330270
           179              -2.3136494              -0.4324960              -0.8665133
           180              -2.3136494              -0.4324960               0.0000000
           181              -1.4184369              -1.8783140              -6.9321079
           182              -1.4184369              -1.8783140              -6.0655947
           183              -1.4184369              -1.8783140              -5.1990809
           184              -1.4184369              -1.8783140              -4.3325672
           185              -1.4184369              -1.8783140              -3.4660540
           186              -1.4184369              -1.8783140              -2.5995407
           187              -1.4184369              -1.8783140              -1.7330270
           188              -1.4184369              -1.8783140              -0.8665133
           189              -1.4184369              -1.8783140               0.0000000
           190              -2.0011783              -1.2390771              -6.9321079
           191              -2.0011783              -1.2390771              -6.0655947
           192              -2.0011783              -1.2390771              -5.1990809
           193              -2.0011783              -1.2390771              -4.3325672
           194              -2.0011783              -1.2390771              -3.4660540
           195              -2.0011783              -1.2390771              -2.5995407
           196              -2.0011783              -1.2390771              -1.7330270
           197              -2.0011783              -1.2390771              -0.8665133
           198              -2.0011783              -1.2390771               0.0000000
           199              -0.6441277              -2.2638741              -6.9321079
           200              -0.6441277              -2.2638741              -6.0655947
           201              -0.6441277              -2.2638741              -5.1990809
           202              -0.6441277              -2.2638741              -4.3325672
           203              -0.6441277              -2.2638741              -3.4660540
           204              -0.6441277              -2.2638741              -2.5995407
           205              -0.6441277              -2.2638741              -1.7330270
           206              -0.6441277              -2.2638741              -0.8665133
           207              -0.6441277              -2.2638741               0.0000000
           208              -1.4184369              -1.8783140              -6.9321079
           209              -1.4184369              -1.8783140              -6.0655947
           210              -1.4184369              -1.8783140              -5.1990809
           211              -1.4184369              -1.8783140              -4.3325672
           212              -1.4184369              -1.8783140              -3.4660540
           213              -1.4184369              -1.8783140              -2.5995407
           214              -1.4184369              -1.8783140              -1.7330270
           215              -1.4184369              -1.8783140              -0.8665133
           216              -1.4184369              -1.8783140               0.0000000
           217               0.2171744              -2.3436854              -6.9321079
           218               0.2171744              -2.3436854              -6.0655947
           219               0.2171744              -2.3436854              -5.1990809
           220               0.2171744              -2.3436854              -4.3325672
           221               0.2171744              -2.3436854              -3.4660540
           222               0.2171744              -2.3436854              -2.5995407
           223               0.2171744              -2.3436854              -1.7330270
           224               0.2171744              -2.3436854              -0.8665133
           225               0.2171744              -2.3436854               0.0000000
           226              -0.6441277              -2.2638741              -6.9321079
           227              -0.6441277              -2.2638741              -6.0655947
           228              -0.6441277              -2.2638741              -5.1990809
           229              -0.6441277              -2.2638741              -4.3325672
           230              -0.6441277              -2.2638741              -3.4660540
           231              -0.6441277              -2.2638741              -2.5995407
           232              -0.6441277              -2.2638741              -1.7330270
           233              -0.6441277              -2.2638741              -0.8665133
           234              -0.6441277              -2.2638741               0.0000000
           235               1.0491461              -2.1069691              -6.9321079
           236               1.0491461              -2.1069691              -6.0655947
           237               1.0491461              -2.1069691              -5.1990809
           238               1.0491461              -2.1069691              -4.3325672
           239               1.0491461              -2.1069691              -3.4660540
           240               1.0491461              -2.1069691              -2.5995407
           241               1.0491461              -2.1069691              -1.7330270
           242               1.0491461              -2.1069691              -0.8665133
           243               1.0491461              -2.1069691               0.0000000
           244               0.2171744              -2.3436854              -6.9321079
           245               0.2171744              -2.3436854              -6.0655947
           246               0.2171744              -2.3436854              -5.1990809
           247               0.2171744              -2.3436854              -4.3325672
           248               0.2171744              -2.3436854              -3.4660540
           249               0.2171744              -2.3436854              -2.5995407
           250               0.2171744              -2.3436854              -1.7330270
           251               0.2171744              -2.3436854              -0.8665133
           252               0.2171744              -2.3436854               0.0000000
           253               1.7394246              -1.5856950              -6.9321079
           254               1.7394246              -1.5856950              -6.0655947
           255               1.7394246              -1.5856950              -5.1990809
           256               1.7394246              -1.5856950              -4.3325672
           257               1.7394246              -1.5856950              -3.4660540
           258               1.7394246              -1.5856950              -2.5995407
           259               1.7394246              -1.5856950              -1.7330270
           260               1.7394246              -1.5856950              -0.8665133
           261               1.7394246              -1.5856950               0.0000000
           262               1.0491461              -2.1069691              -6.9321079
           263               1.0491461              -2.1069691              -6.0655947
           264               1.0491461              -2.1069691              -5.1990809
           265               1.0491461              -2.1069691              -4.3325672
           266               1.0491461              -2.1069691              -3.4660540
           267               1.0491461              -2.1069691              -2.5995407
           268               1.0491461              -2.1069691              -1.7330270
           269               1.0491461              -2.1069691              -0.8665133
           270               1.0491461              -2.1069691               0.0000000
           271               2.1947842              -0.8502639              -6.9321079
           272               2.1947842              -0.8502639              -6.0655947
           273               2.1947842              -0.8502639              -5.1990809
           274               2.1947842              -0.8502639              -4.3325672
           275               2.1947842              -0.8502639              -3.4660540
           276               2.1947842              -0.8502639              -2.5995407
           277               2.1947842              -0.8502639              -1.7330270
           278               2.1947842              -0.8502639              -0.8665133
           279               2.1947842              -0.8502639               0.0000000
           280               1.7394246              -1.5856950              -6.9321079
           281               1.7394246              -1.5856950              -6.0655947
           282               1.7394246              -1.5856950              -5.1990809
           283               1.7394246              -1.5856950              -4.3325672
           284               1.7394246              -1.5856950              -3.4660540
           285               1.7394246              -1.5856950              -2.5995407
           286               1.7394246              -1.5856950              -1.7330270
           287               1.7394246              -1.5856950              -0.8665133
           288               1.7394246              -1.5856950               0.0000000
           289               2.3537261               0.0000000              -6.9321079
           290               2.3537261               0.0000000              -6.0655947
           291               2.3537261               0.0000000              -5.1990809
           292               2.3537261               0.0000000              -4.3325672
           293               2.3537261               0.0000000              -3.4660540
           294               2.3537261               0.0000000              -2.5995407
           295               2.3537261               0.0000000              -1.7330270
           296               2.3537261               0.0000000              -0.8665133
           297               2.3537261               0.0000000               0.0000000
           298               2.1947842              -0.8502639              -6.9321079
           299               2.1947842              -0.8502639              -6.0655947
           300               2.1947842              -0.8502639              -5.1990809
           301               2.1947842              -0.8502639              -4.3325672
           302               2.1947842              -0.8502639              -3.4660540
           303               2.1947842              -0.8502639              -2.5995407
           304               2.1947842              -0.8502639              -1.7330270
           305               2.1947842              -0.8502639              -0.8665133
           306               2.1947842              -0.8502639               0.0000000
           307               0.0000000               0.0000000              -6.9321079
           308               0.0000000               0.0000000              -6.9321079
           309               0.7845754               0.0000000              -6.9321079
           310               0.7315947               0.2834213              -6.9321079
           311               1.5691508               0.0000000              -6.9321079
           312               1.4631895               0.5668426              -6.9321079
           313               2.3537261               0.0000000              -6.9321079
           314               2.1947842               0.8502639              -6.9321079
           315               0.0000000               0.0000000              -6.9321079
           316               0.0000000               0.0000000              -6.9321079
           317               0.7315947               0.2834213              -6.9321079
           318               0.5798082               0.5285650              -6.9321079
           319               1.4631895               0.5668426              -6.9321079
           320               1.1596164               1.0571300              -6.9321079
           321               2.1947842               0.8502639              -6.9321079
           322               1.7394246               1.5856949              -6.9321079
           323               0.0000000               0.0000000              -6.9321079
           324               0.0000000               0.0000000              -6.9321079
           325               0.5798082               0.5285650              -6.9321079
           326               0.3497154               0.7023230              -6.9321079
           327               1.1596164               1.0571300              -6.9321079
           328               0.6994307               1.4046460              -6.9321079
           329               1.7394246               1.5856949              -6.9321079
           330               1.0491461               2.1069691              -6.9321079
           331               0.0000000               0.0000000              -6.9321079
           332               0.0000000               0.0000000              -6.9321079
           333               0.3497154               0.7023230              -6.9321079
           334               0.0723915               0.7812285              -6.9321079
           335               0.6994307               1.4046460              -6.9321079
           336               0.1447829               1.5624570              -6.9321079
           337               1.0491461               2.1069691              -6.9321079
           338               0.2171744               2.3436854              -6.9321079
           339               0.0000000               0.0000000              -6.9321079
           340               0.0000000               0.0000000              -6.9321079
           341               0.0723915               0.7812285              -6.9321079
           342              -0.2147092               0.7546247              -6.9321079
           343               0.1447829               1.5624570              -6.9321079
           344              -0.4294185               1.5092493              -6.9321079
           345               0.2171744               2.3436854              -6.9321079
           346              -0.6441277               2.2638741              -6.9321079
           347               0.0000000               0.0000000              -6.9321079
           348               0.0000000               0.0000000              -6.9321079
           349              -0.2147092               0.7546247              -6.9321079
           350              -0.4728123               0.6261047              -6.9321079
           351              -0.4294185               1.5092493              -6.9321079
           352              -0.9456246               1.2522093              -6.9321079
           353              -0.6441277               2.2638741              -6.9321079
           354              -1.4184369               1.8783140              -6.9321079
           355               0.0000000               0.0000000              -6.9321079
           356               0.0000000               0.0000000              -6.9321079
           357              -0.4728123               0.6261047              -6.9321079
           358              -0.6670594               0.4130257              -6.9321079
           359              -0.9456246               1.2522093              -6.9321079
           360              -1.3341188               0.8260514              -6.9321079
           361              -1.4184369               1.8783140              -6.9321079
           362              -2.0011783               1.2390771              -6.9321079
           363               0.0000000               0.0000000              -6.9321079
           364               0.0000000               0.0000000              -6.9321079
           365              -0.6670594               0.4130257              -6.9321079
           366              -0.7712165               0.1441653              -6.9321079
           367              -1.3341188               0.8260514              -6.9321079
           368              -1.5424329               0.2883307              -6.9321079
           369              -2.0011783               1.2390771              -6.9321079
           370              -2.3136494               0.4324960              -6.9321079
           371               0.0000000               0.0000000              -6.9321079
           372               0.0000000               0.0000000              -6.9321079
           373              -0.7712165               0.1441653              -6.9321079
           374              -0.7712165              -0.1441653              -6.9321079
           375              -1.5424329               0.2883307              -6.9321079
           376              -1.5424329              -0.2883307              -6.9321079
           377              -2.3136494               0.4324960              -6.9321079
           378              -2.3136494              -0.4324960              -6.9321079
           379               0.0000000               0.0000000              -6.9321079
           380               0.0000000               0.0000000              -6.9321079
           381              -0.7712165              -0.1441653              -6.9321079
           382              -0.6670594              -0.4130257              -6.9321079
           383              -1.5424329              -0.2883307              -6.9321079
           384              -1.3341188              -0.8260514              -6.9321079
           385              -2.3136494              -0.4324960              -6.9321079
           386              -2.0011783              -1.2390771              -6.9321079
           387               0.0000000               0.0000000              -6.9321079
           388               0.0000000               0.0000000              -6.9321079
           389              -0.6670594              -0.4130257              -6.9321079
           390              -0.4728123              -0.6261047              -6.9321079
           391              -1.3341188              -0.8260514              -6.9321079
           392              -0.9456246              -1.2522093              -6.9321079
           393              -2.0011783              -1.2390771              -6.9321079
           394              -1.4184369              -1.8783140              -6.9321079
           395               0.0000000               0.0000000              -6.9321079
           396               0.0000000               0.0000000              -6.9321079
           397              -0.4728123              -0.6261047              -6.9321079
           398              -0.2147092              -0.7546247              -6.9321079
           399              -0.9456246              -1.2522093              -6.9321079
           400              -0.4294184              -1.5092493              -6.9321079
           401              -1.4184369              -1.8783140              -6.9321079
           402              -0.6441277              -2.2638741              -6.9321079
           403               0.0000000               0.0000000              -6.9321079
           404               0.0000000               0.0000000              -6.9321079
           405              -0.2147092              -0.7546247              -6.9321079
           406               0.0723915              -0.7812285              -6.9321079
           407              -0.4294185              -1.5092493              -6.9321079
           408               0.1447829              -1.5624570              -6.9321079
           409              -0.6441277              -2.2638741              -6.9321079
           410               0.2171744              -2.3436854              -6.9321079
           411               0.0000000               0.0000000              -6.9321079
           412               0.0000000               0.0000000              -6.9321079
           413               0.0723915              -0.7812285              -6.9321079
           414               0.3497154              -0.7023230              -6.9321079
           415               0.1447829              -1.5624570              -6.9321079
           416               0.6994307              -1.4046460              -6.9321079
           417               0.2171744              -2.3436854              -6.9321079
           418               1.0491461              -2.1069691              -6.9321079
           419               0.0000000               0.0000000              -6.9321079
           420               0.0000000               0.0000000              -6.9321079
           421               0.3497154              -0.7023230              -6.9321079
           422               0.5798082              -0.5285650              -6.9321079
           423               0.6994307              -1.4046460              -6.9321079
           424               1.1596164              -1.0571300              -6.9321079
           425               1.0491461              -2.1069691              -6.9321079
           426               1.7394246              -1.5856949              -6.9321079
           427               0.0000000               0.0000000              -6.9321079
           428               0.0000000               0.0000000              -6.9321079
           429               0.5798082              -0.5285650              -6.9321079
           430               0.7315947              -0.2834213              -6.9321079
           431               1.1596164              -1.0571300              -6.9321079
           432               1.4631895              -0.5668426              -6.9321079
           433               1.7394246              -1.5856949              -6.9321079
           434               2.1947842              -0.8502639              -6.9321079
           435               0.0000000               0.0000000              -6.9321079
           436               0.0000000               0.0000000              -6.9321079
           437               0.7315947              -0.2834213              -6.9321079
           438               0.7845754               0.0000000              -6.9321079
           439               1.4631895              -0.5668426              -6.9321079
           440               1.5691508               0.0000000              -6.9321079
           441               2.1947842              -0.8502639              -6.9321079
           442               2.3537261               0.0000000              -6.9321079
             0          0.00          0.00          0.00
               1               2              11              10
               2               3              12              11
               3               4              13              12
               4               5              14              13
               5               6              15              14
               6               7              16              15
               7               8              17              16
               8               9              18              17
              19              20              29              28
              20              21              30              29
              21              22              31              30
              22              23              32              31
              23              24              33              32
              24              25              34              33
              25              26              35              34
              26              27              36              35
              37              38              47              46
              38              39              48              47
              39              40              49              48
              40              41              50              49
              41              42              51              50
              42              43              52              51
              43              44              53              52
              44              45              54              53
              55              56              65              64
              56              57              66              65
              57              58              67              66
              58              59              68              67
              59              60              69              68
              60              61              70              69
              61              62              71              70
              62              63              72              71
              73              74              83              82
              74              75              84              83
              75              76              85              84
              76              77              86              85
              77              78              87              86
              78              79              88              87
              79              80              89              88
              80              81              90              89
              91              92             101             100
              92              93             102             101
              93              94             103             102
              94              95             104             103
              95              96             105             104
              96              97             106             105
              97              98             107             106
              98              99             108             107
             109             110             119             118
             110             111             120             119
             111             112             121             120
             112             113             122             121
             113             114             123             122
             114             115             124             123
             115             116             125             124
             116             117             126             125
             127             128             137             136
             128             129             138             137
             129             130             139             138
             130             131             140             139
             131             132             141             140
             132             133             142             141
             133             134             143             142
             134             135             144             143
             145             146             155             154
             146             147             156             155
             147             148             157             156
             148             149             158             157
             149             150             159             158
             150             151             160             159
             151             152             161             160
             152             153             162             161
             163             164             173             172
             164             165             174             173
             165             166             175             174
             166             167             176             175
             167             168             177             176
             168             169             178             177
             169             170             179             178
             170             171             180             179
             181             182             191             190
             182             183             192             191
             183             184             193             192
             184             185             194             193
             185             186             195             194
             186             187             196             195
             187             188             197             196
             188             189             198             197
             199             200             209             208
             200             201             210             209
             201             202             211             210
             202             203             212             211
             203             204             213             212
             204             205             214             213
             205             206             215             214
             206             207             216             215
             217             218             227             226
             218             219             228             227
             219             220             229             228
             220             221             230             229
             221             222             231             230
             222             223             232             231
             223             224             233             232
             224             225             234             233
             235             236             245             244
             236             237             246             245
             237             238             247             246
             238             239             248             247
             239             240             249             248
             240             241             250             249
             241             242             251             250
             242             243             252             251
             253             254             263             262
             254             255             264             263
             255             256             265             264
             256             257             266             265
             257             258             267             266
             258             259             268             267
             259             260             269             268
             260             261             270             269
             271             272             281             280
             272             273             282             281
             273             274             283             282
             274             275             284             283
             275             276             285             284
             276             277             286             285
             277             278             287             286
             278             279             288             287
             289             290             299             298
             290             291             300             299
             291             292             301             300
             292             293             302             301
             293             294             303             302
             294             295             304             303
             295             296             305             304
             296             297             306             305
             307             308             310             309
             309             310             312             311
             311             312             314             313
             315             316             318             317
             317             318             320             319
             319             320             322             321
             323             324             326             325
             325             326             328             327
             327             328             330             329
             331             332             334             333
             333             334             336             335
             335             336             338             337
             339             340             342             341
             341             342             344             343
             343             344             346             345
             347             348             350             349
             349             350             352             351
             351             352             354             353
             355             356             358             357
             357             358             360             359
             359             360             362             361
             363             364             366             365
             365             366             368             367
             367             368             370             369
             371             372             374             373
             373             374             376             375
             375             376             378             377
             379             380             382             381
             381             382             384             383
             383             384             386             385
             387             388             390             389
             389             390             392             391
             391             392             394             393
             395             396             398             397
             397             398             400             399
             399             400             402             401
             403             404             406             405
             405             406             408             407
             407             408             410             409
             411             412             414             413
             413             414             416             415
             415             416             418             417
             419             420             422             421
             421             422             424             423
             423             424             426             425
             427             428             430             429
             429             430             432             431
             431             432             434             433
             435             436             438             437
             437             438             440             439
             439             440             442             441
          0          0          0          0
