                    2          0
             1               3.2254651               1.2495518              -5.1868482
             2               3.2254651               1.2495518              -4.1494784
             3               3.2254651               1.2495518              -3.1121089
             4               3.2254651               1.2495518              -2.0747392
             5               3.2254651               1.2495518              -1.0373697
             6               3.2254651               1.2495518               0.0000000
             7               3.3422561               0.6247759              -5.1868482
             8               3.3422561               0.6247759              -4.1494784
             9               3.3422561               0.6247759              -3.1121089
            10               3.3422561               0.6247759              -2.0747392
            11               3.3422561               0.6247759              -1.0373697
            12               3.3422561               0.6247759               0.0000000
            13               3.4590468               0.0000000              -5.1868482
            14               3.4590468               0.0000000              -4.1494784
            15               3.4590468               0.0000000              -3.1121089
            16               3.4590468               0.0000000              -2.0747392
            17               3.4590468               0.0000000              -1.0373697
            18               3.4590468               0.0000000               0.0000000
            19               2.5562663               2.3303449              -5.1868482
            20               2.5562663               2.3303449              -4.1494784
            21               2.5562663               2.3303449              -3.1121089
            22               2.5562663               2.3303449              -2.0747392
            23               2.5562663               2.3303449              -1.0373697
            24               2.5562663               2.3303449               0.0000000
            25               2.8908658               1.7899483              -5.1868482
            26               2.8908658               1.7899483              -4.1494784
            27               2.8908658               1.7899483              -3.1121089
            28               2.8908658               1.7899483              -2.0747392
            29               2.8908658               1.7899483              -1.0373697
            30               2.8908658               1.7899483               0.0000000
            31               3.2254651               1.2495518              -5.1868482
            32               3.2254651               1.2495518              -4.1494784
            33               3.2254651               1.2495518              -3.1121089
            34               3.2254651               1.2495518              -2.0747392
            35               3.2254651               1.2495518              -1.0373697
            36               3.2254651               1.2495518               0.0000000
            37               1.5418298               3.0964117              -5.1868482
            38               1.5418298               3.0964117              -4.1494784
            39               1.5418298               3.0964117              -3.1121089
            40               1.5418298               3.0964117              -2.0747392
            41               1.5418298               3.0964117              -1.0373697
            42               1.5418298               3.0964117               0.0000000
            43               2.0490479               2.7133784              -5.1868482
            44               2.0490479               2.7133784              -4.1494784
            45               2.0490479               2.7133784              -3.1121089
            46               2.0490479               2.7133784              -2.0747392
            47               2.0490479               2.7133784              -1.0373697
            48               2.0490479               2.7133784               0.0000000
            49               2.5562663               2.3303449              -5.1868482
            50               2.5562663               2.3303449              -4.1494784
            51               2.5562663               2.3303449              -3.1121089
            52               2.5562663               2.3303449              -2.0747392
            53               2.5562663               2.3303449              -1.0373697
            54               2.5562663               2.3303449               0.0000000
            55               0.3191606               3.4442911              -5.1868482
            56               0.3191606               3.4442911              -4.1494784
            57               0.3191606               3.4442911              -3.1121089
            58               0.3191606               3.4442911              -2.0747392
            59               0.3191606               3.4442911              -1.0373697
            60               0.3191606               3.4442911               0.0000000
            61               0.9304953               3.2703514              -5.1868482
            62               0.9304953               3.2703514              -4.1494784
            63               0.9304953               3.2703514              -3.1121089
            64               0.9304953               3.2703514              -2.0747392
            65               0.9304953               3.2703514              -1.0373697
            66               0.9304953               3.2703514               0.0000000
            67               1.5418298               3.0964117              -5.1868482
            68               1.5418298               3.0964117              -4.1494784
            69               1.5418298               3.0964117              -3.1121089
            70               1.5418298               3.0964117              -2.0747392
            71               1.5418298               3.0964117              -1.0373697
            72               1.5418298               3.0964117               0.0000000
            73              -0.9466131               3.3269999              -5.1868482
            74              -0.9466131               3.3269999              -4.1494784
            75              -0.9466131               3.3269999              -3.1121089
            76              -0.9466131               3.3269999              -2.0747392
            77              -0.9466131               3.3269999              -1.0373697
            78              -0.9466131               3.3269999               0.0000000
            79              -0.3137262               3.3856454              -5.1868482
            80              -0.3137262               3.3856454              -4.1494784
            81              -0.3137262               3.3856454              -3.1121089
            82              -0.3137262               3.3856454              -2.0747392
            83              -0.3137262               3.3856454              -1.0373697
            84              -0.3137262               3.3856454               0.0000000
            85               0.3191606               3.4442911              -5.1868482
            86               0.3191606               3.4442911              -4.1494784
            87               0.3191606               3.4442911              -3.1121089
            88               0.3191606               3.4442911              -2.0747392
            89               0.3191606               3.4442911              -1.0373697
            90               0.3191606               3.4442911               0.0000000
            91              -2.0845413               2.7603788              -5.1868482
            92              -2.0845413               2.7603788              -4.1494784
            93              -2.0845413               2.7603788              -3.1121089
            94              -2.0845413               2.7603788              -2.0747392
            95              -2.0845413               2.7603788              -1.0373697
            96              -2.0845413               2.7603788               0.0000000
            97              -1.5155772               3.0436893              -5.1868482
            98              -1.5155772               3.0436893              -4.1494784
            99              -1.5155772               3.0436893              -3.1121089
           100              -1.5155772               3.0436893              -2.0747392
           101              -1.5155772               3.0436893              -1.0373697
           102              -1.5155772               3.0436893               0.0000000
           103              -0.9466131               3.3269999              -5.1868482
           104              -0.9466131               3.3269999              -4.1494784
           105              -0.9466131               3.3269999              -3.1121089
           106              -0.9466131               3.3269999              -2.0747392
           107              -0.9466131               3.3269999              -1.0373697
           108              -0.9466131               3.3269999               0.0000000
           109              -2.9409409               1.8209535              -5.1868482
           110              -2.9409409               1.8209535              -4.1494784
           111              -2.9409409               1.8209535              -3.1121089
           112              -2.9409409               1.8209535              -2.0747392
           113              -2.9409409               1.8209535              -1.0373697
           114              -2.9409409               1.8209535               0.0000000
           115              -2.5127411               2.2906661              -5.1868482
           116              -2.5127411               2.2906661              -4.1494784
           117              -2.5127411               2.2906661              -3.1121089
           118              -2.5127411               2.2906661              -2.0747392
           119              -2.5127411               2.2906661              -1.0373697
           120              -2.5127411               2.2906661               0.0000000
           121              -2.0845413               2.7603788              -5.1868482
           122              -2.0845413               2.7603788              -4.1494784
           123              -2.0845413               2.7603788              -3.1121089
           124              -2.0845413               2.7603788              -2.0747392
           125              -2.0845413               2.7603788              -1.0373697
           126              -2.0845413               2.7603788               0.0000000
           127              -3.4001501               0.6355982              -5.1868482
           128              -3.4001501               0.6355982              -4.1494784
           129              -3.4001501               0.6355982              -3.1121089
           130              -3.4001501               0.6355982              -2.0747392
           131              -3.4001501               0.6355982              -1.0373697
           132              -3.4001501               0.6355982               0.0000000
           133              -3.1705456               1.2282758              -5.1868482
           134              -3.1705456               1.2282758              -4.1494784
           135              -3.1705456               1.2282758              -3.1121089
           136              -3.1705456               1.2282758              -2.0747392
           137              -3.1705456               1.2282758              -1.0373697
           138              -3.1705456               1.2282758               0.0000000
           139              -2.9409409               1.8209535              -5.1868482
           140              -2.9409409               1.8209535              -4.1494784
           141              -2.9409409               1.8209535              -3.1121089
           142              -2.9409409               1.8209535              -2.0747392
           143              -2.9409409               1.8209535              -1.0373697
           144              -2.9409409               1.8209535               0.0000000
           145              -3.4001501              -0.6355982              -5.1868482
           146              -3.4001501              -0.6355982              -4.1494784
           147              -3.4001501              -0.6355982              -3.1121089
           148              -3.4001501              -0.6355982              -2.0747392
           149              -3.4001501              -0.6355982              -1.0373697
           150              -3.4001501              -0.6355982               0.0000000
           151              -3.4001501               0.0000000              -5.1868482
           152              -3.4001501               0.0000000              -4.1494784
           153              -3.4001501               0.0000000              -3.1121089
           154              -3.4001501               0.0000000              -2.0747392
           155              -3.4001501               0.0000000              -1.0373697
           156              -3.4001501               0.0000000               0.0000000
           157              -3.4001501               0.6355982              -5.1868482
           158              -3.4001501               0.6355982              -4.1494784
           159              -3.4001501               0.6355982              -3.1121089
           160              -3.4001501               0.6355982              -2.0747392
           161              -3.4001501               0.6355982              -1.0373697
           162              -3.4001501               0.6355982               0.0000000
           163              -2.9409409              -1.8209535              -5.1868482
           164              -2.9409409              -1.8209535              -4.1494784
           165              -2.9409409              -1.8209535              -3.1121089
           166              -2.9409409              -1.8209535              -2.0747392
           167              -2.9409409              -1.8209535              -1.0373697
           168              -2.9409409              -1.8209535               0.0000000
           169              -3.1705456              -1.2282758              -5.1868482
           170              -3.1705456              -1.2282758              -4.1494784
           171              -3.1705456              -1.2282758              -3.1121089
           172              -3.1705456              -1.2282758              -2.0747392
           173              -3.1705456              -1.2282758              -1.0373697
           174              -3.1705456              -1.2282758               0.0000000
           175              -3.4001501              -0.6355982              -5.1868482
           176              -3.4001501              -0.6355982              -4.1494784
           177              -3.4001501              -0.6355982              -3.1121089
           178              -3.4001501              -0.6355982              -2.0747392
           179              -3.4001501              -0.6355982              -1.0373697
           180              -3.4001501              -0.6355982               0.0000000
           181              -2.0845413              -2.7603788              -5.1868482
           182              -2.0845413              -2.7603788              -4.1494784
           183              -2.0845413              -2.7603788              -3.1121089
           184              -2.0845413              -2.7603788              -2.0747392
           185              -2.0845413              -2.7603788              -1.0373697
           186              -2.0845413              -2.7603788               0.0000000
           187              -2.5127411              -2.2906661              -5.1868482
           188              -2.5127411              -2.2906661              -4.1494784
           189              -2.5127411              -2.2906661              -3.1121089
           190              -2.5127411              -2.2906661              -2.0747392
           191              -2.5127411              -2.2906661              -1.0373697
           192              -2.5127411              -2.2906661               0.0000000
           193              -2.9409409              -1.8209535              -5.1868482
           194              -2.9409409              -1.8209535              -4.1494784
           195              -2.9409409              -1.8209535              -3.1121089
           196              -2.9409409              -1.8209535              -2.0747392
           197              -2.9409409              -1.8209535              -1.0373697
           198              -2.9409409              -1.8209535               0.0000000
           199              -0.9466131              -3.3269999              -5.1868482
           200              -0.9466131              -3.3269999              -4.1494784
           201              -0.9466131              -3.3269999              -3.1121089
           202              -0.9466131              -3.3269999              -2.0747392
           203              -0.9466131              -3.3269999              -1.0373697
           204              -0.9466131              -3.3269999               0.0000000
           205              -1.5155772              -3.0436893              -5.1868482
           206              -1.5155772              -3.0436893              -4.1494784
           207              -1.5155772              -3.0436893              -3.1121089
           208              -1.5155772              -3.0436893              -2.0747392
           209              -1.5155772              -3.0436893              -1.0373697
           210              -1.5155772              -3.0436893               0.0000000
           211              -2.0845413              -2.7603788              -5.1868482
           212              -2.0845413              -2.7603788              -4.1494784
           213              -2.0845413              -2.7603788              -3.1121089
           214              -2.0845413              -2.7603788              -2.0747392
           215              -2.0845413              -2.7603788              -1.0373697
           216              -2.0845413              -2.7603788               0.0000000
           217               0.3191606              -3.4442911              -5.1868482
           218               0.3191606              -3.4442911              -4.1494784
           219               0.3191606              -3.4442911              -3.1121089
           220               0.3191606              -3.4442911              -2.0747392
           221               0.3191606              -3.4442911              -1.0373697
           222               0.3191606              -3.4442911               0.0000000
           223              -0.3137262              -3.3856454              -5.1868482
           224              -0.3137262              -3.3856454              -4.1494784
           225              -0.3137262              -3.3856454              -3.1121089
           226              -0.3137262              -3.3856454              -2.0747392
           227              -0.3137262              -3.3856454              -1.0373697
           228              -0.3137262              -3.3856454               0.0000000
           229              -0.9466131              -3.3269999              -5.1868482
           230              -0.9466131              -3.3269999              -4.1494784
           231              -0.9466131              -3.3269999              -3.1121089
           232              -0.9466131              -3.3269999              -2.0747392
           233              -0.9466131              -3.3269999              -1.0373697
           234              -0.9466131              -3.3269999               0.0000000
           235               1.5418298              -3.0964117              -5.1868482
           236               1.5418298              -3.0964117              -4.1494784
           237               1.5418298              -3.0964117              -3.1121089
           238               1.5418298              -3.0964117              -2.0747392
           239               1.5418298              -3.0964117              -1.0373697
           240               1.5418298              -3.0964117               0.0000000
           241               0.9304952              -3.2703514              -5.1868482
           242               0.9304952              -3.2703514              -4.1494784
           243               0.9304952              -3.2703514              -3.1121089
           244               0.9304952              -3.2703514              -2.0747392
           245               0.9304952              -3.2703514              -1.0373697
           246               0.9304952              -3.2703514               0.0000000
           247               0.3191606              -3.4442911              -5.1868482
           248               0.3191606              -3.4442911              -4.1494784
           249               0.3191606              -3.4442911              -3.1121089
           250               0.3191606              -3.4442911              -2.0747392
           251               0.3191606              -3.4442911              -1.0373697
           252               0.3191606              -3.4442911               0.0000000
           253               2.5562663              -2.3303449              -5.1868482
           254               2.5562663              -2.3303449              -4.1494784
           255               2.5562663              -2.3303449              -3.1121089
           256               2.5562663              -2.3303449              -2.0747392
           257               2.5562663              -2.3303449              -1.0373697
           258               2.5562663              -2.3303449               0.0000000
           259               2.0490479              -2.7133784              -5.1868482
           260               2.0490479              -2.7133784              -4.1494784
           261               2.0490479              -2.7133784              -3.1121089
           262               2.0490479              -2.7133784              -2.0747392
           263               2.0490479              -2.7133784              -1.0373697
           264               2.0490479              -2.7133784               0.0000000
           265               1.5418298              -3.0964117              -5.1868482
           266               1.5418298              -3.0964117              -4.1494784
           267               1.5418298              -3.0964117              -3.1121089
           268               1.5418298              -3.0964117              -2.0747392
           269               1.5418298              -3.0964117              -1.0373697
           270               1.5418298              -3.0964117               0.0000000
           271               3.2254651              -1.2495518              -5.1868482
           272               3.2254651              -1.2495518              -4.1494784
           273               3.2254651              -1.2495518              -3.1121089
           274               3.2254651              -1.2495518              -2.0747392
           275               3.2254651              -1.2495518              -1.0373697
           276               3.2254651              -1.2495518               0.0000000
           277               2.8908658              -1.7899483              -5.1868482
           278               2.8908658              -1.7899483              -4.1494784
           279               2.8908658              -1.7899483              -3.1121089
           280               2.8908658              -1.7899483              -2.0747392
           281               2.8908658              -1.7899483              -1.0373697
           282               2.8908658              -1.7899483               0.0000000
           283               2.5562663              -2.3303449              -5.1868482
           284               2.5562663              -2.3303449              -4.1494784
           285               2.5562663              -2.3303449              -3.1121089
           286               2.5562663              -2.3303449              -2.0747392
           287               2.5562663              -2.3303449              -1.0373697
           288               2.5562663              -2.3303449               0.0000000
           289               3.4590468               0.0000000              -5.1868482
           290               3.4590468               0.0000000              -4.1494784
           291               3.4590468               0.0000000              -3.1121089
           292               3.4590468               0.0000000              -2.0747392
           293               3.4590468               0.0000000              -1.0373697
           294               3.4590468               0.0000000               0.0000000
           295               3.3422561              -0.6247759              -5.1868482
           296               3.3422561              -0.6247759              -4.1494784
           297               3.3422561              -0.6247759              -3.1121089
           298               3.3422561              -0.6247759              -2.0747392
           299               3.3422561              -0.6247759              -1.0373697
           300               3.3422561              -0.6247759               0.0000000
           301               3.2254651              -1.2495518              -5.1868482
           302               3.2254651              -1.2495518              -4.1494784
           303               3.2254651              -1.2495518              -3.1121089
           304               3.2254651              -1.2495518              -2.0747392
           305               3.2254651              -1.2495518              -1.0373697
           306               3.2254651              -1.2495518               0.0000000
           307               0.0000000               0.0000000              -5.1868482
           308               0.0000000               0.0000000              -5.1868482
           309               0.8647617               0.0000000              -5.1868482
           310               0.8063663               0.3123879              -5.1868482
           311               1.7295234               0.0000000              -5.1868482
           312               1.6127325               0.6247759              -5.1868482
           313               2.5942850               0.0000000              -5.1868482
           314               2.4190989               0.9371638              -5.1868482
           315               3.4590468               0.0000000              -5.1868482
           316               3.2254651               1.2495518              -5.1868482
           317               0.0000000               0.0000000              -5.1868482
           318               0.0000000               0.0000000              -5.1868482
           319               0.8063663               0.3123879              -5.1868482
           320               0.6390666               0.5825862              -5.1868482
           321               1.6127325               0.6247759              -5.1868482
           322               1.2781332               1.1651725              -5.1868482
           323               2.4190989               0.9371638              -5.1868482
           324               1.9171997               1.7477586              -5.1868482
           325               3.2254651               1.2495518              -5.1868482
           326               2.5562663               2.3303449              -5.1868482
           327               0.0000000               0.0000000              -5.1868482
           328               0.0000000               0.0000000              -5.1868482
           329               0.6390666               0.5825862              -5.1868482
           330               0.3854575               0.7741029              -5.1868482
           331               1.2781332               1.1651725              -5.1868482
           332               0.7709149               1.5482059              -5.1868482
           333               1.9171997               1.7477586              -5.1868482
           334               1.1563723               2.3223088              -5.1868482
           335               2.5562663               2.3303449              -5.1868482
           336               1.5418298               3.0964117              -5.1868482
           337               0.0000000               0.0000000              -5.1868482
           338               0.0000000               0.0000000              -5.1868482
           339               0.3854575               0.7741029              -5.1868482
           340               0.0797901               0.8610728              -5.1868482
           341               0.7709149               1.5482059              -5.1868482
           342               0.1595803               1.7221456              -5.1868482
           343               1.1563723               2.3223088              -5.1868482
           344               0.2393705               2.5832183              -5.1868482
           345               1.5418298               3.0964117              -5.1868482
           346               0.3191606               3.4442911              -5.1868482
           347               0.0000000               0.0000000              -5.1868482
           348               0.0000000               0.0000000              -5.1868482
           349               0.0797902               0.8610728              -5.1868482
           350              -0.2366533               0.8317500              -5.1868482
           351               0.1595803               1.7221456              -5.1868482
           352              -0.4733065               1.6635000              -5.1868482
           353               0.2393705               2.5832183              -5.1868482
           354              -0.7099598               2.4952500              -5.1868482
           355               0.3191606               3.4442911              -5.1868482
           356              -0.9466131               3.3269999              -5.1868482
           357               0.0000000               0.0000000              -5.1868482
           358               0.0000000               0.0000000              -5.1868482
           359              -0.2366533               0.8317500              -5.1868482
           360              -0.5211353               0.6900947              -5.1868482
           361              -0.4733065               1.6635000              -5.1868482
           362              -1.0422707               1.3801894              -5.1868482
           363              -0.7099598               2.4952500              -5.1868482
           364              -1.5634060               2.0702841              -5.1868482
           365              -0.9466131               3.3269999              -5.1868482
           366              -2.0845413               2.7603788              -5.1868482
           367               0.0000000               0.0000000              -5.1868482
           368               0.0000000               0.0000000              -5.1868482
           369              -0.5211353               0.6900947              -5.1868482
           370              -0.7352352               0.4552384              -5.1868482
           371              -1.0422707               1.3801894              -5.1868482
           372              -1.4704704               0.9104767              -5.1868482
           373              -1.5634060               2.0702841              -5.1868482
           374              -2.2057056               1.3657151              -5.1868482
           375              -2.0845413               2.7603788              -5.1868482
           376              -2.9409409               1.8209535              -5.1868482
           377               0.0000000               0.0000000              -5.1868482
           378               0.0000000               0.0000000              -5.1868482
           379              -0.7352352               0.4552384              -5.1868482
           380              -0.8500375               0.1588995              -5.1868482
           381              -1.4704704               0.9104767              -5.1868482
           382              -1.7000750               0.3177991              -5.1868482
           383              -2.2057056               1.3657151              -5.1868482
           384              -2.5501125               0.4766986              -5.1868482
           385              -2.9409409               1.8209535              -5.1868482
           386              -3.4001501               0.6355982              -5.1868482
           387               0.0000000               0.0000000              -5.1868482
           388               0.0000000               0.0000000              -5.1868482
           389              -0.8500375               0.1588995              -5.1868482
           390              -0.8500375              -0.1588995              -5.1868482
           391              -1.7000750               0.3177991              -5.1868482
           392              -1.7000750              -0.3177991              -5.1868482
           393              -2.5501125               0.4766986              -5.1868482
           394              -2.5501125              -0.4766986              -5.1868482
           395              -3.4001501               0.6355982              -5.1868482
           396              -3.4001501              -0.6355982              -5.1868482
           397               0.0000000               0.0000000              -5.1868482
           398               0.0000000               0.0000000              -5.1868482
           399              -0.8500375              -0.1588995              -5.1868482
           400              -0.7352352              -0.4552384              -5.1868482
           401              -1.7000750              -0.3177991              -5.1868482
           402              -1.4704704              -0.9104767              -5.1868482
           403              -2.5501125              -0.4766986              -5.1868482
           404              -2.2057056              -1.3657151              -5.1868482
           405              -3.4001501              -0.6355982              -5.1868482
           406              -2.9409409              -1.8209535              -5.1868482
           407               0.0000000               0.0000000              -5.1868482
           408               0.0000000               0.0000000              -5.1868482
           409              -0.7352352              -0.4552384              -5.1868482
           410              -0.5211353              -0.6900947              -5.1868482
           411              -1.4704704              -0.9104767              -5.1868482
           412              -1.0422707              -1.3801894              -5.1868482
           413              -2.2057056              -1.3657151              -5.1868482
           414              -1.5634060              -2.0702841              -5.1868482
           415              -2.9409409              -1.8209535              -5.1868482
           416              -2.0845413              -2.7603788              -5.1868482
           417               0.0000000               0.0000000              -5.1868482
           418               0.0000000               0.0000000              -5.1868482
           419              -0.5211353              -0.6900947              -5.1868482
           420              -0.2366533              -0.8317500              -5.1868482
           421              -1.0422707              -1.3801894              -5.1868482
           422              -0.4733065              -1.6635000              -5.1868482
           423              -1.5634060              -2.0702841              -5.1868482
           424              -0.7099598              -2.4952500              -5.1868482
           425              -2.0845413              -2.7603788              -5.1868482
           426              -0.9466131              -3.3269999              -5.1868482
           427               0.0000000               0.0000000              -5.1868482
           428               0.0000000               0.0000000              -5.1868482
           429              -0.2366533              -0.8317500              -5.1868482
           430               0.0797901              -0.8610728              -5.1868482
           431              -0.4733065              -1.6635000              -5.1868482
           432               0.1595803              -1.7221456              -5.1868482
           433              -0.7099598              -2.4952500              -5.1868482
           434               0.2393705              -2.5832183              -5.1868482
           435              -0.9466131              -3.3269999              -5.1868482
           436               0.3191606              -3.4442911              -5.1868482
           437               0.0000000               0.0000000              -5.1868482
           438               0.0000000               0.0000000              -5.1868482
           439               0.0797902              -0.8610728              -5.1868482
           440               0.3854575              -0.7741029              -5.1868482
           441               0.1595803              -1.7221456              -5.1868482
           442               0.7709149              -1.5482059              -5.1868482
           443               0.2393705              -2.5832183              -5.1868482
           444               1.1563723              -2.3223088              -5.1868482
           445               0.3191606              -3.4442911              -5.1868482
           446               1.5418298              -3.0964117              -5.1868482
           447               0.0000000               0.0000000              -5.1868482
           448               0.0000000               0.0000000              -5.1868482
           449               0.3854575              -0.7741029              -5.1868482
           450               0.6390666              -0.5825862              -5.1868482
           451               0.7709149              -1.5482059              -5.1868482
           452               1.2781332              -1.1651725              -5.1868482
           453               1.1563723              -2.3223088              -5.1868482
           454               1.9171997              -1.7477586              -5.1868482
           455               1.5418298              -3.0964117              -5.1868482
           456               2.5562663              -2.3303449              -5.1868482
           457               0.0000000               0.0000000              -5.1868482
           458               0.0000000               0.0000000              -5.1868482
           459               0.6390666              -0.5825862              -5.1868482
           460               0.8063663              -0.3123879              -5.1868482
           461               1.2781332              -1.1651725              -5.1868482
           462               1.6127325              -0.6247759              -5.1868482
           463               1.9171997              -1.7477586              -5.1868482
           464               2.4190989              -0.9371638              -5.1868482
           465               2.5562663              -2.3303449              -5.1868482
           466               3.2254651              -1.2495518              -5.1868482
           467               0.0000000               0.0000000              -5.1868482
           468               0.0000000               0.0000000              -5.1868482
           469               0.8063663              -0.3123879              -5.1868482
           470               0.8647617               0.0000000              -5.1868482
           471               1.6127325              -0.6247759              -5.1868482
           472               1.7295234               0.0000000              -5.1868482
           473               2.4190989              -0.9371638              -5.1868482
           474               2.5942850               0.0000000              -5.1868482
           475               3.2254651              -1.2495518              -5.1868482
           476               3.4590468               0.0000000              -5.1868482
             0          0.00          0.00          0.00
               1               2               8               7
               2               3               9               8
               3               4              10               9
               4               5              11              10
               5               6              12              11
               7               8              14              13
               8               9              15              14
               9              10              16              15
              10              11              17              16
              11              12              18              17
              19              20              26              25
              20              21              27              26
              21              22              28              27
              22              23              29              28
              23              24              30              29
              25              26              32              31
              26              27              33              32
              27              28              34              33
              28              29              35              34
              29              30              36              35
              37              38              44              43
              38              39              45              44
              39              40              46              45
              40              41              47              46
              41              42              48              47
              43              44              50              49
              44              45              51              50
              45              46              52              51
              46              47              53              52
              47              48              54              53
              55              56              62              61
              56              57              63              62
              57              58              64              63
              58              59              65              64
              59              60              66              65
              61              62              68              67
              62              63              69              68
              63              64              70              69
              64              65              71              70
              65              66              72              71
              73              74              80              79
              74              75              81              80
              75              76              82              81
              76              77              83              82
              77              78              84              83
              79              80              86              85
              80              81              87              86
              81              82              88              87
              82              83              89              88
              83              84              90              89
              91              92              98              97
              92              93              99              98
              93              94             100              99
              94              95             101             100
              95              96             102             101
              97              98             104             103
              98              99             105             104
              99             100             106             105
             100             101             107             106
             101             102             108             107
             109             110             116             115
             110             111             117             116
             111             112             118             117
             112             113             119             118
             113             114             120             119
             115             116             122             121
             116             117             123             122
             117             118             124             123
             118             119             125             124
             119             120             126             125
             127             128             134             133
             128             129             135             134
             129             130             136             135
             130             131             137             136
             131             132             138             137
             133             134             140             139
             134             135             141             140
             135             136             142             141
             136             137             143             142
             137             138             144             143
             145             146             152             151
             146             147             153             152
             147             148             154             153
             148             149             155             154
             149             150             156             155
             151             152             158             157
             152             153             159             158
             153             154             160             159
             154             155             161             160
             155             156             162             161
             163             164             170             169
             164             165             171             170
             165             166             172             171
             166             167             173             172
             167             168             174             173
             169             170             176             175
             170             171             177             176
             171             172             178             177
             172             173             179             178
             173             174             180             179
             181             182             188             187
             182             183             189             188
             183             184             190             189
             184             185             191             190
             185             186             192             191
             187             188             194             193
             188             189             195             194
             189             190             196             195
             190             191             197             196
             191             192             198             197
             199             200             206             205
             200             201             207             206
             201             202             208             207
             202             203             209             208
             203             204             210             209
             205             206             212             211
             206             207             213             212
             207             208             214             213
             208             209             215             214
             209             210             216             215
             217             218             224             223
             218             219             225             224
             219             220             226             225
             220             221             227             226
             221             222             228             227
             223             224             230             229
             224             225             231             230
             225             226             232             231
             226             227             233             232
             227             228             234             233
             235             236             242             241
             236             237             243             242
             237             238             244             243
             238             239             245             244
             239             240             246             245
             241             242             248             247
             242             243             249             248
             243             244             250             249
             244             245             251             250
             245             246             252             251
             253             254             260             259
             254             255             261             260
             255             256             262             261
             256             257             263             262
             257             258             264             263
             259             260             266             265
             260             261             267             266
             261             262             268             267
             262             263             269             268
             263             264             270             269
             271             272             278             277
             272             273             279             278
             273             274             280             279
             274             275             281             280
             275             276             282             281
             277             278             284             283
             278             279             285             284
             279             280             286             285
             280             281             287             286
             281             282             288             287
             289             290             296             295
             290             291             297             296
             291             292             298             297
             292             293             299             298
             293             294             300             299
             295             296             302             301
             296             297             303             302
             297             298             304             303
             298             299             305             304
             299             300             306             305
             307             308             310             309
             309             310             312             311
             311             312             314             313
             313             314             316             315
             317             318             320             319
             319             320             322             321
             321             322             324             323
             323             324             326             325
             327             328             330             329
             329             330             332             331
             331             332             334             333
             333             334             336             335
             337             338             340             339
             339             340             342             341
             341             342             344             343
             343             344             346             345
             347             348             350             349
             349             350             352             351
             351             352             354             353
             353             354             356             355
             357             358             360             359
             359             360             362             361
             361             362             364             363
             363             364             366             365
             367             368             370             369
             369             370             372             371
             371             372             374             373
             373             374             376             375
             377             378             380             379
             379             380             382             381
             381             382             384             383
             383             384             386             385
             387             388             390             389
             389             390             392             391
             391             392             394             393
             393             394             396             395
             397             398             400             399
             399             400             402             401
             401             402             404             403
             403             404             406             405
             407             408             410             409
             409             410             412             411
             411             412             414             413
             413             414             416             415
             417             418             420             419
             419             420             422             421
             421             422             424             423
             423             424             426             425
             427             428             430             429
             429             430             432             431
             431             432             434             433
             433             434             436             435
             437             438             440             439
             439             440             442             441
             441             442             444             443
             443             444             446             445
             447             448             450             449
             449             450             452             451
             451             452             454             453
             453             454             456             455
             457             458             460             459
             459             460             462             461
             461             462             464             463
             463             464             466             465
             467             468             470             469
             469             470             472             471
             471             472             474             473
             473             474             476             475
          0          0          0          0
