                    2          0
             1               0.0000000               0.0000000              -7.5372400
             2               0.3616848               0.1401175              -6.8520365
             3               0.7233697               0.2802349              -6.1668329
             4               1.0850545               0.4203523              -5.4816294
             5               1.4467393               0.5604698              -4.7964258
             6               1.8084241               0.7005873              -4.1112223
             7               2.1701090               0.8407047              -3.4260182
             8               2.5317938               0.9808221              -2.7408147
             9               2.8934786               1.1209396              -2.0556111
            10               3.2551637               1.2610570              -1.3704076
            11               3.6168482               1.4011745              -0.6852040
            12               3.9785333               1.5412921              -0.0000005
            13               0.0000000               0.0000000              -7.5372400
            14               0.3878773               0.0000000              -6.8520365
            15               0.7757547               0.0000000              -6.1668329
            16               1.1636319               0.0000000              -5.4816294
            17               1.5515094               0.0000000              -4.7964258
            18               1.9393867               0.0000000              -4.1112223
            19               2.3272638               0.0000000              -3.4260182
            20               2.7151413               0.0000000              -2.7408147
            21               3.1030188               0.0000000              -2.0556111
            22               3.4908960               0.0000000              -1.3704076
            23               3.8787735               0.0000000              -0.6852040
            24               4.2666507               0.0000000              -0.0000005
            25               0.0000000               0.0000000              -7.5372400
            26               0.2866448               0.2613113              -6.8520365
            27               0.5732896               0.5226225              -6.1668329
            28               0.8599344               0.7839338              -5.4816294
            29               1.1465793               1.0452451              -4.7964258
            30               1.4332241               1.3065563              -4.1112223
            31               1.7198688               1.5678676              -3.4260182
            32               2.0065136               1.8291789              -2.7408147
            33               2.2931585               2.0904901              -2.0556111
            34               2.5798032               2.3518014              -1.3704076
            35               2.8664482               2.6131127              -0.6852040
            36               3.1530929               2.8744240              -0.0000005
            37               0.0000000               0.0000000              -7.5372400
            38               0.3616848               0.1401175              -6.8520365
            39               0.7233697               0.2802349              -6.1668329
            40               1.0850545               0.4203523              -5.4816294
            41               1.4467393               0.5604698              -4.7964258
            42               1.8084241               0.7005873              -4.1112223
            43               2.1701090               0.8407047              -3.4260182
            44               2.5317938               0.9808221              -2.7408147
            45               2.8934786               1.1209396              -2.0556111
            46               3.2551637               1.2610570              -1.3704076
            47               3.6168482               1.4011745              -0.6852040
            48               3.9785333               1.5412921              -0.0000005
            49               0.0000000               0.0000000              -7.5372400
            50               0.1728918               0.3472135              -6.8520365
            51               0.3457836               0.6944271              -6.1668329
            52               0.5186754               1.0416406              -5.4816294
            53               0.6915672               1.3888541              -4.7964258
            54               0.8644590               1.7360677              -4.1112223
            55               1.0373509               2.0832813              -3.4260182
            56               1.2102427               2.4304948              -2.7408147
            57               1.3831345               2.7777083              -2.0556111
            58               1.5560263               3.1249220              -1.3704076
            59               1.7289181               3.4721353              -0.6852040
            60               1.9018098               3.8193491              -0.0000005
            61               0.0000000               0.0000000              -7.5372400
            62               0.2866448               0.2613113              -6.8520365
            63               0.5732896               0.5226225              -6.1668329
            64               0.8599344               0.7839338              -5.4816294
            65               1.1465793               1.0452451              -4.7964258
            66               1.4332241               1.3065563              -4.1112223
            67               1.7198688               1.5678676              -3.4260182
            68               2.0065136               1.8291789              -2.7408147
            69               2.2931585               2.0904901              -2.0556111
            70               2.5798032               2.3518014              -1.3704076
            71               2.8664482               2.6131127              -0.6852040
            72               3.1530929               2.8744240              -0.0000005
            73               0.0000000               0.0000000              -7.5372400
            74               0.0357888               0.3862227              -6.8520365
            75               0.0715776               0.7724454              -6.1668329
            76               0.1073664               1.1586682              -5.4816294
            77               0.1431552               1.5448909              -4.7964258
            78               0.1789441               1.9311135              -4.1112223
            79               0.2147329               2.3173363              -3.4260182
            80               0.2505217               2.7035589              -2.7408147
            81               0.2863105               3.0897818              -2.0556111
            82               0.3220993               3.4760046              -1.3704076
            83               0.3578881               3.8622270              -0.6852040
            84               0.3936769               4.2484498              -0.0000005
            85               0.0000000               0.0000000              -7.5372400
            86               0.1728918               0.3472135              -6.8520365
            87               0.3457836               0.6944271              -6.1668329
            88               0.5186754               1.0416406              -5.4816294
            89               0.6915672               1.3888541              -4.7964258
            90               0.8644590               1.7360677              -4.1112223
            91               1.0373509               2.0832813              -3.4260182
            92               1.2102427               2.4304948              -2.7408147
            93               1.3831345               2.7777083              -2.0556111
            94               1.5560263               3.1249220              -1.3704076
            95               1.7289181               3.4721353              -0.6852040
            96               1.9018098               3.8193491              -0.0000005
            97               0.0000000               0.0000000              -7.5372400
            98              -0.1061477               0.3730704              -6.8520365
            99              -0.2122953               0.7461407              -6.1668329
           100              -0.3184430               1.1192111              -5.4816294
           101              -0.4245907               1.4922814              -4.7964258
           102              -0.5307384               1.8653519              -4.1112223
           103              -0.6368860               2.2384222              -3.4260182
           104              -0.7430336               2.6114924              -2.7408147
           105              -0.8491814               2.9845629              -2.0556111
           106              -0.9553290               3.3576334              -1.3704076
           107              -1.0614767               3.7307038              -0.6852040
           108              -1.1676244               4.1037741              -0.0000005
           109               0.0000000               0.0000000              -7.5372400
           110               0.0357888               0.3862227              -6.8520365
           111               0.0715776               0.7724454              -6.1668329
           112               0.1073664               1.1586682              -5.4816294
           113               0.1431552               1.5448909              -4.7964258
           114               0.1789440               1.9311135              -4.1112223
           115               0.2147328               2.3173363              -3.4260182
           116               0.2505217               2.7035589              -2.7408147
           117               0.2863105               3.0897818              -2.0556111
           118               0.3220992               3.4760046              -1.3704076
           119               0.3578881               3.8622270              -0.6852040
           120               0.3936769               4.2484498              -0.0000005
           121               0.0000000               0.0000000              -7.5372400
           122              -0.2337483               0.3095328              -6.8520365
           123              -0.4674967               0.6190656              -6.1668329
           124              -0.7012450               0.9285984              -5.4816294
           125              -0.9349933               1.2381312              -4.7964258
           126              -1.1687417               1.5476639              -4.1112223
           127              -1.4024899               1.8571968              -3.4260182
           128              -1.6362382               2.1667295              -2.7408147
           129              -1.8699867               2.4762623              -2.0556111
           130              -2.1037350               2.7857952              -1.3704076
           131              -2.3374834               3.0953279              -0.6852040
           132              -2.5712316               3.4048607              -0.0000005
           133               0.0000000               0.0000000              -7.5372400
           134              -0.1061477               0.3730704              -6.8520365
           135              -0.2122953               0.7461407              -6.1668329
           136              -0.3184430               1.1192111              -5.4816294
           137              -0.4245907               1.4922814              -4.7964258
           138              -0.5307384               1.8653519              -4.1112223
           139              -0.6368860               2.2384222              -3.4260182
           140              -0.7430336               2.6114924              -2.7408147
           141              -0.8491814               2.9845629              -2.0556111
           142              -0.9553290               3.3576334              -1.3704076
           143              -1.0614767               3.7307038              -0.6852040
           144              -1.1676244               4.1037741              -0.0000005
           145               0.0000000               0.0000000              -7.5372400
           146              -0.3297800               0.2041911              -6.8520365
           147              -0.6595600               0.4083822              -6.1668329
           148              -0.9893399               0.6125733              -5.4816294
           149              -1.3191199               0.8167644              -4.7964258
           150              -1.6488998               1.0209556              -4.1112223
           151              -1.9786798               1.2251465              -3.4260182
           152              -2.3084600               1.4293376              -2.7408147
           153              -2.6382399               1.6335288              -2.0556111
           154              -2.9680197               1.8377198              -1.3704076
           155              -3.2977996               2.0419111              -0.6852040
           156              -3.6275797               2.2461021              -0.0000005
           157               0.0000000               0.0000000              -7.5372400
           158              -0.2337483               0.3095328              -6.8520365
           159              -0.4674967               0.6190656              -6.1668329
           160              -0.7012450               0.9285984              -5.4816294
           161              -0.9349933               1.2381312              -4.7964258
           162              -1.1687417               1.5476639              -4.1112223
           163              -1.4024899               1.8571968              -3.4260182
           164              -1.6362382               2.1667295              -2.7408147
           165              -1.8699867               2.4762623              -2.0556111
           166              -2.1037350               2.7857952              -1.3704076
           167              -2.3374834               3.0953279              -0.6852040
           168              -2.5712316               3.4048607              -0.0000005
           169               0.0000000               0.0000000              -7.5372400
           170              -0.3812730               0.0712723              -6.8520365
           171              -0.7625460               0.1425445              -6.1668329
           172              -1.1438190               0.2138168              -5.4816294
           173              -1.5250920               0.2850891              -4.7964258
           174              -1.9063652               0.3563614              -4.1112223
           175              -2.2876379               0.4276336              -3.4260182
           176              -2.6689110               0.4989059              -2.7408147
           177              -3.0501840               0.5701782              -2.0556111
           178              -3.4314573               0.6414505              -1.3704076
           179              -3.8127303               0.7127227              -0.6852040
           180              -4.1940031               0.7839949              -0.0000005
           181               0.0000000               0.0000000              -7.5372400
           182              -0.3297800               0.2041911              -6.8520365
           183              -0.6595600               0.4083822              -6.1668329
           184              -0.9893399               0.6125733              -5.4816294
           185              -1.3191199               0.8167644              -4.7964258
           186              -1.6488998               1.0209556              -4.1112223
           187              -1.9786798               1.2251465              -3.4260182
           188              -2.3084600               1.4293376              -2.7408147
           189              -2.6382399               1.6335288              -2.0556111
           190              -2.9680197               1.8377198              -1.3704076
           191              -3.2977996               2.0419111              -0.6852040
           192              -3.6275797               2.2461021              -0.0000005
           193               0.0000000               0.0000000              -7.5372400
           194              -0.3812730              -0.0712723              -6.8520365
           195              -0.7625460              -0.1425445              -6.1668329
           196              -1.1438190              -0.2138168              -5.4816294
           197              -1.5250920              -0.2850891              -4.7964258
           198              -1.9063652              -0.3563614              -4.1112223
           199              -2.2876379              -0.4276336              -3.4260182
           200              -2.6689110              -0.4989059              -2.7408147
           201              -3.0501840              -0.5701782              -2.0556111
           202              -3.4314573              -0.6414505              -1.3704076
           203              -3.8127303              -0.7127227              -0.6852040
           204              -4.1940031              -0.7839949              -0.0000005
           205               0.0000000               0.0000000              -7.5372400
           206              -0.3812730               0.0712723              -6.8520365
           207              -0.7625460               0.1425445              -6.1668329
           208              -1.1438190               0.2138168              -5.4816294
           209              -1.5250920               0.2850891              -4.7964258
           210              -1.9063652               0.3563614              -4.1112223
           211              -2.2876379               0.4276336              -3.4260182
           212              -2.6689110               0.4989059              -2.7408147
           213              -3.0501840               0.5701782              -2.0556111
           214              -3.4314573               0.6414505              -1.3704076
           215              -3.8127303               0.7127227              -0.6852040
           216              -4.1940031               0.7839949              -0.0000005
           217               0.0000000               0.0000000              -7.5372400
           218              -0.3297800              -0.2041911              -6.8520365
           219              -0.6595600              -0.4083822              -6.1668329
           220              -0.9893399              -0.6125733              -5.4816294
           221              -1.3191199              -0.8167644              -4.7964258
           222              -1.6488998              -1.0209556              -4.1112223
           223              -1.9786798              -1.2251465              -3.4260182
           224              -2.3084600              -1.4293376              -2.7408147
           225              -2.6382399              -1.6335288              -2.0556111
           226              -2.9680197              -1.8377198              -1.3704076
           227              -3.2977996              -2.0419111              -0.6852040
           228              -3.6275797              -2.2461021              -0.0000005
           229               0.0000000               0.0000000              -7.5372400
           230              -0.3812730              -0.0712723              -6.8520365
           231              -0.7625460              -0.1425445              -6.1668329
           232              -1.1438190              -0.2138168              -5.4816294
           233              -1.5250920              -0.2850890              -4.7964258
           234              -1.9063652              -0.3563613              -4.1112223
           235              -2.2876379              -0.4276336              -3.4260182
           236              -2.6689110              -0.4989059              -2.7408147
           237              -3.0501840              -0.5701781              -2.0556111
           238              -3.4314573              -0.6414503              -1.3704076
           239              -3.8127303              -0.7127227              -0.6852040
           240              -4.1940031              -0.7839949              -0.0000005
           241               0.0000000               0.0000000              -7.5372400
           242              -0.2337483              -0.3095328              -6.8520365
           243              -0.4674967              -0.6190656              -6.1668329
           244              -0.7012450              -0.9285984              -5.4816294
           245              -0.9349933              -1.2381312              -4.7964258
           246              -1.1687417              -1.5476639              -4.1112223
           247              -1.4024899              -1.8571968              -3.4260182
           248              -1.6362382              -2.1667295              -2.7408147
           249              -1.8699867              -2.4762623              -2.0556111
           250              -2.1037350              -2.7857952              -1.3704076
           251              -2.3374834              -3.0953279              -0.6852040
           252              -2.5712316              -3.4048607              -0.0000005
           253               0.0000000               0.0000000              -7.5372400
           254              -0.3297800              -0.2041911              -6.8520365
           255              -0.6595600              -0.4083822              -6.1668329
           256              -0.9893399              -0.6125733              -5.4816294
           257              -1.3191199              -0.8167644              -4.7964258
           258              -1.6488998              -1.0209556              -4.1112223
           259              -1.9786798              -1.2251465              -3.4260182
           260              -2.3084600              -1.4293376              -2.7408147
           261              -2.6382399              -1.6335288              -2.0556111
           262              -2.9680197              -1.8377198              -1.3704076
           263              -3.2977996              -2.0419111              -0.6852040
           264              -3.6275797              -2.2461021              -0.0000005
           265               0.0000000               0.0000000              -7.5372400
           266              -0.1061477              -0.3730704              -6.8520365
           267              -0.2122953              -0.7461407              -6.1668329
           268              -0.3184430              -1.1192111              -5.4816294
           269              -0.4245907              -1.4922814              -4.7964258
           270              -0.5307384              -1.8653519              -4.1112223
           271              -0.6368860              -2.2384222              -3.4260182
           272              -0.7430336              -2.6114924              -2.7408147
           273              -0.8491814              -2.9845629              -2.0556111
           274              -0.9553290              -3.3576334              -1.3704076
           275              -1.0614767              -3.7307038              -0.6852040
           276              -1.1676244              -4.1037741              -0.0000005
           277               0.0000000               0.0000000              -7.5372400
           278              -0.2337483              -0.3095328              -6.8520365
           279              -0.4674967              -0.6190656              -6.1668329
           280              -0.7012450              -0.9285984              -5.4816294
           281              -0.9349933              -1.2381312              -4.7964258
           282              -1.1687417              -1.5476639              -4.1112223
           283              -1.4024899              -1.8571968              -3.4260182
           284              -1.6362382              -2.1667295              -2.7408147
           285              -1.8699867              -2.4762623              -2.0556111
           286              -2.1037350              -2.7857952              -1.3704076
           287              -2.3374834              -3.0953279              -0.6852040
           288              -2.5712316              -3.4048607              -0.0000005
           289               0.0000000               0.0000000              -7.5372400
           290               0.0357888              -0.3862227              -6.8520365
           291               0.0715776              -0.7724454              -6.1668329
           292               0.1073664              -1.1586682              -5.4816294
           293               0.1431552              -1.5448909              -4.7964258
           294               0.1789441              -1.9311135              -4.1112223
           295               0.2147329              -2.3173363              -3.4260182
           296               0.2505217              -2.7035589              -2.7408147
           297               0.2863105              -3.0897818              -2.0556111
           298               0.3220993              -3.4760046              -1.3704076
           299               0.3578881              -3.8622270              -0.6852040
           300               0.3936769              -4.2484498              -0.0000005
           301               0.0000000               0.0000000              -7.5372400
           302              -0.1061477              -0.3730704              -6.8520365
           303              -0.2122953              -0.7461407              -6.1668329
           304              -0.3184430              -1.1192111              -5.4816294
           305              -0.4245907              -1.4922814              -4.7964258
           306              -0.5307384              -1.8653519              -4.1112223
           307              -0.6368860              -2.2384222              -3.4260182
           308              -0.7430336              -2.6114924              -2.7408147
           309              -0.8491814              -2.9845629              -2.0556111
           310              -0.9553290              -3.3576334              -1.3704076
           311              -1.0614767              -3.7307038              -0.6852040
           312              -1.1676244              -4.1037741              -0.0000005
           313               0.0000000               0.0000000              -7.5372400
           314               0.1728918              -0.3472135              -6.8520365
           315               0.3457836              -0.6944271              -6.1668329
           316               0.5186754              -1.0416406              -5.4816294
           317               0.6915672              -1.3888541              -4.7964258
           318               0.8644590              -1.7360677              -4.1112223
           319               1.0373509              -2.0832813              -3.4260182
           320               1.2102427              -2.4304948              -2.7408147
           321               1.3831345              -2.7777083              -2.0556111
           322               1.5560263              -3.1249220              -1.3704076
           323               1.7289181              -3.4721353              -0.6852040
           324               1.9018098              -3.8193491              -0.0000005
           325               0.0000000               0.0000000              -7.5372400
           326               0.0357888              -0.3862227              -6.8520365
           327               0.0715776              -0.7724454              -6.1668329
           328               0.1073664              -1.1586682              -5.4816294
           329               0.1431552              -1.5448909              -4.7964258
           330               0.1789440              -1.9311135              -4.1112223
           331               0.2147328              -2.3173363              -3.4260182
           332               0.2505217              -2.7035589              -2.7408147
           333               0.2863105              -3.0897818              -2.0556111
           334               0.3220992              -3.4760046              -1.3704076
           335               0.3578881              -3.8622270              -0.6852040
           336               0.3936769              -4.2484498              -0.0000005
           337               0.0000000               0.0000000              -7.5372400
           338               0.2866448              -0.2613113              -6.8520365
           339               0.5732896              -0.5226225              -6.1668329
           340               0.8599344              -0.7839338              -5.4816294
           341               1.1465793              -1.0452451              -4.7964258
           342               1.4332241              -1.3065563              -4.1112223
           343               1.7198688              -1.5678676              -3.4260182
           344               2.0065136              -1.8291789              -2.7408147
           345               2.2931585              -2.0904901              -2.0556111
           346               2.5798032              -2.3518014              -1.3704076
           347               2.8664482              -2.6131127              -0.6852040
           348               3.1530929              -2.8744240              -0.0000005
           349               0.0000000               0.0000000              -7.5372400
           350               0.1728918              -0.3472135              -6.8520365
           351               0.3457836              -0.6944271              -6.1668329
           352               0.5186754              -1.0416406              -5.4816294
           353               0.6915672              -1.3888541              -4.7964258
           354               0.8644590              -1.7360677              -4.1112223
           355               1.0373509              -2.0832813              -3.4260182
           356               1.2102427              -2.4304948              -2.7408147
           357               1.3831345              -2.7777083              -2.0556111
           358               1.5560263              -3.1249220              -1.3704076
           359               1.7289181              -3.4721353              -0.6852040
           360               1.9018098              -3.8193491              -0.0000005
           361               0.0000000               0.0000000              -7.5372400
           362               0.3616848              -0.1401175              -6.8520365
           363               0.7233697              -0.2802349              -6.1668329
           364               1.0850545              -0.4203523              -5.4816294
           365               1.4467393              -0.5604698              -4.7964258
           366               1.8084241              -0.7005873              -4.1112223
           367               2.1701090              -0.8407047              -3.4260182
           368               2.5317938              -0.9808221              -2.7408147
           369               2.8934786              -1.1209396              -2.0556111
           370               3.2551637              -1.2610570              -1.3704076
           371               3.6168482              -1.4011745              -0.6852040
           372               3.9785333              -1.5412921              -0.0000005
           373               0.0000000               0.0000000              -7.5372400
           374               0.2866448              -0.2613113              -6.8520365
           375               0.5732896              -0.5226225              -6.1668329
           376               0.8599344              -0.7839338              -5.4816294
           377               1.1465793              -1.0452451              -4.7964258
           378               1.4332241              -1.3065563              -4.1112223
           379               1.7198688              -1.5678676              -3.4260182
           380               2.0065136              -1.8291789              -2.7408147
           381               2.2931585              -2.0904901              -2.0556111
           382               2.5798032              -2.3518014              -1.3704076
           383               2.8664482              -2.6131127              -0.6852040
           384               3.1530929              -2.8744240              -0.0000005
           385               0.0000000               0.0000000              -7.5372400
           386               0.3878773               0.0000000              -6.8520365
           387               0.7757547               0.0000000              -6.1668329
           388               1.1636319               0.0000000              -5.4816294
           389               1.5515094               0.0000000              -4.7964258
           390               1.9393867               0.0000000              -4.1112223
           391               2.3272638               0.0000000              -3.4260182
           392               2.7151413               0.0000000              -2.7408147
           393               3.1030188               0.0000000              -2.0556111
           394               3.4908960               0.0000000              -1.3704076
           395               3.8787735               0.0000000              -0.6852040
           396               4.2666507               0.0000000              -0.0000005
           397               0.0000000               0.0000000              -7.5372400
           398               0.3616848              -0.1401175              -6.8520365
           399               0.7233697              -0.2802349              -6.1668329
           400               1.0850545              -0.4203523              -5.4816294
           401               1.4467393              -0.5604698              -4.7964258
           402               1.8084241              -0.7005873              -4.1112223
           403               2.1701090              -0.8407047              -3.4260182
           404               2.5317938              -0.9808221              -2.7408147
           405               2.8934786              -1.1209396              -2.0556111
           406               3.2551637              -1.2610570              -1.3704076
           407               3.6168482              -1.4011745              -0.6852040
           408               3.9785333              -1.5412921              -0.0000005
             0          0.00          0.00          0.00
               1               2              14              13
               2               3              15              14
               3               4              16              15
               4               5              17              16
               5               6              18              17
               6               7              19              18
               7               8              20              19
               8               9              21              20
               9              10              22              21
              10              11              23              22
              11              12              24              23
              25              26              38              37
              26              27              39              38
              27              28              40              39
              28              29              41              40
              29              30              42              41
              30              31              43              42
              31              32              44              43
              32              33              45              44
              33              34              46              45
              34              35              47              46
              35              36              48              47
              49              50              62              61
              50              51              63              62
              51              52              64              63
              52              53              65              64
              53              54              66              65
              54              55              67              66
              55              56              68              67
              56              57              69              68
              57              58              70              69
              58              59              71              70
              59              60              72              71
              73              74              86              85
              74              75              87              86
              75              76              88              87
              76              77              89              88
              77              78              90              89
              78              79              91              90
              79              80              92              91
              80              81              93              92
              81              82              94              93
              82              83              95              94
              83              84              96              95
              97              98             110             109
              98              99             111             110
              99             100             112             111
             100             101             113             112
             101             102             114             113
             102             103             115             114
             103             104             116             115
             104             105             117             116
             105             106             118             117
             106             107             119             118
             107             108             120             119
             121             122             134             133
             122             123             135             134
             123             124             136             135
             124             125             137             136
             125             126             138             137
             126             127             139             138
             127             128             140             139
             128             129             141             140
             129             130             142             141
             130             131             143             142
             131             132             144             143
             145             146             158             157
             146             147             159             158
             147             148             160             159
             148             149             161             160
             149             150             162             161
             150             151             163             162
             151             152             164             163
             152             153             165             164
             153             154             166             165
             154             155             167             166
             155             156             168             167
             169             170             182             181
             170             171             183             182
             171             172             184             183
             172             173             185             184
             173             174             186             185
             174             175             187             186
             175             176             188             187
             176             177             189             188
             177             178             190             189
             178             179             191             190
             179             180             192             191
             193             194             206             205
             194             195             207             206
             195             196             208             207
             196             197             209             208
             197             198             210             209
             198             199             211             210
             199             200             212             211
             200             201             213             212
             201             202             214             213
             202             203             215             214
             203             204             216             215
             217             218             230             229
             218             219             231             230
             219             220             232             231
             220             221             233             232
             221             222             234             233
             222             223             235             234
             223             224             236             235
             224             225             237             236
             225             226             238             237
             226             227             239             238
             227             228             240             239
             241             242             254             253
             242             243             255             254
             243             244             256             255
             244             245             257             256
             245             246             258             257
             246             247             259             258
             247             248             260             259
             248             249             261             260
             249             250             262             261
             250             251             263             262
             251             252             264             263
             265             266             278             277
             266             267             279             278
             267             268             280             279
             268             269             281             280
             269             270             282             281
             270             271             283             282
             271             272             284             283
             272             273             285             284
             273             274             286             285
             274             275             287             286
             275             276             288             287
             289             290             302             301
             290             291             303             302
             291             292             304             303
             292             293             305             304
             293             294             306             305
             294             295             307             306
             295             296             308             307
             296             297             309             308
             297             298             310             309
             298             299             311             310
             299             300             312             311
             313             314             326             325
             314             315             327             326
             315             316             328             327
             316             317             329             328
             317             318             330             329
             318             319             331             330
             319             320             332             331
             320             321             333             332
             321             322             334             333
             322             323             335             334
             323             324             336             335
             337             338             350             349
             338             339             351             350
             339             340             352             351
             340             341             353             352
             341             342             354             353
             342             343             355             354
             343             344             356             355
             344             345             357             356
             345             346             358             357
             346             347             359             358
             347             348             360             359
             361             362             374             373
             362             363             375             374
             363             364             376             375
             364             365             377             376
             365             366             378             377
             366             367             379             378
             367             368             380             379
             368             369             381             380
             369             370             382             381
             370             371             383             382
             371             372             384             383
             385             386             398             397
             386             387             399             398
             387             388             400             399
             388             389             401             400
             389             390             402             401
             390             391             403             402
             391             392             404             403
             392             393             405             404
             393             394             406             405
             394             395             407             406
             395             396             408             407
          0          0          0          0
