                    2          0
             1              -4.6338630               3.2952332              -2.0712514
             2              -4.6338630               3.2952332              -1.3808343
             3              -4.6338630               3.2952332              -0.6904172
             4              -4.6338630               3.2952332               0.0000000
             5              -3.7070904               3.2952332              -2.0712514
             6              -3.7070904               3.2952332              -1.3808343
             7              -3.7070904               3.2952332              -0.6904172
             8              -3.7070904               3.2952332               0.0000000
             9              -2.7803178               3.2952332              -2.0712514
            10              -2.7803178               3.2952332              -1.3808343
            11              -2.7803178               3.2952332              -0.6904172
            12              -2.7803178               3.2952332               0.0000000
            13              -1.8535452               3.2952332              -2.0712514
            14              -1.8535452               3.2952332              -1.3808343
            15              -1.8535452               3.2952332              -0.6904172
            16              -1.8535452               3.2952332               0.0000000
            17              -0.9267726               3.2952332              -2.0712514
            18              -0.9267726               3.2952332              -1.3808343
            19              -0.9267726               3.2952332              -0.6904172
            20              -0.9267726               3.2952332               0.0000000
            21               0.0000000               3.2952332              -2.0712514
            22               0.0000000               3.2952332              -1.3808343
            23               0.0000000               3.2952332              -0.6904172
            24               0.0000000               3.2952332               0.0000000
            25               0.9267726               3.2952332              -2.0712514
            26               0.9267726               3.2952332              -1.3808343
            27               0.9267726               3.2952332              -0.6904172
            28               0.9267726               3.2952332               0.0000000
            29               1.8535457               3.2952332              -2.0712514
            30               1.8535457               3.2952332              -1.3808343
            31               1.8535457               3.2952332              -0.6904172
            32               1.8535457               3.2952332               0.0000000
            33               2.7803178               3.2952332              -2.0712514
            34               2.7803178               3.2952332              -1.3808343
            35               2.7803178               3.2952332              -0.6904172
            36               2.7803178               3.2952332               0.0000000
            37               3.7070899               3.2952332              -2.0712514
            38               3.7070899               3.2952332              -1.3808343
            39               3.7070899               3.2952332              -0.6904172
            40               3.7070899               3.2952332               0.0000000
            41               4.6338630               3.2952332              -2.0712514
            42               4.6338630               3.2952332              -1.3808343
            43               4.6338630               3.2952332              -0.6904172
            44               4.6338630               3.2952332               0.0000000
            45               4.6338630               3.2952332              -2.0712514
            46               4.6338630               3.2952332              -1.3808343
            47               4.6338630               3.2952332              -0.6904172
            48               4.6338630               3.2952332               0.0000000
            49               4.6338630               2.4714251              -2.0712514
            50               4.6338630               2.4714251              -1.3808343
            51               4.6338630               2.4714251              -0.6904172
            52               4.6338630               2.4714251               0.0000000
            53               4.6338630               1.6476166              -2.0712514
            54               4.6338630               1.6476166              -1.3808343
            55               4.6338630               1.6476166              -0.6904172
            56               4.6338630               1.6476166               0.0000000
            57               4.6338630               0.8238082              -2.0712514
            58               4.6338630               0.8238082              -1.3808343
            59               4.6338630               0.8238082              -0.6904172
            60               4.6338630               0.8238082               0.0000000
            61               4.6338630               0.0000000              -2.0712514
            62               4.6338630               0.0000000              -1.3808343
            63               4.6338630               0.0000000              -0.6904172
            64               4.6338630               0.0000000               0.0000000
            65               4.6338630              -0.8238082              -2.0712514
            66               4.6338630              -0.8238082              -1.3808343
            67               4.6338630              -0.8238082              -0.6904172
            68               4.6338630              -0.8238082               0.0000000
            69               4.6338630              -1.6476169              -2.0712514
            70               4.6338630              -1.6476169              -1.3808343
            71               4.6338630              -1.6476169              -0.6904172
            72               4.6338630              -1.6476169               0.0000000
            73               4.6338630              -2.4714251              -2.0712514
            74               4.6338630              -2.4714251              -1.3808343
            75               4.6338630              -2.4714251              -0.6904172
            76               4.6338630              -2.4714251               0.0000000
            77               4.6338630              -3.2952332              -2.0712514
            78               4.6338630              -3.2952332              -1.3808343
            79               4.6338630              -3.2952332              -0.6904172
            80               4.6338630              -3.2952332               0.0000000
            81               4.6338630              -3.2952332              -2.0712514
            82               4.6338630              -3.2952332              -1.3808343
            83               4.6338630              -3.2952332              -0.6904172
            84               4.6338630              -3.2952332               0.0000000
            85               3.7070904              -3.2952332              -2.0712514
            86               3.7070904              -3.2952332              -1.3808343
            87               3.7070904              -3.2952332              -0.6904172
            88               3.7070904              -3.2952332               0.0000000
            89               2.7803178              -3.2952332              -2.0712514
            90               2.7803178              -3.2952332              -1.3808343
            91               2.7803178              -3.2952332              -0.6904172
            92               2.7803178              -3.2952332               0.0000000
            93               1.8535452              -3.2952332              -2.0712514
            94               1.8535452              -3.2952332              -1.3808343
            95               1.8535452              -3.2952332              -0.6904172
            96               1.8535452              -3.2952332               0.0000000
            97               0.9267726              -3.2952332              -2.0712514
            98               0.9267726              -3.2952332              -1.3808343
            99               0.9267726              -3.2952332              -0.6904172
           100               0.9267726              -3.2952332               0.0000000
           101               0.0000000              -3.2952332              -2.0712514
           102               0.0000000              -3.2952332              -1.3808343
           103               0.0000000              -3.2952332              -0.6904172
           104               0.0000000              -3.2952332               0.0000000
           105              -0.9267726              -3.2952332              -2.0712514
           106              -0.9267726              -3.2952332              -1.3808343
           107              -0.9267726              -3.2952332              -0.6904172
           108              -0.9267726              -3.2952332               0.0000000
           109              -1.8535457              -3.2952332              -2.0712514
           110              -1.8535457              -3.2952332              -1.3808343
           111              -1.8535457              -3.2952332              -0.6904172
           112              -1.8535457              -3.2952332               0.0000000
           113              -2.7803178              -3.2952332              -2.0712514
           114              -2.7803178              -3.2952332              -1.3808343
           115              -2.7803178              -3.2952332              -0.6904172
           116              -2.7803178              -3.2952332               0.0000000
           117              -3.7070899              -3.2952332              -2.0712514
           118              -3.7070899              -3.2952332              -1.3808343
           119              -3.7070899              -3.2952332              -0.6904172
           120              -3.7070899              -3.2952332               0.0000000
           121              -4.6338630              -3.2952332              -2.0712514
           122              -4.6338630              -3.2952332              -1.3808343
           123              -4.6338630              -3.2952332              -0.6904172
           124              -4.6338630              -3.2952332               0.0000000
           125              -4.6338630              -3.2952332              -2.0712514
           126              -4.6338630              -3.2952332              -1.3808343
           127              -4.6338630              -3.2952332              -0.6904172
           128              -4.6338630              -3.2952332               0.0000000
           129              -4.6338630              -2.4714251              -2.0712514
           130              -4.6338630              -2.4714251              -1.3808343
           131              -4.6338630              -2.4714251              -0.6904172
           132              -4.6338630              -2.4714251               0.0000000
           133              -4.6338630              -1.6476166              -2.0712514
           134              -4.6338630              -1.6476166              -1.3808343
           135              -4.6338630              -1.6476166              -0.6904172
           136              -4.6338630              -1.6476166               0.0000000
           137              -4.6338630              -0.8238082              -2.0712514
           138              -4.6338630              -0.8238082              -1.3808343
           139              -4.6338630              -0.8238082              -0.6904172
           140              -4.6338630              -0.8238082               0.0000000
           141              -4.6338630               0.0000000              -2.0712514
           142              -4.6338630               0.0000000              -1.3808343
           143              -4.6338630               0.0000000              -0.6904172
           144              -4.6338630               0.0000000               0.0000000
           145              -4.6338630               0.8238082              -2.0712514
           146              -4.6338630               0.8238082              -1.3808343
           147              -4.6338630               0.8238082              -0.6904172
           148              -4.6338630               0.8238082               0.0000000
           149              -4.6338630               1.6476169              -2.0712514
           150              -4.6338630               1.6476169              -1.3808343
           151              -4.6338630               1.6476169              -0.6904172
           152              -4.6338630               1.6476169               0.0000000
           153              -4.6338630               2.4714251              -2.0712514
           154              -4.6338630               2.4714251              -1.3808343
           155              -4.6338630               2.4714251              -0.6904172
           156              -4.6338630               2.4714251               0.0000000
           157              -4.6338630               3.2952332              -2.0712514
           158              -4.6338630               3.2952332              -1.3808343
           159              -4.6338630               3.2952332              -0.6904172
           160              -4.6338630               3.2952332               0.0000000
           161               4.6338630              -3.2952332              -2.0712514
           162               3.7070904              -3.2952332              -2.0712514
           163               2.7803178              -3.2952332              -2.0712514
           164               1.8535452              -3.2952332              -2.0712514
           165               0.9267726              -3.2952332              -2.0712514
           166               0.0000000              -3.2952332              -2.0712514
           167              -0.9267726              -3.2952332              -2.0712514
           168              -1.8535457              -3.2952332              -2.0712514
           169              -2.7803178              -3.2952332              -2.0712514
           170              -3.7070899              -3.2952332              -2.0712514
           171              -4.6338630              -3.2952332              -2.0712514
           172               4.6338630              -2.4714251              -2.0712514
           173               3.7070904              -2.4714251              -2.0712514
           174               2.7803178              -2.4714251              -2.0712514
           175               1.8535452              -2.4714251              -2.0712514
           176               0.9267726              -2.4714251              -2.0712514
           177               0.0000000              -2.4714251              -2.0712514
           178              -0.9267726              -2.4714251              -2.0712514
           179              -1.8535457              -2.4714251              -2.0712514
           180              -2.7803178              -2.4714251              -2.0712514
           181              -3.7070899              -2.4714251              -2.0712514
           182              -4.6338630              -2.4714251              -2.0712514
           183               4.6338630              -1.6476166              -2.0712514
           184               3.7070904              -1.6476166              -2.0712514
           185               2.7803178              -1.6476166              -2.0712514
           186               1.8535452              -1.6476166              -2.0712514
           187               0.9267726              -1.6476166              -2.0712514
           188               0.0000000              -1.6476166              -2.0712514
           189              -0.9267726              -1.6476166              -2.0712514
           190              -1.8535457              -1.6476166              -2.0712514
           191              -2.7803178              -1.6476166              -2.0712514
           192              -3.7070899              -1.6476166              -2.0712514
           193              -4.6338630              -1.6476166              -2.0712514
           194               4.6338630              -0.8238082              -2.0712514
           195               3.7070904              -0.8238082              -2.0712514
           196               2.7803178              -0.8238082              -2.0712514
           197               1.8535452              -0.8238082              -2.0712514
           198               0.9267726              -0.8238082              -2.0712514
           199               0.0000000              -0.8238082              -2.0712514
           200              -0.9267726              -0.8238082              -2.0712514
           201              -1.8535457              -0.8238082              -2.0712514
           202              -2.7803178              -0.8238082              -2.0712514
           203              -3.7070899              -0.8238082              -2.0712514
           204              -4.6338630              -0.8238082              -2.0712514
           205               4.6338630               0.0000000              -2.0712514
           206               3.7070904               0.0000000              -2.0712514
           207               2.7803178               0.0000000              -2.0712514
           208               1.8535452               0.0000000              -2.0712514
           209               0.9267726               0.0000000              -2.0712514
           210               0.0000000               0.0000000              -2.0712514
           211              -0.9267726               0.0000000              -2.0712514
           212              -1.8535457               0.0000000              -2.0712514
           213              -2.7803178               0.0000000              -2.0712514
           214              -3.7070899               0.0000000              -2.0712514
           215              -4.6338630               0.0000000              -2.0712514
           216               4.6338630               0.8238082              -2.0712514
           217               3.7070904               0.8238082              -2.0712514
           218               2.7803178               0.8238082              -2.0712514
           219               1.8535452               0.8238082              -2.0712514
           220               0.9267726               0.8238082              -2.0712514
           221               0.0000000               0.8238082              -2.0712514
           222              -0.9267726               0.8238082              -2.0712514
           223              -1.8535457               0.8238082              -2.0712514
           224              -2.7803178               0.8238082              -2.0712514
           225              -3.7070899               0.8238082              -2.0712514
           226              -4.6338630               0.8238082              -2.0712514
           227               4.6338630               1.6476169              -2.0712514
           228               3.7070904               1.6476169              -2.0712514
           229               2.7803178               1.6476169              -2.0712514
           230               1.8535452               1.6476169              -2.0712514
           231               0.9267726               1.6476169              -2.0712514
           232               0.0000000               1.6476169              -2.0712514
           233              -0.9267726               1.6476169              -2.0712514
           234              -1.8535457               1.6476169              -2.0712514
           235              -2.7803178               1.6476169              -2.0712514
           236              -3.7070899               1.6476169              -2.0712514
           237              -4.6338630               1.6476169              -2.0712514
           238               4.6338630               2.4714251              -2.0712514
           239               3.7070904               2.4714251              -2.0712514
           240               2.7803178               2.4714251              -2.0712514
           241               1.8535452               2.4714251              -2.0712514
           242               0.9267726               2.4714251              -2.0712514
           243               0.0000000               2.4714251              -2.0712514
           244              -0.9267726               2.4714251              -2.0712514
           245              -1.8535457               2.4714251              -2.0712514
           246              -2.7803178               2.4714251              -2.0712514
           247              -3.7070899               2.4714251              -2.0712514
           248              -4.6338630               2.4714251              -2.0712514
           249               4.6338630               3.2952332              -2.0712514
           250               3.7070904               3.2952332              -2.0712514
           251               2.7803178               3.2952332              -2.0712514
           252               1.8535452               3.2952332              -2.0712514
           253               0.9267726               3.2952332              -2.0712514
           254               0.0000000               3.2952332              -2.0712514
           255              -0.9267726               3.2952332              -2.0712514
           256              -1.8535457               3.2952332              -2.0712514
           257              -2.7803178               3.2952332              -2.0712514
           258              -3.7070899               3.2952332              -2.0712514
           259              -4.6338630               3.2952332              -2.0712514
             0          0.00          0.00          0.00
               1               2               6               5
               2               3               7               6
               3               4               8               7
               5               6              10               9
               6               7              11              10
               7               8              12              11
               9              10              14              13
              10              11              15              14
              11              12              16              15
              13              14              18              17
              14              15              19              18
              15              16              20              19
              17              18              22              21
              18              19              23              22
              19              20              24              23
              21              22              26              25
              22              23              27              26
              23              24              28              27
              25              26              30              29
              26              27              31              30
              27              28              32              31
              29              30              34              33
              30              31              35              34
              31              32              36              35
              33              34              38              37
              34              35              39              38
              35              36              40              39
              37              38              42              41
              38              39              43              42
              39              40              44              43
              45              46              50              49
              46              47              51              50
              47              48              52              51
              49              50              54              53
              50              51              55              54
              51              52              56              55
              53              54              58              57
              54              55              59              58
              55              56              60              59
              57              58              62              61
              58              59              63              62
              59              60              64              63
              61              62              66              65
              62              63              67              66
              63              64              68              67
              65              66              70              69
              66              67              71              70
              67              68              72              71
              69              70              74              73
              70              71              75              74
              71              72              76              75
              73              74              78              77
              74              75              79              78
              75              76              80              79
              81              82              86              85
              82              83              87              86
              83              84              88              87
              85              86              90              89
              86              87              91              90
              87              88              92              91
              89              90              94              93
              90              91              95              94
              91              92              96              95
              93              94              98              97
              94              95              99              98
              95              96             100              99
              97              98             102             101
              98              99             103             102
              99             100             104             103
             101             102             106             105
             102             103             107             106
             103             104             108             107
             105             106             110             109
             106             107             111             110
             107             108             112             111
             109             110             114             113
             110             111             115             114
             111             112             116             115
             113             114             118             117
             114             115             119             118
             115             116             120             119
             117             118             122             121
             118             119             123             122
             119             120             124             123
             125             126             130             129
             126             127             131             130
             127             128             132             131
             129             130             134             133
             130             131             135             134
             131             132             136             135
             133             134             138             137
             134             135             139             138
             135             136             140             139
             137             138             142             141
             138             139             143             142
             139             140             144             143
             141             142             146             145
             142             143             147             146
             143             144             148             147
             145             146             150             149
             146             147             151             150
             147             148             152             151
             149             150             154             153
             150             151             155             154
             151             152             156             155
             153             154             158             157
             154             155             159             158
             155             156             160             159
             161             162             173             172
             162             163             174             173
             163             164             175             174
             164             165             176             175
             165             166             177             176
             166             167             178             177
             167             168             179             178
             168             169             180             179
             169             170             181             180
             170             171             182             181
             172             173             184             183
             173             174             185             184
             174             175             186             185
             175             176             187             186
             176             177             188             187
             177             178             189             188
             178             179             190             189
             179             180             191             190
             180             181             192             191
             181             182             193             192
             183             184             195             194
             184             185             196             195
             185             186             197             196
             186             187             198             197
             187             188             199             198
             188             189             200             199
             189             190             201             200
             190             191             202             201
             191             192             203             202
             192             193             204             203
             194             195             206             205
             195             196             207             206
             196             197             208             207
             197             198             209             208
             198             199             210             209
             199             200             211             210
             200             201             212             211
             201             202             213             212
             202             203             214             213
             203             204             215             214
             205             206             217             216
             206             207             218             217
             207             208             219             218
             208             209             220             219
             209             210             221             220
             210             211             222             221
             211             212             223             222
             212             213             224             223
             213             214             225             224
             214             215             226             225
             216             217             228             227
             217             218             229             228
             218             219             230             229
             219             220             231             230
             220             221             232             231
             221             222             233             232
             222             223             234             233
             223             224             235             234
             224             225             236             235
             225             226             237             236
             227             228             239             238
             228             229             240             239
             229             230             241             240
             230             231             242             241
             231             232             243             242
             232             233             244             243
             233             234             245             244
             234             235             246             245
             235             236             247             246
             236             237             248             247
             238             239             250             249
             239             240             251             250
             240             241             252             251
             241             242             253             252
             242             243             254             253
             243             244             255             254
             244             245             256             255
             245             246             257             256
             246             247             258             257
             247             248             259             258
          0          0          0          0
