                    2          0
             1               4.5238953               1.7525663              -6.0606265
             2               4.5238953               1.7525663              -4.5454698
             3               4.5238953               1.7525663              -3.0303133
             4               4.5238953               1.7525663              -1.5151567
             5               4.5238953               1.7525663               0.0000000
             6               4.6877012               0.8762832              -6.0606265
             7               4.6877012               0.8762832              -4.5454698
             8               4.6877012               0.8762832              -3.0303133
             9               4.6877012               0.8762832              -1.5151567
            10               4.6877012               0.8762832               0.0000000
            11               4.8515067               0.0000000              -6.0606265
            12               4.8515067               0.0000000              -4.5454698
            13               4.8515067               0.0000000              -3.0303133
            14               4.8515067               0.0000000              -1.5151567
            15               4.8515067               0.0000000               0.0000000
            16               3.5853066               3.2684388              -6.0606265
            17               3.5853066               3.2684388              -4.5454698
            18               3.5853066               3.2684388              -3.0303133
            19               3.5853066               3.2684388              -1.5151567
            20               3.5853066               3.2684388               0.0000000
            21               4.0546007               2.5105026              -6.0606265
            22               4.0546007               2.5105026              -4.5454698
            23               4.0546007               2.5105026              -3.0303133
            24               4.0546007               2.5105026              -1.5151567
            25               4.0546007               2.5105026               0.0000000
            26               4.5238953               1.7525663              -6.0606265
            27               4.5238953               1.7525663              -4.5454698
            28               4.5238953               1.7525663              -3.0303133
            29               4.5238953               1.7525663              -1.5151567
            30               4.5238953               1.7525663               0.0000000
            31               2.1625025               4.3428907              -6.0606265
            32               2.1625025               4.3428907              -4.5454698
            33               2.1625025               4.3428907              -3.0303133
            34               2.1625025               4.3428907              -1.5151567
            35               2.1625025               4.3428907               0.0000000
            36               2.8739047               3.8056648              -6.0606265
            37               2.8739047               3.8056648              -4.5454698
            38               2.8739047               3.8056648              -3.0303133
            39               2.8739047               3.8056648              -1.5151567
            40               2.8739047               3.8056648               0.0000000
            41               3.5853066               3.2684388              -6.0606265
            42               3.5853066               3.2684388              -4.5454698
            43               3.5853066               3.2684388              -3.0303133
            44               3.5853066               3.2684388              -1.5151567
            45               3.5853066               3.2684388               0.0000000
            46               0.4476406               4.8308110              -6.0606265
            47               0.4476406               4.8308110              -4.5454698
            48               0.4476406               4.8308110              -3.0303133
            49               0.4476406               4.8308110              -1.5151567
            50               0.4476406               4.8308110               0.0000000
            51               1.3050716               4.5868511              -6.0606265
            52               1.3050716               4.5868511              -4.5454698
            53               1.3050716               4.5868511              -3.0303133
            54               1.3050716               4.5868511              -1.5151567
            55               1.3050716               4.5868511               0.0000000
            56               2.1625025               4.3428907              -6.0606265
            57               2.1625025               4.3428907              -4.5454698
            58               2.1625025               4.3428907              -3.0303133
            59               2.1625025               4.3428907              -1.5151567
            60               2.1625025               4.3428907               0.0000000
            61              -1.3276778               4.6663036              -6.0606265
            62              -1.3276778               4.6663036              -4.5454698
            63              -1.3276778               4.6663036              -3.0303133
            64              -1.3276778               4.6663036              -1.5151567
            65              -1.3276778               4.6663036               0.0000000
            66              -0.4400187               4.7485571              -6.0606265
            67              -0.4400187               4.7485571              -4.5454698
            68              -0.4400187               4.7485571              -3.0303133
            69              -0.4400187               4.7485571              -1.5151567
            70              -0.4400187               4.7485571               0.0000000
            71               0.4476405               4.8308110              -6.0606265
            72               0.4476405               4.8308110              -4.5454698
            73               0.4476405               4.8308110              -3.0303133
            74               0.4476405               4.8308110              -1.5151567
            75               0.4476405               4.8308110               0.0000000
            76              -2.9236858               3.8715858              -6.0606265
            77              -2.9236858               3.8715858              -4.5454698
            78              -2.9236858               3.8715858              -3.0303133
            79              -2.9236858               3.8715858              -1.5151567
            80              -2.9236858               3.8715858               0.0000000
            81              -2.1256819               4.2689447              -6.0606265
            82              -2.1256819               4.2689447              -4.5454698
            83              -2.1256819               4.2689447              -3.0303133
            84              -2.1256819               4.2689447              -1.5151567
            85              -2.1256819               4.2689447               0.0000000
            86              -1.3276778               4.6663036              -6.0606265
            87              -1.3276778               4.6663036              -4.5454698
            88              -1.3276778               4.6663036              -3.0303133
            89              -1.3276778               4.6663036              -1.5151567
            90              -1.3276778               4.6663036               0.0000000
            91              -4.1248341               2.5539892              -6.0606265
            92              -4.1248341               2.5539892              -4.5454698
            93              -4.1248341               2.5539892              -3.0303133
            94              -4.1248341               2.5539892              -1.5151567
            95              -4.1248341               2.5539892               0.0000000
            96              -3.5242600               3.2127876              -6.0606265
            97              -3.5242600               3.2127876              -4.5454698
            98              -3.5242600               3.2127876              -3.0303133
            99              -3.5242600               3.2127876              -1.5151567
           100              -3.5242600               3.2127876               0.0000000
           101              -2.9236858               3.8715858              -6.0606265
           102              -2.9236858               3.8715858              -4.5454698
           103              -2.9236858               3.8715858              -3.0303133
           104              -2.9236858               3.8715858              -1.5151567
           105              -2.9236858               3.8715858               0.0000000
           106              -4.7689004               0.8914620              -6.0606265
           107              -4.7689004               0.8914620              -4.5454698
           108              -4.7689004               0.8914620              -3.0303133
           109              -4.7689004               0.8914620              -1.5151567
           110              -4.7689004               0.8914620               0.0000000
           111              -4.4468670               1.7227256              -6.0606265
           112              -4.4468670               1.7227256              -4.5454698
           113              -4.4468670               1.7227256              -3.0303133
           114              -4.4468670               1.7227256              -1.5151567
           115              -4.4468670               1.7227256               0.0000000
           116              -4.1248341               2.5539892              -6.0606265
           117              -4.1248341               2.5539892              -4.5454698
           118              -4.1248341               2.5539892              -3.0303133
           119              -4.1248341               2.5539892              -1.5151567
           120              -4.1248341               2.5539892               0.0000000
           121              -4.7689004              -0.8914620              -6.0606265
           122              -4.7689004              -0.8914620              -4.5454698
           123              -4.7689004              -0.8914620              -3.0303133
           124              -4.7689004              -0.8914620              -1.5151567
           125              -4.7689004              -0.8914620               0.0000000
           126              -4.7689004               0.0000000              -6.0606265
           127              -4.7689004               0.0000000              -4.5454698
           128              -4.7689004               0.0000000              -3.0303133
           129              -4.7689004               0.0000000              -1.5151567
           130              -4.7689004               0.0000000               0.0000000
           131              -4.7689004               0.8914620              -6.0606265
           132              -4.7689004               0.8914620              -4.5454698
           133              -4.7689004               0.8914620              -3.0303133
           134              -4.7689004               0.8914620              -1.5151567
           135              -4.7689004               0.8914620               0.0000000
           136              -4.1248341              -2.5539892              -6.0606265
           137              -4.1248341              -2.5539892              -4.5454698
           138              -4.1248341              -2.5539892              -3.0303133
           139              -4.1248341              -2.5539892              -1.5151567
           140              -4.1248341              -2.5539892               0.0000000
           141              -4.4468670              -1.7227256              -6.0606265
           142              -4.4468670              -1.7227256              -4.5454698
           143              -4.4468670              -1.7227256              -3.0303133
           144              -4.4468670              -1.7227256              -1.5151567
           145              -4.4468670              -1.7227256               0.0000000
           146              -4.7689004              -0.8914621              -6.0606265
           147              -4.7689004              -0.8914621              -4.5454698
           148              -4.7689004              -0.8914621              -3.0303133
           149              -4.7689004              -0.8914621              -1.5151567
           150              -4.7689004              -0.8914621               0.0000000
           151              -2.9236858              -3.8715858              -6.0606265
           152              -2.9236858              -3.8715858              -4.5454698
           153              -2.9236858              -3.8715858              -3.0303133
           154              -2.9236858              -3.8715858              -1.5151567
           155              -2.9236858              -3.8715858               0.0000000
           156              -3.5242600              -3.2127876              -6.0606265
           157              -3.5242600              -3.2127876              -4.5454698
           158              -3.5242600              -3.2127876              -3.0303133
           159              -3.5242600              -3.2127876              -1.5151567
           160              -3.5242600              -3.2127876               0.0000000
           161              -4.1248341              -2.5539892              -6.0606265
           162              -4.1248341              -2.5539892              -4.5454698
           163              -4.1248341              -2.5539892              -3.0303133
           164              -4.1248341              -2.5539892              -1.5151567
           165              -4.1248341              -2.5539892               0.0000000
           166              -1.3276778              -4.6663036              -6.0606265
           167              -1.3276778              -4.6663036              -4.5454698
           168              -1.3276778              -4.6663036              -3.0303133
           169              -1.3276778              -4.6663036              -1.5151567
           170              -1.3276778              -4.6663036               0.0000000
           171              -2.1256819              -4.2689447              -6.0606265
           172              -2.1256819              -4.2689447              -4.5454698
           173              -2.1256819              -4.2689447              -3.0303133
           174              -2.1256819              -4.2689447              -1.5151567
           175              -2.1256819              -4.2689447               0.0000000
           176              -2.9236858              -3.8715858              -6.0606265
           177              -2.9236858              -3.8715858              -4.5454698
           178              -2.9236858              -3.8715858              -3.0303133
           179              -2.9236858              -3.8715858              -1.5151567
           180              -2.9236858              -3.8715858               0.0000000
           181               0.4476406              -4.8308110              -6.0606265
           182               0.4476406              -4.8308110              -4.5454698
           183               0.4476406              -4.8308110              -3.0303133
           184               0.4476406              -4.8308110              -1.5151567
           185               0.4476406              -4.8308110               0.0000000
           186              -0.4400186              -4.7485571              -6.0606265
           187              -0.4400186              -4.7485571              -4.5454698
           188              -0.4400186              -4.7485571              -3.0303133
           189              -0.4400186              -4.7485571              -1.5151567
           190              -0.4400186              -4.7485571               0.0000000
           191              -1.3276777              -4.6663036              -6.0606265
           192              -1.3276777              -4.6663036              -4.5454698
           193              -1.3276777              -4.6663036              -3.0303133
           194              -1.3276777              -4.6663036              -1.5151567
           195              -1.3276777              -4.6663036               0.0000000
           196               2.1625025              -4.3428907              -6.0606265
           197               2.1625025              -4.3428907              -4.5454698
           198               2.1625025              -4.3428907              -3.0303133
           199               2.1625025              -4.3428907              -1.5151567
           200               2.1625025              -4.3428907               0.0000000
           201               1.3050716              -4.5868511              -6.0606265
           202               1.3050716              -4.5868511              -4.5454698
           203               1.3050716              -4.5868511              -3.0303133
           204               1.3050716              -4.5868511              -1.5151567
           205               1.3050716              -4.5868511               0.0000000
           206               0.4476407              -4.8308110              -6.0606265
           207               0.4476407              -4.8308110              -4.5454698
           208               0.4476407              -4.8308110              -3.0303133
           209               0.4476407              -4.8308110              -1.5151567
           210               0.4476407              -4.8308110               0.0000000
           211               3.5853066              -3.2684388              -6.0606265
           212               3.5853066              -3.2684388              -4.5454698
           213               3.5853066              -3.2684388              -3.0303133
           214               3.5853066              -3.2684388              -1.5151567
           215               3.5853066              -3.2684388               0.0000000
           216               2.8739047              -3.8056648              -6.0606265
           217               2.8739047              -3.8056648              -4.5454698
           218               2.8739047              -3.8056648              -3.0303133
           219               2.8739047              -3.8056648              -1.5151567
           220               2.8739047              -3.8056648               0.0000000
           221               2.1625025              -4.3428907              -6.0606265
           222               2.1625025              -4.3428907              -4.5454698
           223               2.1625025              -4.3428907              -3.0303133
           224               2.1625025              -4.3428907              -1.5151567
           225               2.1625025              -4.3428907               0.0000000
           226               4.5238953              -1.7525663              -6.0606265
           227               4.5238953              -1.7525663              -4.5454698
           228               4.5238953              -1.7525663              -3.0303133
           229               4.5238953              -1.7525663              -1.5151567
           230               4.5238953              -1.7525663               0.0000000
           231               4.0546007              -2.5105026              -6.0606265
           232               4.0546007              -2.5105026              -4.5454698
           233               4.0546007              -2.5105026              -3.0303133
           234               4.0546007              -2.5105026              -1.5151567
           235               4.0546007              -2.5105026               0.0000000
           236               3.5853066              -3.2684388              -6.0606265
           237               3.5853066              -3.2684388              -4.5454698
           238               3.5853066              -3.2684388              -3.0303133
           239               3.5853066              -3.2684388              -1.5151567
           240               3.5853066              -3.2684388               0.0000000
           241               4.8515067               0.0000000              -6.0606265
           242               4.8515067               0.0000000              -4.5454698
           243               4.8515067               0.0000000              -3.0303133
           244               4.8515067               0.0000000              -1.5151567
           245               4.8515067               0.0000000               0.0000000
           246               4.6877012              -0.8762832              -6.0606265
           247               4.6877012              -0.8762832              -4.5454698
           248               4.6877012              -0.8762832              -3.0303133
           249               4.6877012              -0.8762832              -1.5151567
           250               4.6877012              -0.8762832               0.0000000
           251               4.5238953              -1.7525663              -6.0606265
           252               4.5238953              -1.7525663              -4.5454698
           253               4.5238953              -1.7525663              -3.0303133
           254               4.5238953              -1.7525663              -1.5151567
           255               4.5238953              -1.7525663               0.0000000
           256               0.0000000               0.0000000              -6.0606265
           257               0.0000000               0.0000000              -6.0606265
           258               1.6171689               0.0000000              -6.0606265
           259               1.5079651               0.5841888              -6.0606265
           260               3.2343378               0.0000000              -6.0606265
           261               3.0159302               1.1683775              -6.0606265
           262               4.8515067               0.0000000              -6.0606265
           263               4.5238953               1.7525663              -6.0606265
           264               0.0000000               0.0000000              -6.0606265
           265               0.0000000               0.0000000              -6.0606265
           266               1.5079651               0.5841888              -6.0606265
           267               1.1951022               1.0894796              -6.0606265
           268               3.0159302               1.1683775              -6.0606265
           269               2.3902044               2.1789591              -6.0606265
           270               4.5238953               1.7525663              -6.0606265
           271               3.5853069               3.2684391              -6.0606265
           272               0.0000000               0.0000000              -6.0606265
           273               0.0000000               0.0000000              -6.0606265
           274               1.1951022               1.0894796              -6.0606265
           275               0.7208342               1.4476303              -6.0606265
           276               2.3902044               2.1789591              -6.0606265
           277               1.4416684               2.8952606              -6.0606265
           278               3.5853069               3.2684391              -6.0606265
           279               2.1625025               4.3428907              -6.0606265
           280               0.0000000               0.0000000              -6.0606265
           281               0.0000000               0.0000000              -6.0606265
           282               0.7208342               1.4476303              -6.0606265
           283               0.1492136               1.6102704              -6.0606265
           284               1.4416684               2.8952606              -6.0606265
           285               0.2984271               3.2205408              -6.0606265
           286               2.1625025               4.3428907              -6.0606265
           287               0.4476405               4.8308110              -6.0606265
           288               0.0000000               0.0000000              -6.0606265
           289               0.0000000               0.0000000              -6.0606265
           290               0.1492135               1.6102704              -6.0606265
           291              -0.4425592               1.5554346              -6.0606265
           292               0.2984271               3.2205408              -6.0606265
           293              -0.8851185               3.1108692              -6.0606265
           294               0.4476406               4.8308110              -6.0606265
           295              -1.3276778               4.6663036              -6.0606265
           296               0.0000000               0.0000000              -6.0606265
           297               0.0000000               0.0000000              -6.0606265
           298              -0.4425593               1.5554346              -6.0606265
           299              -0.9745619               1.2905287              -6.0606265
           300              -0.8851185               3.1108692              -6.0606265
           301              -1.9491239               2.5810573              -6.0606265
           302              -1.3276778               4.6663036              -6.0606265
           303              -2.9236858               3.8715858              -6.0606265
           304               0.0000000               0.0000000              -6.0606265
           305               0.0000000               0.0000000              -6.0606265
           306              -0.9745619               1.2905287              -6.0606265
           307              -1.3749447               0.8513297              -6.0606265
           308              -1.9491239               2.5810573              -6.0606265
           309              -2.7498894               1.7026595              -6.0606265
           310              -2.9236858               3.8715858              -6.0606265
           311              -4.1248341               2.5539892              -6.0606265
           312               0.0000000               0.0000000              -6.0606265
           313               0.0000000               0.0000000              -6.0606265
           314              -1.3749447               0.8513297              -6.0606265
           315              -1.5896335               0.2971540              -6.0606265
           316              -2.7498894               1.7026595              -6.0606265
           317              -3.1792669               0.5943080              -6.0606265
           318              -4.1248341               2.5539892              -6.0606265
           319              -4.7689004               0.8914621              -6.0606265
           320               0.0000000               0.0000000              -6.0606265
           321               0.0000000               0.0000000              -6.0606265
           322              -1.5896335               0.2971540              -6.0606265
           323              -1.5896335              -0.2971540              -6.0606265
           324              -3.1792669               0.5943080              -6.0606265
           325              -3.1792669              -0.5943080              -6.0606265
           326              -4.7689004               0.8914620              -6.0606265
           327              -4.7689004              -0.8914620              -6.0606265
           328               0.0000000               0.0000000              -6.0606265
           329               0.0000000               0.0000000              -6.0606265
           330              -1.5896335              -0.2971540              -6.0606265
           331              -1.3749447              -0.8513297              -6.0606265
           332              -3.1792669              -0.5943080              -6.0606265
           333              -2.7498894              -1.7026595              -6.0606265
           334              -4.7689004              -0.8914620              -6.0606265
           335              -4.1248341              -2.5539892              -6.0606265
           336               0.0000000               0.0000000              -6.0606265
           337               0.0000000               0.0000000              -6.0606265
           338              -1.3749447              -0.8513297              -6.0606265
           339              -0.9745619              -1.2905287              -6.0606265
           340              -2.7498894              -1.7026595              -6.0606265
           341              -1.9491239              -2.5810573              -6.0606265
           342              -4.1248341              -2.5539892              -6.0606265
           343              -2.9236858              -3.8715858              -6.0606265
           344               0.0000000               0.0000000              -6.0606265
           345               0.0000000               0.0000000              -6.0606265
           346              -0.9745619              -1.2905287              -6.0606265
           347              -0.4425592              -1.5554346              -6.0606265
           348              -1.9491239              -2.5810573              -6.0606265
           349              -0.8851185              -3.1108692              -6.0606265
           350              -2.9236858              -3.8715858              -6.0606265
           351              -1.3276778              -4.6663036              -6.0606265
           352               0.0000000               0.0000000              -6.0606265
           353               0.0000000               0.0000000              -6.0606265
           354              -0.4425593              -1.5554346              -6.0606265
           355               0.1492135              -1.6102704              -6.0606265
           356              -0.8851185              -3.1108692              -6.0606265
           357               0.2984270              -3.2205408              -6.0606265
           358              -1.3276778              -4.6663036              -6.0606265
           359               0.4476405              -4.8308110              -6.0606265
           360               0.0000000               0.0000000              -6.0606265
           361               0.0000000               0.0000000              -6.0606265
           362               0.1492135              -1.6102704              -6.0606265
           363               0.7208342              -1.4476303              -6.0606265
           364               0.2984271              -3.2205408              -6.0606265
           365               1.4416684              -2.8952606              -6.0606265
           366               0.4476406              -4.8308110              -6.0606265
           367               2.1625025              -4.3428907              -6.0606265
           368               0.0000000               0.0000000              -6.0606265
           369               0.0000000               0.0000000              -6.0606265
           370               0.7208342              -1.4476303              -6.0606265
           371               1.1951022              -1.0894796              -6.0606265
           372               1.4416684              -2.8952606              -6.0606265
           373               2.3902044              -2.1789591              -6.0606265
           374               2.1625025              -4.3428907              -6.0606265
           375               3.5853069              -3.2684391              -6.0606265
           376               0.0000000               0.0000000              -6.0606265
           377               0.0000000               0.0000000              -6.0606265
           378               1.1951022              -1.0894796              -6.0606265
           379               1.5079651              -0.5841888              -6.0606265
           380               2.3902044              -2.1789591              -6.0606265
           381               3.0159302              -1.1683775              -6.0606265
           382               3.5853069              -3.2684391              -6.0606265
           383               4.5238953              -1.7525663              -6.0606265
           384               0.0000000               0.0000000              -6.0606265
           385               0.0000000               0.0000000              -6.0606265
           386               1.5079651              -0.5841888              -6.0606265
           387               1.6171689               0.0000000              -6.0606265
           388               3.0159302              -1.1683775              -6.0606265
           389               3.2343378               0.0000000              -6.0606265
           390               4.5238953              -1.7525663              -6.0606265
           391               4.8515067               0.0000000              -6.0606265
             0          0.00          0.00          0.00
               1               2               7               6
               2               3               8               7
               3               4               9               8
               4               5              10               9
               6               7              12              11
               7               8              13              12
               8               9              14              13
               9              10              15              14
              16              17              22              21
              17              18              23              22
              18              19              24              23
              19              20              25              24
              21              22              27              26
              22              23              28              27
              23              24              29              28
              24              25              30              29
              31              32              37              36
              32              33              38              37
              33              34              39              38
              34              35              40              39
              36              37              42              41
              37              38              43              42
              38              39              44              43
              39              40              45              44
              46              47              52              51
              47              48              53              52
              48              49              54              53
              49              50              55              54
              51              52              57              56
              52              53              58              57
              53              54              59              58
              54              55              60              59
              61              62              67              66
              62              63              68              67
              63              64              69              68
              64              65              70              69
              66              67              72              71
              67              68              73              72
              68              69              74              73
              69              70              75              74
              76              77              82              81
              77              78              83              82
              78              79              84              83
              79              80              85              84
              81              82              87              86
              82              83              88              87
              83              84              89              88
              84              85              90              89
              91              92              97              96
              92              93              98              97
              93              94              99              98
              94              95             100              99
              96              97             102             101
              97              98             103             102
              98              99             104             103
              99             100             105             104
             106             107             112             111
             107             108             113             112
             108             109             114             113
             109             110             115             114
             111             112             117             116
             112             113             118             117
             113             114             119             118
             114             115             120             119
             121             122             127             126
             122             123             128             127
             123             124             129             128
             124             125             130             129
             126             127             132             131
             127             128             133             132
             128             129             134             133
             129             130             135             134
             136             137             142             141
             137             138             143             142
             138             139             144             143
             139             140             145             144
             141             142             147             146
             142             143             148             147
             143             144             149             148
             144             145             150             149
             151             152             157             156
             152             153             158             157
             153             154             159             158
             154             155             160             159
             156             157             162             161
             157             158             163             162
             158             159             164             163
             159             160             165             164
             166             167             172             171
             167             168             173             172
             168             169             174             173
             169             170             175             174
             171             172             177             176
             172             173             178             177
             173             174             179             178
             174             175             180             179
             181             182             187             186
             182             183             188             187
             183             184             189             188
             184             185             190             189
             186             187             192             191
             187             188             193             192
             188             189             194             193
             189             190             195             194
             196             197             202             201
             197             198             203             202
             198             199             204             203
             199             200             205             204
             201             202             207             206
             202             203             208             207
             203             204             209             208
             204             205             210             209
             211             212             217             216
             212             213             218             217
             213             214             219             218
             214             215             220             219
             216             217             222             221
             217             218             223             222
             218             219             224             223
             219             220             225             224
             226             227             232             231
             227             228             233             232
             228             229             234             233
             229             230             235             234
             231             232             237             236
             232             233             238             237
             233             234             239             238
             234             235             240             239
             241             242             247             246
             242             243             248             247
             243             244             249             248
             244             245             250             249
             246             247             252             251
             247             248             253             252
             248             249             254             253
             249             250             255             254
             256             257             259             258
             258             259             261             260
             260             261             263             262
             264             265             267             266
             266             267             269             268
             268             269             271             270
             272             273             275             274
             274             275             277             276
             276             277             279             278
             280             281             283             282
             282             283             285             284
             284             285             287             286
             288             289             291             290
             290             291             293             292
             292             293             295             294
             296             297             299             298
             298             299             301             300
             300             301             303             302
             304             305             307             306
             306             307             309             308
             308             309             311             310
             312             313             315             314
             314             315             317             316
             316             317             319             318
             320             321             323             322
             322             323             325             324
             324             325             327             326
             328             329             331             330
             330             331             333             332
             332             333             335             334
             336             337             339             338
             338             339             341             340
             340             341             343             342
             344             345             347             346
             346             347             349             348
             348             349             351             350
             352             353             355             354
             354             355             357             356
             356             357             359             358
             360             361             363             362
             362             363             365             364
             364             365             367             366
             368             369             371             370
             370             371             373             372
             372             373             375             374
             376             377             379             378
             378             379             381             380
             380             381             383             382
             384             385             387             386
             386             387             389             388
             388             389             391             390
          0          0          0          0
