                    2          0
             1               0.0000000               3.7212400              -4.2449217
             2              -0.4702278               3.7212400              -3.7732637
             3              -0.9404556               3.7212400              -3.3016057
             4              -1.4106833               3.7212400              -2.8299479
             5              -1.8809111               3.7212400              -2.3582897
             6              -2.3511388               3.7212400              -1.8866317
             7              -2.8213665               3.7212400              -1.4149740
             8              -3.2915945               3.7212400              -0.9433160
             9              -3.7618222               3.7212400              -0.4716580
            10              -4.2320499               3.7212400               0.0000000
            11               0.0000000               3.7212400              -4.2449217
            12               0.4702278               3.7212400              -3.7732637
            13               0.9404556               3.7212400              -3.3016057
            14               1.4106833               3.7212400              -2.8299479
            15               1.8809111               3.7212400              -2.3582897
            16               2.3511388               3.7212400              -1.8866317
            17               2.8213665               3.7212400              -1.4149740
            18               3.2915945               3.7212400              -0.9433160
            19               3.7618222               3.7212400              -0.4716580
            20               4.2320499               3.7212400               0.0000000
            21               0.0000000               3.7212400              -4.2449217
            22               0.4702278               3.7212400              -3.7732637
            23               0.9404556               3.7212400              -3.3016057
            24               1.4106833               3.7212400              -2.8299479
            25               1.8809111               3.7212400              -2.3582897
            26               2.3511388               3.7212400              -1.8866317
            27               2.8213665               3.7212400              -1.4149740
            28               3.2915945               3.7212400              -0.9433160
            29               3.7618222               3.7212400              -0.4716580
            30               4.2320499               3.7212400               0.0000000
            31               0.0000000               2.9769921              -4.2449217
            32               0.4702278               2.9769921              -3.7732637
            33               0.9404556               2.9769921              -3.3016057
            34               1.4106833               2.9769921              -2.8299479
            35               1.8809111               2.9769921              -2.3582897
            36               2.3511388               2.9769921              -1.8866317
            37               2.8213665               2.9769921              -1.4149740
            38               3.2915945               2.9769921              -0.9433160
            39               3.7618222               2.9769921              -0.4716580
            40               4.2320499               2.9769921               0.0000000
            41               0.0000000               2.2327440              -4.2449217
            42               0.4702278               2.2327440              -3.7732637
            43               0.9404556               2.2327440              -3.3016057
            44               1.4106833               2.2327440              -2.8299479
            45               1.8809111               2.2327440              -2.3582897
            46               2.3511388               2.2327440              -1.8866317
            47               2.8213665               2.2327440              -1.4149740
            48               3.2915945               2.2327440              -0.9433160
            49               3.7618222               2.2327440              -0.4716580
            50               4.2320499               2.2327440               0.0000000
            51               0.0000000               1.4884961              -4.2449217
            52               0.4702278               1.4884961              -3.7732637
            53               0.9404556               1.4884961              -3.3016057
            54               1.4106833               1.4884961              -2.8299479
            55               1.8809111               1.4884961              -2.3582897
            56               2.3511388               1.4884961              -1.8866317
            57               2.8213665               1.4884961              -1.4149740
            58               3.2915945               1.4884961              -0.9433160
            59               3.7618222               1.4884961              -0.4716580
            60               4.2320499               1.4884961               0.0000000
            61               0.0000000               0.7442479              -4.2449217
            62               0.4702278               0.7442479              -3.7732637
            63               0.9404556               0.7442479              -3.3016057
            64               1.4106833               0.7442479              -2.8299479
            65               1.8809111               0.7442479              -2.3582897
            66               2.3511388               0.7442479              -1.8866317
            67               2.8213665               0.7442479              -1.4149740
            68               3.2915945               0.7442479              -0.9433160
            69               3.7618222               0.7442479              -0.4716580
            70               4.2320499               0.7442479               0.0000000
            71               0.0000000              -0.0000002              -4.2449217
            72               0.4702278              -0.0000002              -3.7732637
            73               0.9404556              -0.0000002              -3.3016057
            74               1.4106833              -0.0000002              -2.8299479
            75               1.8809111              -0.0000002              -2.3582897
            76               2.3511388              -0.0000002              -1.8866317
            77               2.8213665              -0.0000002              -1.4149740
            78               3.2915945              -0.0000002              -0.9433160
            79               3.7618222              -0.0000002              -0.4716580
            80               4.2320499              -0.0000002               0.0000000
            81               0.0000000              -0.7442479              -4.2449217
            82               0.4702278              -0.7442479              -3.7732637
            83               0.9404556              -0.7442479              -3.3016057
            84               1.4106833              -0.7442479              -2.8299479
            85               1.8809111              -0.7442479              -2.3582897
            86               2.3511388              -0.7442479              -1.8866317
            87               2.8213665              -0.7442479              -1.4149740
            88               3.2915945              -0.7442479              -0.9433160
            89               3.7618222              -0.7442479              -0.4716580
            90               4.2320499              -0.7442479               0.0000000
            91               0.0000000              -1.4884958              -4.2449217
            92               0.4702278              -1.4884958              -3.7732637
            93               0.9404556              -1.4884958              -3.3016057
            94               1.4106833              -1.4884958              -2.8299479
            95               1.8809111              -1.4884958              -2.3582897
            96               2.3511388              -1.4884958              -1.8866317
            97               2.8213665              -1.4884958              -1.4149740
            98               3.2915945              -1.4884958              -0.9433160
            99               3.7618222              -1.4884958              -0.4716580
           100               4.2320499              -1.4884958               0.0000000
           101               0.0000000              -2.2327442              -4.2449217
           102               0.4702278              -2.2327442              -3.7732637
           103               0.9404556              -2.2327442              -3.3016057
           104               1.4106833              -2.2327442              -2.8299479
           105               1.8809111              -2.2327442              -2.3582897
           106               2.3511388              -2.2327442              -1.8866317
           107               2.8213665              -2.2327442              -1.4149740
           108               3.2915945              -2.2327442              -0.9433160
           109               3.7618222              -2.2327442              -0.4716580
           110               4.2320499              -2.2327442               0.0000000
           111               0.0000000              -2.9769921              -4.2449217
           112               0.4702278              -2.9769921              -3.7732637
           113               0.9404556              -2.9769921              -3.3016057
           114               1.4106833              -2.9769921              -2.8299479
           115               1.8809111              -2.9769921              -2.3582897
           116               2.3511388              -2.9769921              -1.8866317
           117               2.8213665              -2.9769921              -1.4149740
           118               3.2915945              -2.9769921              -0.9433160
           119               3.7618222              -2.9769921              -0.4716580
           120               4.2320499              -2.9769921               0.0000000
           121               0.0000000              -3.7212405              -4.2449217
           122               0.4702278              -3.7212405              -3.7732637
           123               0.9404556              -3.7212405              -3.3016057
           124               1.4106833              -3.7212405              -2.8299479
           125               1.8809111              -3.7212405              -2.3582897
           126               2.3511388              -3.7212405              -1.8866317
           127               2.8213665              -3.7212405              -1.4149740
           128               3.2915945              -3.7212405              -0.9433160
           129               3.7618222              -3.7212405              -0.4716580
           130               4.2320499              -3.7212405               0.0000000
           131               0.0000000              -3.7212400              -4.2449217
           132               0.4702278              -3.7212400              -3.7732637
           133               0.9404556              -3.7212400              -3.3016057
           134               1.4106833              -3.7212400              -2.8299479
           135               1.8809111              -3.7212400              -2.3582897
           136               2.3511388              -3.7212400              -1.8866317
           137               2.8213665              -3.7212400              -1.4149740
           138               3.2915945              -3.7212400              -0.9433160
           139               3.7618222              -3.7212400              -0.4716580
           140               4.2320499              -3.7212400               0.0000000
           141               0.0000000              -3.7212400              -4.2449217
           142              -0.4702278              -3.7212400              -3.7732637
           143              -0.9404556              -3.7212400              -3.3016057
           144              -1.4106833              -3.7212400              -2.8299479
           145              -1.8809111              -3.7212400              -2.3582897
           146              -2.3511388              -3.7212400              -1.8866317
           147              -2.8213665              -3.7212400              -1.4149740
           148              -3.2915945              -3.7212400              -0.9433160
           149              -3.7618222              -3.7212400              -0.4716580
           150              -4.2320499              -3.7212400               0.0000000
           151               0.0000000              -3.7212400              -4.2449217
           152              -0.4702278              -3.7212400              -3.7732637
           153              -0.9404556              -3.7212400              -3.3016057
           154              -1.4106833              -3.7212400              -2.8299479
           155              -1.8809111              -3.7212400              -2.3582897
           156              -2.3511388              -3.7212400              -1.8866317
           157              -2.8213665              -3.7212400              -1.4149740
           158              -3.2915945              -3.7212400              -0.9433160
           159              -3.7618222              -3.7212400              -0.4716580
           160              -4.2320499              -3.7212400               0.0000000
           161               0.0000000              -2.9769921              -4.2449217
           162              -0.4702278              -2.9769921              -3.7732637
           163              -0.9404556              -2.9769921              -3.3016057
           164              -1.4106833              -2.9769921              -2.8299479
           165              -1.8809111              -2.9769921              -2.3582897
           166              -2.3511388              -2.9769921              -1.8866317
           167              -2.8213665              -2.9769921              -1.4149740
           168              -3.2915945              -2.9769921              -0.9433160
           169              -3.7618222              -2.9769921              -0.4716580
           170              -4.2320499              -2.9769921               0.0000000
           171               0.0000000              -2.2327440              -4.2449217
           172              -0.4702278              -2.2327440              -3.7732637
           173              -0.9404556              -2.2327440              -3.3016057
           174              -1.4106833              -2.2327440              -2.8299479
           175              -1.8809111              -2.2327440              -2.3582897
           176              -2.3511388              -2.2327440              -1.8866317
           177              -2.8213665              -2.2327440              -1.4149740
           178              -3.2915945              -2.2327440              -0.9433160
           179              -3.7618222              -2.2327440              -0.4716580
           180              -4.2320499              -2.2327440               0.0000000
           181               0.0000000              -1.4884961              -4.2449217
           182              -0.4702278              -1.4884961              -3.7732637
           183              -0.9404556              -1.4884961              -3.3016057
           184              -1.4106833              -1.4884961              -2.8299479
           185              -1.8809111              -1.4884961              -2.3582897
           186              -2.3511388              -1.4884961              -1.8866317
           187              -2.8213665              -1.4884961              -1.4149740
           188              -3.2915945              -1.4884961              -0.9433160
           189              -3.7618222              -1.4884961              -0.4716580
           190              -4.2320499              -1.4884961               0.0000000
           191               0.0000000              -0.7442479              -4.2449217
           192              -0.4702278              -0.7442479              -3.7732637
           193              -0.9404556              -0.7442479              -3.3016057
           194              -1.4106833              -0.7442479              -2.8299479
           195              -1.8809111              -0.7442479              -2.3582897
           196              -2.3511388              -0.7442479              -1.8866317
           197              -2.8213665              -0.7442479              -1.4149740
           198              -3.2915945              -0.7442479              -0.9433160
           199              -3.7618222              -0.7442479              -0.4716580
           200              -4.2320499              -0.7442479               0.0000000
           201               0.0000000               0.0000002              -4.2449217
           202              -0.4702278               0.0000002              -3.7732637
           203              -0.9404556               0.0000002              -3.3016057
           204              -1.4106833               0.0000002              -2.8299479
           205              -1.8809111               0.0000002              -2.3582897
           206              -2.3511388               0.0000002              -1.8866317
           207              -2.8213665               0.0000002              -1.4149740
           208              -3.2915945               0.0000002              -0.9433160
           209              -3.7618222               0.0000002              -0.4716580
           210              -4.2320499               0.0000002               0.0000000
           211               0.0000000               0.7442479              -4.2449217
           212              -0.4702278               0.7442479              -3.7732637
           213              -0.9404556               0.7442479              -3.3016057
           214              -1.4106833               0.7442479              -2.8299479
           215              -1.8809111               0.7442479              -2.3582897
           216              -2.3511388               0.7442479              -1.8866317
           217              -2.8213665               0.7442479              -1.4149740
           218              -3.2915945               0.7442479              -0.9433160
           219              -3.7618222               0.7442479              -0.4716580
           220              -4.2320499               0.7442479               0.0000000
           221               0.0000000               1.4884958              -4.2449217
           222              -0.4702278               1.4884958              -3.7732637
           223              -0.9404556               1.4884958              -3.3016057
           224              -1.4106833               1.4884958              -2.8299479
           225              -1.8809111               1.4884958              -2.3582897
           226              -2.3511388               1.4884958              -1.8866317
           227              -2.8213665               1.4884958              -1.4149740
           228              -3.2915945               1.4884958              -0.9433160
           229              -3.7618222               1.4884958              -0.4716580
           230              -4.2320499               1.4884958               0.0000000
           231               0.0000000               2.2327442              -4.2449217
           232              -0.4702278               2.2327442              -3.7732637
           233              -0.9404556               2.2327442              -3.3016057
           234              -1.4106833               2.2327442              -2.8299479
           235              -1.8809111               2.2327442              -2.3582897
           236              -2.3511388               2.2327442              -1.8866317
           237              -2.8213665               2.2327442              -1.4149740
           238              -3.2915945               2.2327442              -0.9433160
           239              -3.7618222               2.2327442              -0.4716580
           240              -4.2320499               2.2327442               0.0000000
           241               0.0000000               2.9769921              -4.2449217
           242              -0.4702278               2.9769921              -3.7732637
           243              -0.9404556               2.9769921              -3.3016057
           244              -1.4106833               2.9769921              -2.8299479
           245              -1.8809111               2.9769921              -2.3582897
           246              -2.3511388               2.9769921              -1.8866317
           247              -2.8213665               2.9769921              -1.4149740
           248              -3.2915945               2.9769921              -0.9433160
           249              -3.7618222               2.9769921              -0.4716580
           250              -4.2320499               2.9769921               0.0000000
           251               0.0000000               3.7212405              -4.2449217
           252              -0.4702278               3.7212405              -3.7732637
           253              -0.9404556               3.7212405              -3.3016057
           254              -1.4106833               3.7212405              -2.8299479
           255              -1.8809111               3.7212405              -2.3582897
           256              -2.3511388               3.7212405              -1.8866317
           257              -2.8213665               3.7212405              -1.4149740
           258              -3.2915945               3.7212405              -0.9433160
           259              -3.7618222               3.7212405              -0.4716580
           260              -4.2320499               3.7212405               0.0000000
             0          0.00          0.00          0.00
               1               2              12              11
               2               3              13              12
               3               4              14              13
               4               5              15              14
               5               6              16              15
               6               7              17              16
               7               8              18              17
               8               9              19              18
               9              10              20              19
              21              22              32              31
              22              23              33              32
              23              24              34              33
              24              25              35              34
              25              26              36              35
              26              27              37              36
              27              28              38              37
              28              29              39              38
              29              30              40              39
              31              32              42              41
              32              33              43              42
              33              34              44              43
              34              35              45              44
              35              36              46              45
              36              37              47              46
              37              38              48              47
              38              39              49              48
              39              40              50              49
              41              42              52              51
              42              43              53              52
              43              44              54              53
              44              45              55              54
              45              46              56              55
              46              47              57              56
              47              48              58              57
              48              49              59              58
              49              50              60              59
              51              52              62              61
              52              53              63              62
              53              54              64              63
              54              55              65              64
              55              56              66              65
              56              57              67              66
              57              58              68              67
              58              59              69              68
              59              60              70              69
              61              62              72              71
              62              63              73              72
              63              64              74              73
              64              65              75              74
              65              66              76              75
              66              67              77              76
              67              68              78              77
              68              69              79              78
              69              70              80              79
              71              72              82              81
              72              73              83              82
              73              74              84              83
              74              75              85              84
              75              76              86              85
              76              77              87              86
              77              78              88              87
              78              79              89              88
              79              80              90              89
              81              82              92              91
              82              83              93              92
              83              84              94              93
              84              85              95              94
              85              86              96              95
              86              87              97              96
              87              88              98              97
              88              89              99              98
              89              90             100              99
              91              92             102             101
              92              93             103             102
              93              94             104             103
              94              95             105             104
              95              96             106             105
              96              97             107             106
              97              98             108             107
              98              99             109             108
              99             100             110             109
             101             102             112             111
             102             103             113             112
             103             104             114             113
             104             105             115             114
             105             106             116             115
             106             107             117             116
             107             108             118             117
             108             109             119             118
             109             110             120             119
             111             112             122             121
             112             113             123             122
             113             114             124             123
             114             115             125             124
             115             116             126             125
             116             117             127             126
             117             118             128             127
             118             119             129             128
             119             120             130             129
             131             132             142             141
             132             133             143             142
             133             134             144             143
             134             135             145             144
             135             136             146             145
             136             137             147             146
             137             138             148             147
             138             139             149             148
             139             140             150             149
             151             152             162             161
             152             153             163             162
             153             154             164             163
             154             155             165             164
             155             156             166             165
             156             157             167             166
             157             158             168             167
             158             159             169             168
             159             160             170             169
             161             162             172             171
             162             163             173             172
             163             164             174             173
             164             165             175             174
             165             166             176             175
             166             167             177             176
             167             168             178             177
             168             169             179             178
             169             170             180             179
             171             172             182             181
             172             173             183             182
             173             174             184             183
             174             175             185             184
             175             176             186             185
             176             177             187             186
             177             178             188             187
             178             179             189             188
             179             180             190             189
             181             182             192             191
             182             183             193             192
             183             184             194             193
             184             185             195             194
             185             186             196             195
             186             187             197             196
             187             188             198             197
             188             189             199             198
             189             190             200             199
             191             192             202             201
             192             193             203             202
             193             194             204             203
             194             195             205             204
             195             196             206             205
             196             197             207             206
             197             198             208             207
             198             199             209             208
             199             200             210             209
             201             202             212             211
             202             203             213             212
             203             204             214             213
             204             205             215             214
             205             206             216             215
             206             207             217             216
             207             208             218             217
             208             209             219             218
             209             210             220             219
             211             212             222             221
             212             213             223             222
             213             214             224             223
             214             215             225             224
             215             216             226             225
             216             217             227             226
             217             218             228             227
             218             219             229             228
             219             220             230             229
             221             222             232             231
             222             223             233             232
             223             224             234             233
             224             225             235             234
             225             226             236             235
             226             227             237             236
             227             228             238             237
             228             229             239             238
             229             230             240             239
             231             232             242             241
             232             233             243             242
             233             234             244             243
             234             235             245             244
             235             236             246             245
             236             237             247             246
             237             238             248             247
             238             239             249             248
             239             240             250             249
             241             242             252             251
             242             243             253             252
             243             244             254             253
             244             245             255             254
             245             246             256             255
             246             247             257             256
             247             248             258             257
             248             249             259             258
             249             250             260             259
          0          0          0          0
