                    2          0
             1              -2.7993145               2.7985065              -3.4121752
             2              -2.7993145               2.7985065              -2.7297401
             3              -2.7993145               2.7985065              -2.0473051
             4              -2.7993145               2.7985065              -1.3648701
             5              -2.7993145               2.7985065              -0.6824350
             6              -2.7993145               2.7985065              -0.0000002
             7              -1.9995103               2.7985065              -3.4121752
             8              -1.9995103               2.7985065              -2.7297401
             9              -1.9995103               2.7985065              -2.0473051
            10              -1.9995103               2.7985065              -1.3648701
            11              -1.9995103               2.7985065              -0.6824350
            12              -1.9995103               2.7985065              -0.0000002
            13              -1.1997062               2.7985065              -3.4121752
            14              -1.1997062               2.7985065              -2.7297401
            15              -1.1997062               2.7985065              -2.0473051
            16              -1.1997062               2.7985065              -1.3648701
            17              -1.1997062               2.7985065              -0.6824350
            18              -1.1997062               2.7985065              -0.0000002
            19              -0.3999021               2.7985065              -3.4121752
            20              -0.3999021               2.7985065              -2.7297401
            21              -0.3999021               2.7985065              -2.0473051
            22              -0.3999021               2.7985065              -1.3648701
            23              -0.3999021               2.7985065              -0.6824350
            24              -0.3999021               2.7985065              -0.0000002
            25               0.3999021               2.7985065              -3.4121752
            26               0.3999021               2.7985065              -2.7297401
            27               0.3999021               2.7985065              -2.0473051
            28               0.3999021               2.7985065              -1.3648701
            29               0.3999021               2.7985065              -0.6824350
            30               0.3999021               2.7985065              -0.0000002
            31               1.1997063               2.7985065              -3.4121752
            32               1.1997063               2.7985065              -2.7297401
            33               1.1997063               2.7985065              -2.0473051
            34               1.1997063               2.7985065              -1.3648701
            35               1.1997063               2.7985065              -0.6824350
            36               1.1997063               2.7985065              -0.0000002
            37               1.9995103               2.7985065              -3.4121752
            38               1.9995103               2.7985065              -2.7297401
            39               1.9995103               2.7985065              -2.0473051
            40               1.9995103               2.7985065              -1.3648701
            41               1.9995103               2.7985065              -0.6824350
            42               1.9995103               2.7985065              -0.0000002
            43               2.7993145               2.7985065              -3.4121752
            44               2.7993145               2.7985065              -2.7297401
            45               2.7993145               2.7985065              -2.0473051
            46               2.7993145               2.7985065              -1.3648701
            47               2.7993145               2.7985065              -0.6824350
            48               2.7993145               2.7985065              -0.0000002
            49               2.7993145               2.7985065              -3.4121752
            50               2.7993145               2.7985065              -2.7297401
            51               2.7993145               2.7985065              -2.0473051
            52               2.7993145               2.7985065              -1.3648701
            53               2.7993145               2.7985065              -0.6824350
            54               2.7993145               2.7985065              -0.0000002
            55               2.7993145               1.9989332              -3.4121752
            56               2.7993145               1.9989332              -2.7297401
            57               2.7993145               1.9989332              -2.0473051
            58               2.7993145               1.9989332              -1.3648701
            59               2.7993145               1.9989332              -0.6824350
            60               2.7993145               1.9989332              -0.0000002
            61               2.7993145               1.1993599              -3.4121752
            62               2.7993145               1.1993599              -2.7297401
            63               2.7993145               1.1993599              -2.0473051
            64               2.7993145               1.1993599              -1.3648701
            65               2.7993145               1.1993599              -0.6824350
            66               2.7993145               1.1993599              -0.0000002
            67               2.7993145               0.3997867              -3.4121752
            68               2.7993145               0.3997867              -2.7297401
            69               2.7993145               0.3997867              -2.0473051
            70               2.7993145               0.3997867              -1.3648701
            71               2.7993145               0.3997867              -0.6824350
            72               2.7993145               0.3997867              -0.0000002
            73               2.7993145              -0.3997867              -3.4121752
            74               2.7993145              -0.3997867              -2.7297401
            75               2.7993145              -0.3997867              -2.0473051
            76               2.7993145              -0.3997867              -1.3648701
            77               2.7993145              -0.3997867              -0.6824350
            78               2.7993145              -0.3997867              -0.0000002
            79               2.7993145              -1.1993599              -3.4121752
            80               2.7993145              -1.1993599              -2.7297401
            81               2.7993145              -1.1993599              -2.0473051
            82               2.7993145              -1.1993599              -1.3648701
            83               2.7993145              -1.1993599              -0.6824350
            84               2.7993145              -1.1993599              -0.0000002
            85               2.7993145              -1.9989331              -3.4121752
            86               2.7993145              -1.9989331              -2.7297401
            87               2.7993145              -1.9989331              -2.0473051
            88               2.7993145              -1.9989331              -1.3648701
            89               2.7993145              -1.9989331              -0.6824350
            90               2.7993145              -1.9989331              -0.0000002
            91               2.7993145              -2.7985065              -3.4121752
            92               2.7993145              -2.7985065              -2.7297401
            93               2.7993145              -2.7985065              -2.0473051
            94               2.7993145              -2.7985065              -1.3648701
            95               2.7993145              -2.7985065              -0.6824350
            96               2.7993145              -2.7985065              -0.0000002
            97               2.7993145              -2.7985065              -3.4121752
            98               2.7993145              -2.7985065              -2.7297401
            99               2.7993145              -2.7985065              -2.0473051
           100               2.7993145              -2.7985065              -1.3648701
           101               2.7993145              -2.7985065              -0.6824350
           102               2.7993145              -2.7985065              -0.0000002
           103               1.9995103              -2.7985065              -3.4121752
           104               1.9995103              -2.7985065              -2.7297401
           105               1.9995103              -2.7985065              -2.0473051
           106               1.9995103              -2.7985065              -1.3648701
           107               1.9995103              -2.7985065              -0.6824350
           108               1.9995103              -2.7985065              -0.0000002
           109               1.1997062              -2.7985065              -3.4121752
           110               1.1997062              -2.7985065              -2.7297401
           111               1.1997062              -2.7985065              -2.0473051
           112               1.1997062              -2.7985065              -1.3648701
           113               1.1997062              -2.7985065              -0.6824350
           114               1.1997062              -2.7985065              -0.0000002
           115               0.3999021              -2.7985065              -3.4121752
           116               0.3999021              -2.7985065              -2.7297401
           117               0.3999021              -2.7985065              -2.0473051
           118               0.3999021              -2.7985065              -1.3648701
           119               0.3999021              -2.7985065              -0.6824350
           120               0.3999021              -2.7985065              -0.0000002
           121              -0.3999021              -2.7985065              -3.4121752
           122              -0.3999021              -2.7985065              -2.7297401
           123              -0.3999021              -2.7985065              -2.0473051
           124              -0.3999021              -2.7985065              -1.3648701
           125              -0.3999021              -2.7985065              -0.6824350
           126              -0.3999021              -2.7985065              -0.0000002
           127              -1.1997063              -2.7985065              -3.4121752
           128              -1.1997063              -2.7985065              -2.7297401
           129              -1.1997063              -2.7985065              -2.0473051
           130              -1.1997063              -2.7985065              -1.3648701
           131              -1.1997063              -2.7985065              -0.6824350
           132              -1.1997063              -2.7985065              -0.0000002
           133              -1.9995103              -2.7985065              -3.4121752
           134              -1.9995103              -2.7985065              -2.7297401
           135              -1.9995103              -2.7985065              -2.0473051
           136              -1.9995103              -2.7985065              -1.3648701
           137              -1.9995103              -2.7985065              -0.6824350
           138              -1.9995103              -2.7985065              -0.0000002
           139              -2.7993145              -2.7985065              -3.4121752
           140              -2.7993145              -2.7985065              -2.7297401
           141              -2.7993145              -2.7985065              -2.0473051
           142              -2.7993145              -2.7985065              -1.3648701
           143              -2.7993145              -2.7985065              -0.6824350
           144              -2.7993145              -2.7985065              -0.0000002
           145              -2.7993145              -2.7985065              -3.4121752
           146              -2.7993145              -2.7985065              -2.7297401
           147              -2.7993145              -2.7985065              -2.0473051
           148              -2.7993145              -2.7985065              -1.3648701
           149              -2.7993145              -2.7985065              -0.6824350
           150              -2.7993145              -2.7985065              -0.0000002
           151              -2.7993145              -1.9989332              -3.4121752
           152              -2.7993145              -1.9989332              -2.7297401
           153              -2.7993145              -1.9989332              -2.0473051
           154              -2.7993145              -1.9989332              -1.3648701
           155              -2.7993145              -1.9989332              -0.6824350
           156              -2.7993145              -1.9989332              -0.0000002
           157              -2.7993145              -1.1993599              -3.4121752
           158              -2.7993145              -1.1993599              -2.7297401
           159              -2.7993145              -1.1993599              -2.0473051
           160              -2.7993145              -1.1993599              -1.3648701
           161              -2.7993145              -1.1993599              -0.6824350
           162              -2.7993145              -1.1993599              -0.0000002
           163              -2.7993145              -0.3997867              -3.4121752
           164              -2.7993145              -0.3997867              -2.7297401
           165              -2.7993145              -0.3997867              -2.0473051
           166              -2.7993145              -0.3997867              -1.3648701
           167              -2.7993145              -0.3997867              -0.6824350
           168              -2.7993145              -0.3997867              -0.0000002
           169              -2.7993145               0.3997867              -3.4121752
           170              -2.7993145               0.3997867              -2.7297401
           171              -2.7993145               0.3997867              -2.0473051
           172              -2.7993145               0.3997867              -1.3648701
           173              -2.7993145               0.3997867              -0.6824350
           174              -2.7993145               0.3997867              -0.0000002
           175              -2.7993145               1.1993599              -3.4121752
           176              -2.7993145               1.1993599              -2.7297401
           177              -2.7993145               1.1993599              -2.0473051
           178              -2.7993145               1.1993599              -1.3648701
           179              -2.7993145               1.1993599              -0.6824350
           180              -2.7993145               1.1993599              -0.0000002
           181              -2.7993145               1.9989331              -3.4121752
           182              -2.7993145               1.9989331              -2.7297401
           183              -2.7993145               1.9989331              -2.0473051
           184              -2.7993145               1.9989331              -1.3648701
           185              -2.7993145               1.9989331              -0.6824350
           186              -2.7993145               1.9989331              -0.0000002
           187              -2.7993145               2.7985065              -3.4121752
           188              -2.7993145               2.7985065              -2.7297401
           189              -2.7993145               2.7985065              -2.0473051
           190              -2.7993145               2.7985065              -1.3648701
           191              -2.7993145               2.7985065              -0.6824350
           192              -2.7993145               2.7985065              -0.0000002
           193               2.7993145              -2.7985065              -3.4121752
           194               1.9995103              -2.7985065              -3.4121752
           195               1.1997062              -2.7985065              -3.4121752
           196               0.3999021              -2.7985065              -3.4121752
           197              -0.3999021              -2.7985065              -3.4121752
           198              -1.1997063              -2.7985065              -3.4121752
           199              -1.9995103              -2.7985065              -3.4121752
           200              -2.7993145              -2.7985065              -3.4121752
           201               2.7993145              -1.9989332              -3.4121752
           202               1.9995103              -1.9989332              -3.4121752
           203               1.1997062              -1.9989332              -3.4121752
           204               0.3999021              -1.9989332              -3.4121752
           205              -0.3999021              -1.9989332              -3.4121752
           206              -1.1997063              -1.9989332              -3.4121752
           207              -1.9995103              -1.9989332              -3.4121752
           208              -2.7993145              -1.9989332              -3.4121752
           209               2.7993145              -1.1993599              -3.4121752
           210               1.9995103              -1.1993599              -3.4121752
           211               1.1997062              -1.1993599              -3.4121752
           212               0.3999021              -1.1993599              -3.4121752
           213              -0.3999021              -1.1993599              -3.4121752
           214              -1.1997063              -1.1993599              -3.4121752
           215              -1.9995103              -1.1993599              -3.4121752
           216              -2.7993145              -1.1993599              -3.4121752
           217               2.7993145              -0.3997867              -3.4121752
           218               1.9995103              -0.3997867              -3.4121752
           219               1.1997062              -0.3997867              -3.4121752
           220               0.3999021              -0.3997867              -3.4121752
           221              -0.3999021              -0.3997867              -3.4121752
           222              -1.1997063              -0.3997867              -3.4121752
           223              -1.9995103              -0.3997867              -3.4121752
           224              -2.7993145              -0.3997867              -3.4121752
           225               2.7993145               0.3997867              -3.4121752
           226               1.9995103               0.3997867              -3.4121752
           227               1.1997062               0.3997867              -3.4121752
           228               0.3999021               0.3997867              -3.4121752
           229              -0.3999021               0.3997867              -3.4121752
           230              -1.1997063               0.3997867              -3.4121752
           231              -1.9995103               0.3997867              -3.4121752
           232              -2.7993145               0.3997867              -3.4121752
           233               2.7993145               1.1993599              -3.4121752
           234               1.9995103               1.1993599              -3.4121752
           235               1.1997062               1.1993599              -3.4121752
           236               0.3999021               1.1993599              -3.4121752
           237              -0.3999021               1.1993599              -3.4121752
           238              -1.1997063               1.1993599              -3.4121752
           239              -1.9995103               1.1993599              -3.4121752
           240              -2.7993145               1.1993599              -3.4121752
           241               2.7993145               1.9989331              -3.4121752
           242               1.9995103               1.9989331              -3.4121752
           243               1.1997062               1.9989331              -3.4121752
           244               0.3999021               1.9989331              -3.4121752
           245              -0.3999021               1.9989331              -3.4121752
           246              -1.1997063               1.9989331              -3.4121752
           247              -1.9995103               1.9989331              -3.4121752
           248              -2.7993145               1.9989331              -3.4121752
           249               2.7993145               2.7985065              -3.4121752
           250               1.9995103               2.7985065              -3.4121752
           251               1.1997062               2.7985065              -3.4121752
           252               0.3999021               2.7985065              -3.4121752
           253              -0.3999021               2.7985065              -3.4121752
           254              -1.1997063               2.7985065              -3.4121752
           255              -1.9995103               2.7985065              -3.4121752
           256              -2.7993145               2.7985065              -3.4121752
             0          0.00          0.00          0.00
               1               2               8               7
               2               3               9               8
               3               4              10               9
               4               5              11              10
               5               6              12              11
               7               8              14              13
               8               9              15              14
               9              10              16              15
              10              11              17              16
              11              12              18              17
              13              14              20              19
              14              15              21              20
              15              16              22              21
              16              17              23              22
              17              18              24              23
              19              20              26              25
              20              21              27              26
              21              22              28              27
              22              23              29              28
              23              24              30              29
              25              26              32              31
              26              27              33              32
              27              28              34              33
              28              29              35              34
              29              30              36              35
              31              32              38              37
              32              33              39              38
              33              34              40              39
              34              35              41              40
              35              36              42              41
              37              38              44              43
              38              39              45              44
              39              40              46              45
              40              41              47              46
              41              42              48              47
              49              50              56              55
              50              51              57              56
              51              52              58              57
              52              53              59              58
              53              54              60              59
              55              56              62              61
              56              57              63              62
              57              58              64              63
              58              59              65              64
              59              60              66              65
              61              62              68              67
              62              63              69              68
              63              64              70              69
              64              65              71              70
              65              66              72              71
              67              68              74              73
              68              69              75              74
              69              70              76              75
              70              71              77              76
              71              72              78              77
              73              74              80              79
              74              75              81              80
              75              76              82              81
              76              77              83              82
              77              78              84              83
              79              80              86              85
              80              81              87              86
              81              82              88              87
              82              83              89              88
              83              84              90              89
              85              86              92              91
              86              87              93              92
              87              88              94              93
              88              89              95              94
              89              90              96              95
              97              98             104             103
              98              99             105             104
              99             100             106             105
             100             101             107             106
             101             102             108             107
             103             104             110             109
             104             105             111             110
             105             106             112             111
             106             107             113             112
             107             108             114             113
             109             110             116             115
             110             111             117             116
             111             112             118             117
             112             113             119             118
             113             114             120             119
             115             116             122             121
             116             117             123             122
             117             118             124             123
             118             119             125             124
             119             120             126             125
             121             122             128             127
             122             123             129             128
             123             124             130             129
             124             125             131             130
             125             126             132             131
             127             128             134             133
             128             129             135             134
             129             130             136             135
             130             131             137             136
             131             132             138             137
             133             134             140             139
             134             135             141             140
             135             136             142             141
             136             137             143             142
             137             138             144             143
             145             146             152             151
             146             147             153             152
             147             148             154             153
             148             149             155             154
             149             150             156             155
             151             152             158             157
             152             153             159             158
             153             154             160             159
             154             155             161             160
             155             156             162             161
             157             158             164             163
             158             159             165             164
             159             160             166             165
             160             161             167             166
             161             162             168             167
             163             164             170             169
             164             165             171             170
             165             166             172             171
             166             167             173             172
             167             168             174             173
             169             170             176             175
             170             171             177             176
             171             172             178             177
             172             173             179             178
             173             174             180             179
             175             176             182             181
             176             177             183             182
             177             178             184             183
             178             179             185             184
             179             180             186             185
             181             182             188             187
             182             183             189             188
             183             184             190             189
             184             185             191             190
             185             186             192             191
             193             194             202             201
             194             195             203             202
             195             196             204             203
             196             197             205             204
             197             198             206             205
             198             199             207             206
             199             200             208             207
             201             202             210             209
             202             203             211             210
             203             204             212             211
             204             205             213             212
             205             206             214             213
             206             207             215             214
             207             208             216             215
             209             210             218             217
             210             211             219             218
             211             212             220             219
             212             213             221             220
             213             214             222             221
             214             215             223             222
             215             216             224             223
             217             218             226             225
             218             219             227             226
             219             220             228             227
             220             221             229             228
             221             222             230             229
             222             223             231             230
             223             224             232             231
             225             226             234             233
             226             227             235             234
             227             228             236             235
             228             229             237             236
             229             230             238             237
             230             231             239             238
             231             232             240             239
             233             234             242             241
             234             235             243             242
             235             236             244             243
             236             237             245             244
             237             238             246             245
             238             239             247             246
             239             240             248             247
             241             242             250             249
             242             243             251             250
             243             244             252             251
             244             245             253             252
             245             246             254             253
             246             247             255             254
             247             248             256             255
          0          0          0          0
