                    2          0
             1               3.6761146               1.4241344              -1.6329672
             2               3.8275561               1.4828031              -0.8164836
             3               3.9789977               1.5414720               0.0000000
             4               3.8092229               0.7120672              -1.6329672
             5               3.9661484               0.7414016              -0.8164836
             6               4.1230736               0.7707360               0.0000000
             7               3.9423313               0.0000000              -1.6329672
             8               4.1047401               0.0000000              -0.8164836
             9               4.2671490               0.0000000               0.0000000
            10               2.8135762               1.0899853              -3.0173299
            11               3.2448454               1.2570598              -2.3251486
            12               3.6761146               1.4241344              -1.6329672
            13               2.9154530               0.5449926              -3.0173299
            14               3.3623381               0.6285299              -2.3251486
            15               3.8092229               0.7120672              -1.6329672
            16               3.0173299               0.0000000              -3.0173299
            17               3.4798307               0.0000000              -2.3251486
            18               3.9423313               0.0000000              -1.6329672
            19               1.5226965               0.5898958              -3.9423313
            20               2.1681364               0.8399405              -3.4798307
            21               2.8135762               1.0899853              -3.0173299
            22               1.6329672               0.0000000              -3.9423313
            23               2.3251486               0.0000000              -3.4798307
            24               3.0173299               0.0000000              -3.0173299
            25               0.0000000               0.0000000              -4.2671490
            26               0.7613482               0.2949479              -4.1047401
            27               1.5226965               0.5898958              -3.9423313
            28               0.0000000               0.0000000              -4.2671490
            29               0.8164836               0.0000000              -4.1047401
            30               1.6329672               0.0000000              -3.9423313
            31               2.9134181               2.6559315              -1.6329672
            32               3.0334396               2.7653456              -0.8164836
            33               3.1534610               2.8747597               0.0000000
            34               3.2947664               2.0400329              -1.6329672
            35               3.4304979               2.1240745              -0.8164836
            36               3.5662293               2.2081158               0.0000000
            37               3.6761146               1.4241344              -1.6329672
            38               3.8275561               1.4828031              -0.8164836
            39               3.9789977               1.5414720               0.0000000
            40               2.2298336               2.0327621              -3.0173299
            41               2.5716257               2.3443468              -2.3251486
            42               2.9134181               2.6559315              -1.6329672
            43               2.5217049               1.5613737              -3.0173299
            44               2.9082355               1.8007033              -2.3251486
            45               3.2947664               2.0400329              -1.6329672
            46               2.8135762               1.0899853              -3.0173299
            47               3.2448454               1.2570598              -2.3251486
            48               3.6761146               1.4241344              -1.6329672
            49               1.2067773               1.1001229              -3.9423313
            50               1.7183055               1.5664425              -3.4798307
            51               2.2298336               2.0327621              -3.0173299
            52               1.5226965               0.5898958              -3.9423313
            53               2.1681364               0.8399405              -3.4798307
            54               2.8135762               1.0899853              -3.0173299
            55               0.0000000               0.0000000              -4.2671490
            56               0.6033887               0.5500615              -4.1047401
            57               1.2067773               1.1001229              -3.9423313
            58               0.0000000               0.0000000              -4.2671490
            59               0.7613482               0.2949479              -4.1047401
            60               1.5226965               0.5898958              -3.9423313
            61               1.7572483               3.5290303              -1.6329672
            62               1.8296402               3.6744127              -0.8164836
            63               1.9020319               3.8197949               0.0000000
            64               2.3353331               3.0924809              -1.6329672
            65               2.4315398               3.2198792              -0.8164836
            66               2.5277464               3.3472772               0.0000000
            67               2.9134181               2.6559315              -1.6329672
            68               3.0334396               2.7653456              -0.8164836
            69               3.1534610               2.8747597               0.0000000
            70               1.3449396               2.7010028              -3.0173299
            71               1.5510939               3.1150165              -2.3251486
            72               1.7572483               3.5290303              -1.6329672
            73               1.7873867               2.3668823              -3.0173299
            74               2.0613599               2.7296815              -2.3251486
            75               2.3353331               3.0924809              -1.6329672
            76               2.2298336               2.0327621              -3.0173299
            77               2.5716257               2.3443468              -2.3251486
            78               2.9134181               2.6559315              -1.6329672
            79               0.7278761               1.4617722              -3.9423313
            80               1.0364078               2.0813875              -3.4798307
            81               1.3449396               2.7010028              -3.0173299
            82               1.2067773               1.1001229              -3.9423313
            83               1.7183055               1.5664425              -3.4798307
            84               2.2298336               2.0327621              -3.0173299
            85               0.0000000               0.0000000              -4.2671490
            86               0.3639381               0.7308861              -4.1047401
            87               0.7278761               1.4617722              -3.9423313
            88               0.0000000               0.0000000              -4.2671490
            89               0.6033887               0.5500615              -4.1047401
            90               1.2067773               1.1001229              -3.9423313
            91               0.3637525               3.9255142              -1.6329672
            92               0.3787377               4.0872297              -0.8164836
            93               0.3937228               4.2489457               0.0000000
            94               1.0605004               3.7272723              -1.6329672
            95               1.1041889               3.8808212              -0.8164836
            96               1.1478773               4.0343704               0.0000000
            97               1.7572483               3.5290303              -1.6329672
            98               1.8296402               3.6744127              -0.8164836
            99               1.9020319               3.8197949               0.0000000
           100               0.2784041               3.0044584              -3.0173299
           101               0.3210783               3.4649863              -2.3251486
           102               0.3637525               3.9255142              -1.6329672
           103               0.8116719               2.8527308              -3.0173299
           104               0.9360861               3.2900014              -2.3251486
           105               1.0605004               3.7272723              -1.6329672
           106               1.3449396               2.7010028              -3.0173299
           107               1.5510939               3.1150165              -2.3251486
           108               1.7572483               3.5290303              -1.6329672
           109               0.1506712               1.6260012              -3.9423313
           110               0.2145377               2.3152299              -3.4798307
           111               0.2784041               3.0044584              -3.0173299
           112               0.7278761               1.4617722              -3.9423313
           113               1.0364078               2.0813875              -3.4798307
           114               1.3449396               2.7010028              -3.0173299
           115               0.0000000               0.0000000              -4.2671490
           116               0.0753356               0.8130006              -4.1047401
           117               0.1506712               1.6260012              -3.9423313
           118               0.0000000               0.0000000              -4.2671490
           119               0.3639381               0.7308861              -4.1047401
           120               0.7278761               1.4617722              -3.9423313
           121              -1.0788702               3.7918355              -1.6329672
           122              -1.1233155               3.9480443              -0.8164836
           123              -1.1677607               4.1042533               0.0000000
           124              -0.3575588               3.8586750              -1.6329672
           125              -0.3722889               4.0176373              -0.8164836
           126              -0.3870190               4.1765995               0.0000000
           127               0.3637525               3.9255142              -1.6329672
           128               0.3787376               4.0872297              -0.8164836
           129               0.3937228               4.2489457               0.0000000
           130              -0.8257315               2.9021451              -3.0173299
           131              -0.9523008               3.3469903              -2.3251486
           132              -1.0788702               3.7918355              -1.6329672
           133              -0.2736637               2.9533019              -3.0173299
           134              -0.3156113               3.4059885              -2.3251486
           135              -0.3575588               3.8586750              -1.6329672
           136               0.2784041               3.0044584              -3.0173299
           137               0.3210783               3.4649863              -2.3251486
           138               0.3637525               3.9255142              -1.6329672
           139              -0.4468827               1.5706297              -3.9423313
           140              -0.6363071               2.2363875              -3.4798307
           141              -0.8257315               2.9021451              -3.0173299
           142               0.1506712               1.6260012              -3.9423313
           143               0.2145377               2.3152299              -3.4798307
           144               0.2784041               3.0044584              -3.0173299
           145               0.0000000               0.0000000              -4.2671490
           146              -0.2234413               0.7853149              -4.1047401
           147              -0.4468827               1.5706297              -3.9423313
           148               0.0000000               0.0000000              -4.2671490
           149               0.0753356               0.8130006              -4.1047401
           150               0.1506712               1.6260012              -3.9423313
           151              -2.3757856               3.1460483              -1.6329672
           152              -2.4736586               3.2756534              -0.8164836
           153              -2.5715318               3.4052584               0.0000000
           154              -1.7273278               3.4689419              -1.6329672
           155              -1.7984871               3.6118488              -0.8164836
           156              -1.8696463               3.7547560               0.0000000
           157              -1.0788702               3.7918355              -1.6329672
           158              -1.1233155               3.9480443              -0.8164836
           159              -1.1677607               4.1042533               0.0000000
           160              -1.8183475               2.4078813              -3.0173299
           161              -2.0970664               2.7769647              -2.3251486
           162              -2.3757856               3.1460483              -1.6329672
           163              -1.3220395               2.6550131              -3.0173299
           164              -1.5246837               3.0619774              -2.3251486
           165              -1.7273278               3.4689419              -1.6329672
           166              -0.8257315               2.9021451              -3.0173299
           167              -0.9523008               3.3469903              -2.3251486
           168              -1.0788702               3.7918355              -1.6329672
           169              -0.9840826               1.3031359              -3.9423313
           170              -1.4012151               1.8555086              -3.4798307
           171              -1.8183475               2.4078813              -3.0173299
           172              -0.4468827               1.5706297              -3.9423313
           173              -0.6363071               2.2363875              -3.4798307
           174              -0.8257315               2.9021451              -3.0173299
           175               0.0000000               0.0000000              -4.2671490
           176              -0.4920413               0.6515679              -4.1047401
           177              -0.9840826               1.3031359              -3.9423313
           178               0.0000000               0.0000000              -4.2671490
           179              -0.2234414               0.7853149              -4.1047401
           180              -0.4468827               1.5706297              -3.9423313
           181              -3.3518376               2.0753701              -1.6329672
           182              -3.4899201               2.1608672              -0.8164836
           183              -3.6280029               2.2463644               0.0000000
           184              -2.8638115               2.6107092              -1.6329672
           185              -2.9817894               2.7182603              -0.8164836
           186              -3.0997672               2.8258114               0.0000000
           187              -2.3757856               3.1460483              -1.6329672
           188              -2.4736586               3.2756534              -0.8164836
           189              -2.5715318               3.4052584               0.0000000
           190              -2.5653856               1.5884196              -3.0173299
           191              -2.9586115               1.8318949              -2.3251486
           192              -3.3518376               2.0753701              -1.6329672
           193              -2.1918664               1.9981503              -3.0173299
           194              -2.5278389               2.3044298              -2.3251486
           195              -2.8638115               2.6107092              -1.6329672
           196              -1.8183475               2.4078813              -3.0173299
           197              -2.0970664               2.7769647              -2.3251486
           198              -2.3757856               3.1460483              -1.6329672
           199              -1.3883767               0.8596464              -3.9423313
           200              -1.9768811               1.2240330              -3.4798307
           201              -2.5653856               1.5884196              -3.0173299
           202              -0.9840826               1.3031359              -3.9423313
           203              -1.4012151               1.8555086              -3.4798307
           204              -1.8183475               2.4078813              -3.0173299
           205               0.0000000               0.0000000              -4.2671490
           206              -0.6941884               0.4298232              -4.1047401
           207              -1.3883767               0.8596464              -3.9423313
           208               0.0000000               0.0000000              -4.2671490
           209              -0.4920413               0.6515679              -4.1047401
           210              -0.9840826               1.3031359              -3.9423313
           211              -3.8752058               0.7244015              -1.6329672
           212              -4.0348492               0.7542440              -0.8164836
           213              -4.1944923               0.7840865               0.0000000
           214              -3.6135216               1.3998858              -1.6329672
           215              -3.7623847               1.4575555              -0.8164836
           216              -3.9112477               1.5152254               0.0000000
           217              -3.3518376               2.0753701              -1.6329672
           218              -3.4899201               2.1608672              -0.8164836
           219              -3.6280029               2.2463644               0.0000000
           220              -2.9659541               0.5544329              -3.0173299
           221              -3.4205799               0.6394172              -2.3251486
           222              -3.8752058               0.7244015              -1.6329672
           223              -2.7656698               1.0714262              -3.0173299
           224              -3.1895957               1.2356560              -2.3251486
           225              -3.6135216               1.3998858              -1.6329672
           226              -2.5653856               1.5884194              -3.0173299
           227              -2.9586115               1.8318948              -2.3251486
           228              -3.3518376               2.0753701              -1.6329672
           229              -1.6051629               0.3000569              -3.9423313
           230              -2.2855585               0.4272449              -3.4798307
           231              -2.9659541               0.5544329              -3.0173299
           232              -1.3883767               0.8596464              -3.9423313
           233              -1.9768811               1.2240329              -3.4798307
           234              -2.5653856               1.5884194              -3.0173299
           235               0.0000000               0.0000000              -4.2671490
           236              -0.8025814               0.1500285              -4.1047401
           237              -1.6051629               0.3000569              -3.9423313
           238               0.0000000               0.0000000              -4.2671490
           239              -0.6941884               0.4298232              -4.1047401
           240              -1.3883767               0.8596464              -3.9423313
           241              -3.8752058              -0.7244015              -1.6329672
           242              -4.0348492              -0.7542440              -0.8164836
           243              -4.1944923              -0.7840865               0.0000000
           244              -3.8752058               0.0000000              -1.6329672
           245              -4.0348492               0.0000000              -0.8164836
           246              -4.1944923               0.0000000               0.0000000
           247              -3.8752058               0.7244015              -1.6329672
           248              -4.0348492               0.7542440              -0.8164836
           249              -4.1944923               0.7840865               0.0000000
           250              -2.9659541              -0.5544329              -3.0173299
           251              -3.4205799              -0.6394172              -2.3251486
           252              -3.8752058              -0.7244015              -1.6329672
           253              -2.9659541               0.0000000              -3.0173299
           254              -3.4205799               0.0000000              -2.3251486
           255              -3.8752058               0.0000000              -1.6329672
           256              -2.9659541               0.5544329              -3.0173299
           257              -3.4205799               0.6394172              -2.3251486
           258              -3.8752058               0.7244015              -1.6329672
           259              -1.6051629              -0.3000569              -3.9423313
           260              -2.2855585              -0.4272449              -3.4798307
           261              -2.9659541              -0.5544329              -3.0173299
           262              -1.6051629               0.3000569              -3.9423313
           263              -2.2855585               0.4272449              -3.4798307
           264              -2.9659541               0.5544329              -3.0173299
           265               0.0000000               0.0000000              -4.2671490
           266              -0.8025814              -0.1500285              -4.1047401
           267              -1.6051629              -0.3000569              -3.9423313
           268               0.0000000               0.0000000              -4.2671490
           269              -0.8025814               0.1500285              -4.1047401
           270              -1.6051629               0.3000569              -3.9423313
           271              -3.3518376              -2.0753701              -1.6329672
           272              -3.4899201              -2.1608672              -0.8164836
           273              -3.6280029              -2.2463644               0.0000000
           274              -3.6135216              -1.3998858              -1.6329672
           275              -3.7623847              -1.4575555              -0.8164836
           276              -3.9112477              -1.5152254               0.0000000
           277              -3.8752058              -0.7244015              -1.6329672
           278              -4.0348492              -0.7542440              -0.8164836
           279              -4.1944923              -0.7840865               0.0000000
           280              -2.5653856              -1.5884196              -3.0173299
           281              -2.9586115              -1.8318949              -2.3251486
           282              -3.3518376              -2.0753701              -1.6329672
           283              -2.7656698              -1.0714263              -3.0173299
           284              -3.1895957              -1.2356560              -2.3251486
           285              -3.6135216              -1.3998858              -1.6329672
           286              -2.9659541              -0.5544330              -3.0173299
           287              -3.4205799              -0.6394172              -2.3251486
           288              -3.8752058              -0.7244015              -1.6329672
           289              -1.3883767              -0.8596464              -3.9423313
           290              -1.9768811              -1.2240330              -3.4798307
           291              -2.5653856              -1.5884196              -3.0173299
           292              -1.6051629              -0.3000569              -3.9423313
           293              -2.2855585              -0.4272449              -3.4798307
           294              -2.9659541              -0.5544330              -3.0173299
           295               0.0000000               0.0000000              -4.2671490
           296              -0.6941884              -0.4298232              -4.1047401
           297              -1.3883767              -0.8596464              -3.9423313
           298               0.0000000               0.0000000              -4.2671490
           299              -0.8025814              -0.1500284              -4.1047401
           300              -1.6051629              -0.3000569              -3.9423313
           301              -2.3757856              -3.1460483              -1.6329672
           302              -2.4736586              -3.2756534              -0.8164836
           303              -2.5715318              -3.4052584               0.0000000
           304              -2.8638115              -2.6107092              -1.6329672
           305              -2.9817894              -2.7182603              -0.8164836
           306              -3.0997672              -2.8258114               0.0000000
           307              -3.3518376              -2.0753701              -1.6329672
           308              -3.4899201              -2.1608672              -0.8164836
           309              -3.6280029              -2.2463644               0.0000000
           310              -1.8183475              -2.4078813              -3.0173299
           311              -2.0970664              -2.7769647              -2.3251486
           312              -2.3757856              -3.1460483              -1.6329672
           313              -2.1918664              -1.9981503              -3.0173299
           314              -2.5278389              -2.3044298              -2.3251486
           315              -2.8638115              -2.6107092              -1.6329672
           316              -2.5653856              -1.5884196              -3.0173299
           317              -2.9586115              -1.8318949              -2.3251486
           318              -3.3518376              -2.0753701              -1.6329672
           319              -0.9840826              -1.3031359              -3.9423313
           320              -1.4012151              -1.8555086              -3.4798307
           321              -1.8183475              -2.4078813              -3.0173299
           322              -1.3883767              -0.8596464              -3.9423313
           323              -1.9768811              -1.2240330              -3.4798307
           324              -2.5653856              -1.5884196              -3.0173299
           325               0.0000000               0.0000000              -4.2671490
           326              -0.4920413              -0.6515679              -4.1047401
           327              -0.9840826              -1.3031359              -3.9423313
           328               0.0000000               0.0000000              -4.2671490
           329              -0.6941884              -0.4298232              -4.1047401
           330              -1.3883767              -0.8596464              -3.9423313
           331              -1.0788702              -3.7918355              -1.6329672
           332              -1.1233155              -3.9480443              -0.8164836
           333              -1.1677607              -4.1042533               0.0000000
           334              -1.7273278              -3.4689419              -1.6329672
           335              -1.7984871              -3.6118488              -0.8164836
           336              -1.8696463              -3.7547560               0.0000000
           337              -2.3757856              -3.1460483              -1.6329672
           338              -2.4736586              -3.2756534              -0.8164836
           339              -2.5715318              -3.4052584               0.0000000
           340              -0.8257315              -2.9021451              -3.0173299
           341              -0.9523008              -3.3469903              -2.3251486
           342              -1.0788702              -3.7918355              -1.6329672
           343              -1.3220395              -2.6550131              -3.0173299
           344              -1.5246837              -3.0619774              -2.3251486
           345              -1.7273278              -3.4689419              -1.6329672
           346              -1.8183475              -2.4078813              -3.0173299
           347              -2.0970664              -2.7769647              -2.3251486
           348              -2.3757856              -3.1460483              -1.6329672
           349              -0.4468827              -1.5706297              -3.9423313
           350              -0.6363071              -2.2363875              -3.4798307
           351              -0.8257315              -2.9021451              -3.0173299
           352              -0.9840826              -1.3031359              -3.9423313
           353              -1.4012151              -1.8555086              -3.4798307
           354              -1.8183475              -2.4078813              -3.0173299
           355               0.0000000               0.0000000              -4.2671490
           356              -0.2234413              -0.7853149              -4.1047401
           357              -0.4468827              -1.5706297              -3.9423313
           358               0.0000000               0.0000000              -4.2671490
           359              -0.4920413              -0.6515679              -4.1047401
           360              -0.9840826              -1.3031359              -3.9423313
           361               0.3637525              -3.9255142              -1.6329672
           362               0.3787377              -4.0872297              -0.8164836
           363               0.3937228              -4.2489457               0.0000000
           364              -0.3575588              -3.8586750              -1.6329672
           365              -0.3722889              -4.0176373              -0.8164836
           366              -0.3870189              -4.1765995               0.0000000
           367              -1.0788702              -3.7918355              -1.6329672
           368              -1.1233155              -3.9480443              -0.8164836
           369              -1.1677607              -4.1042533               0.0000000
           370               0.2784041              -3.0044584              -3.0173299
           371               0.3210783              -3.4649863              -2.3251486
           372               0.3637525              -3.9255142              -1.6329672
           373              -0.2736637              -2.9533019              -3.0173299
           374              -0.3156113              -3.4059885              -2.3251486
           375              -0.3575588              -3.8586750              -1.6329672
           376              -0.8257315              -2.9021451              -3.0173299
           377              -0.9523008              -3.3469903              -2.3251486
           378              -1.0788702              -3.7918355              -1.6329672
           379               0.1506712              -1.6260012              -3.9423313
           380               0.2145377              -2.3152299              -3.4798307
           381               0.2784041              -3.0044584              -3.0173299
           382              -0.4468827              -1.5706297              -3.9423313
           383              -0.6363071              -2.2363875              -3.4798307
           384              -0.8257315              -2.9021451              -3.0173299
           385               0.0000000               0.0000000              -4.2671490
           386               0.0753356              -0.8130006              -4.1047401
           387               0.1506712              -1.6260012              -3.9423313
           388               0.0000000               0.0000000              -4.2671490
           389              -0.2234414              -0.7853149              -4.1047401
           390              -0.4468827              -1.5706297              -3.9423313
           391               1.7572483              -3.5290303              -1.6329672
           392               1.8296402              -3.6744127              -0.8164836
           393               1.9020319              -3.8197949               0.0000000
           394               1.0605004              -3.7272723              -1.6329672
           395               1.1041889              -3.8808212              -0.8164836
           396               1.1478773              -4.0343704               0.0000000
           397               0.3637525              -3.9255142              -1.6329672
           398               0.3787376              -4.0872297              -0.8164836
           399               0.3937228              -4.2489457               0.0000000
           400               1.3449396              -2.7010028              -3.0173299
           401               1.5510939              -3.1150165              -2.3251486
           402               1.7572483              -3.5290303              -1.6329672
           403               0.8116719              -2.8527308              -3.0173299
           404               0.9360861              -3.2900014              -2.3251486
           405               1.0605004              -3.7272723              -1.6329672
           406               0.2784041              -3.0044584              -3.0173299
           407               0.3210783              -3.4649863              -2.3251486
           408               0.3637525              -3.9255142              -1.6329672
           409               0.7278761              -1.4617722              -3.9423313
           410               1.0364078              -2.0813875              -3.4798307
           411               1.3449396              -2.7010028              -3.0173299
           412               0.1506712              -1.6260012              -3.9423313
           413               0.2145377              -2.3152299              -3.4798307
           414               0.2784041              -3.0044584              -3.0173299
           415               0.0000000               0.0000000              -4.2671490
           416               0.3639381              -0.7308861              -4.1047401
           417               0.7278761              -1.4617722              -3.9423313
           418               0.0000000               0.0000000              -4.2671490
           419               0.0753356              -0.8130006              -4.1047401
           420               0.1506712              -1.6260012              -3.9423313
           421               2.9134181              -2.6559315              -1.6329672
           422               3.0334396              -2.7653456              -0.8164836
           423               3.1534610              -2.8747597               0.0000000
           424               2.3353331              -3.0924809              -1.6329672
           425               2.4315398              -3.2198792              -0.8164836
           426               2.5277464              -3.3472772               0.0000000
           427               1.7572483              -3.5290303              -1.6329672
           428               1.8296402              -3.6744127              -0.8164836
           429               1.9020319              -3.8197949               0.0000000
           430               2.2298336              -2.0327621              -3.0173299
           431               2.5716257              -2.3443468              -2.3251486
           432               2.9134181              -2.6559315              -1.6329672
           433               1.7873867              -2.3668823              -3.0173299
           434               2.0613599              -2.7296815              -2.3251486
           435               2.3353331              -3.0924809              -1.6329672
           436               1.3449396              -2.7010028              -3.0173299
           437               1.5510939              -3.1150165              -2.3251486
           438               1.7572483              -3.5290303              -1.6329672
           439               1.2067773              -1.1001229              -3.9423313
           440               1.7183055              -1.5664425              -3.4798307
           441               2.2298336              -2.0327621              -3.0173299
           442               0.7278761              -1.4617722              -3.9423313
           443               1.0364078              -2.0813875              -3.4798307
           444               1.3449396              -2.7010028              -3.0173299
           445               0.0000000               0.0000000              -4.2671490
           446               0.6033887              -0.5500615              -4.1047401
           447               1.2067773              -1.1001229              -3.9423313
           448               0.0000000               0.0000000              -4.2671490
           449               0.3639381              -0.7308861              -4.1047401
           450               0.7278761              -1.4617722              -3.9423313
           451               3.6761146              -1.4241344              -1.6329672
           452               3.8275561              -1.4828031              -0.8164836
           453               3.9789977              -1.5414720               0.0000000
           454               3.2947664              -2.0400329              -1.6329672
           455               3.4304979              -2.1240745              -0.8164836
           456               3.5662293              -2.2081158               0.0000000
           457               2.9134181              -2.6559315              -1.6329672
           458               3.0334396              -2.7653456              -0.8164836
           459               3.1534610              -2.8747597               0.0000000
           460               2.8135762              -1.0899853              -3.0173299
           461               3.2448454              -1.2570598              -2.3251486
           462               3.6761146              -1.4241344              -1.6329672
           463               2.5217049              -1.5613737              -3.0173299
           464               2.9082355              -1.8007033              -2.3251486
           465               3.2947664              -2.0400329              -1.6329672
           466               2.2298336              -2.0327621              -3.0173299
           467               2.5716257              -2.3443468              -2.3251486
           468               2.9134181              -2.6559315              -1.6329672
           469               1.5226965              -0.5898958              -3.9423313
           470               2.1681364              -0.8399405              -3.4798307
           471               2.8135762              -1.0899853              -3.0173299
           472               1.2067773              -1.1001229              -3.9423313
           473               1.7183055              -1.5664425              -3.4798307
           474               2.2298336              -2.0327621              -3.0173299
           475               0.0000000               0.0000000              -4.2671490
           476               0.7613482              -0.2949479              -4.1047401
           477               1.5226965              -0.5898958              -3.9423313
           478               0.0000000               0.0000000              -4.2671490
           479               0.6033887              -0.5500615              -4.1047401
           480               1.2067773              -1.1001229              -3.9423313
           481               3.9423313               0.0000000              -1.6329672
           482               4.1047401               0.0000000              -0.8164836
           483               4.2671490               0.0000000               0.0000000
           484               3.8092229              -0.7120672              -1.6329672
           485               3.9661484              -0.7414016              -0.8164836
           486               4.1230736              -0.7707360               0.0000000
           487               3.6761146              -1.4241344              -1.6329672
           488               3.8275561              -1.4828031              -0.8164836
           489               3.9789977              -1.5414720               0.0000000
           490               3.0173299               0.0000000              -3.0173299
           491               3.4798307               0.0000000              -2.3251486
           492               3.9423313               0.0000000              -1.6329672
           493               2.9154530              -0.5449926              -3.0173299
           494               3.3623381              -0.6285299              -2.3251486
           495               3.8092229              -0.7120672              -1.6329672
           496               2.8135762              -1.0899853              -3.0173299
           497               3.2448454              -1.2570598              -2.3251486
           498               3.6761146              -1.4241344              -1.6329672
           499               1.6329672               0.0000000              -3.9423313
           500               2.3251486               0.0000000              -3.4798307
           501               3.0173299               0.0000000              -3.0173299
           502               1.5226965              -0.5898958              -3.9423313
           503               2.1681364              -0.8399405              -3.4798307
           504               2.8135762              -1.0899853              -3.0173299
           505               0.0000000               0.0000000              -4.2671490
           506               0.8164836               0.0000000              -4.1047401
           507               1.6329672               0.0000000              -3.9423313
           508               0.0000000               0.0000000              -4.2671490
           509               0.7613482              -0.2949479              -4.1047401
           510               1.5226965              -0.5898958              -3.9423313
             0          0.00          0.00          0.00
               1               2               5               4
               2               3               6               5
               4               5               8               7
               5               6               9               8
              10              11              14              13
              11              12              15              14
              13              14              17              16
              14              15              18              17
              19              20              23              22
              20              21              24              23
              25              26              29              28
              26              27              30              29
              31              32              35              34
              32              33              36              35
              34              35              38              37
              35              36              39              38
              40              41              44              43
              41              42              45              44
              43              44              47              46
              44              45              48              47
              49              50              53              52
              50              51              54              53
              55              56              59              58
              56              57              60              59
              61              62              65              64
              62              63              66              65
              64              65              68              67
              65              66              69              68
              70              71              74              73
              71              72              75              74
              73              74              77              76
              74              75              78              77
              79              80              83              82
              80              81              84              83
              85              86              89              88
              86              87              90              89
              91              92              95              94
              92              93              96              95
              94              95              98              97
              95              96              99              98
             100             101             104             103
             101             102             105             104
             103             104             107             106
             104             105             108             107
             109             110             113             112
             110             111             114             113
             115             116             119             118
             116             117             120             119
             121             122             125             124
             122             123             126             125
             124             125             128             127
             125             126             129             128
             130             131             134             133
             131             132             135             134
             133             134             137             136
             134             135             138             137
             139             140             143             142
             140             141             144             143
             145             146             149             148
             146             147             150             149
             151             152             155             154
             152             153             156             155
             154             155             158             157
             155             156             159             158
             160             161             164             163
             161             162             165             164
             163             164             167             166
             164             165             168             167
             169             170             173             172
             170             171             174             173
             175             176             179             178
             176             177             180             179
             181             182             185             184
             182             183             186             185
             184             185             188             187
             185             186             189             188
             190             191             194             193
             191             192             195             194
             193             194             197             196
             194             195             198             197
             199             200             203             202
             200             201             204             203
             205             206             209             208
             206             207             210             209
             211             212             215             214
             212             213             216             215
             214             215             218             217
             215             216             219             218
             220             221             224             223
             221             222             225             224
             223             224             227             226
             224             225             228             227
             229             230             233             232
             230             231             234             233
             235             236             239             238
             236             237             240             239
             241             242             245             244
             242             243             246             245
             244             245             248             247
             245             246             249             248
             250             251             254             253
             251             252             255             254
             253             254             257             256
             254             255             258             257
             259             260             263             262
             260             261             264             263
             265             266             269             268
             266             267             270             269
             271             272             275             274
             272             273             276             275
             274             275             278             277
             275             276             279             278
             280             281             284             283
             281             282             285             284
             283             284             287             286
             284             285             288             287
             289             290             293             292
             290             291             294             293
             295             296             299             298
             296             297             300             299
             301             302             305             304
             302             303             306             305
             304             305             308             307
             305             306             309             308
             310             311             314             313
             311             312             315             314
             313             314             317             316
             314             315             318             317
             319             320             323             322
             320             321             324             323
             325             326             329             328
             326             327             330             329
             331             332             335             334
             332             333             336             335
             334             335             338             337
             335             336             339             338
             340             341             344             343
             341             342             345             344
             343             344             347             346
             344             345             348             347
             349             350             353             352
             350             351             354             353
             355             356             359             358
             356             357             360             359
             361             362             365             364
             362             363             366             365
             364             365             368             367
             365             366             369             368
             370             371             374             373
             371             372             375             374
             373             374             377             376
             374             375             378             377
             379             380             383             382
             380             381             384             383
             385             386             389             388
             386             387             390             389
             391             392             395             394
             392             393             396             395
             394             395             398             397
             395             396             399             398
             400             401             404             403
             401             402             405             404
             403             404             407             406
             404             405             408             407
             409             410             413             412
             410             411             414             413
             415             416             419             418
             416             417             420             419
             421             422             425             424
             422             423             426             425
             424             425             428             427
             425             426             429             428
             430             431             434             433
             431             432             435             434
             433             434             437             436
             434             435             438             437
             439             440             443             442
             440             441             444             443
             445             446             449             448
             446             447             450             449
             451             452             455             454
             452             453             456             455
             454             455             458             457
             455             456             459             458
             460             461             464             463
             461             462             465             464
             463             464             467             466
             464             465             468             467
             469             470             473             472
             470             471             474             473
             475             476             479             478
             476             477             480             479
             481             482             485             484
             482             483             486             485
             484             485             488             487
             485             486             489             488
             490             491             494             493
             491             492             495             494
             493             494             497             496
             494             495             498             497
             499             500             503             502
             500             501             504             503
             505             506             509             508
             506             507             510             509
          0          0          0          0
