                    2          0
             1               2.9769282               1.1532682              -1.3223816
             2               3.0995660               1.2007784              -0.6611908
             3               3.2222040               1.2482885               0.0000000
             4               3.0847199               0.5766341              -1.3223816
             5               3.2117982               0.6003892              -0.6611908
             6               3.3388767               0.6241443               0.0000000
             7               3.1925116               0.0000000              -1.3223816
             8               3.3240306               0.0000000              -0.6611908
             9               3.4555497               0.0000000               0.0000000
            10               2.2784424               0.8826732              -2.4434426
            11               2.6276853               1.0179707              -1.8829122
            12               2.9769282               1.1532682              -1.3223816
            13               2.3609424               0.4413366              -2.4434426
            14               2.7228312               0.5089853              -1.8829122
            15               3.0847199               0.5766341              -1.3223816
            16               2.4434426               0.0000000              -2.4434426
            17               2.8179770               0.0000000              -1.8829122
            18               3.1925116               0.0000000              -1.3223816
            19               1.2330841               0.4776993              -3.1925116
            20               1.7557633               0.6801863              -2.8179770
            21               2.2784424               0.8826732              -2.4434426
            22               1.3223816               0.0000000              -3.1925116
            23               1.8829122               0.0000000              -2.8179770
            24               2.4434426               0.0000000              -2.4434426
            25               0.0000000               0.0000000              -3.4555497
            26               0.6165420               0.2388497              -3.3240306
            27               1.2330841               0.4776993              -3.1925116
            28               0.0000000               0.0000000              -3.4555497
            29               0.6611908               0.0000000              -3.3240306
            30               1.3223816               0.0000000              -3.1925116
            31               2.3592944               2.1507812              -1.3223816
            32               2.4564881               2.2393849              -0.6611908
            33               2.5536819               2.3279886               0.0000000
            34               2.6681113               1.6520247              -1.3223816
            35               2.7780271               1.7200817              -0.6611908
            36               2.8879428               1.7881386               0.0000000
            37               2.9769282               1.1532682              -1.3223816
            38               3.0995660               1.2007784              -0.6611908
            39               3.2222040               1.2482885               0.0000000
            40               1.8057258               1.6461366              -2.4434426
            41               2.0825100               1.8984590              -1.8829122
            42               2.3592944               2.1507812              -1.3223816
            43               2.0420842               1.2644049              -2.4434426
            44               2.3550978               1.4582148              -1.8829122
            45               2.6681113               1.6520247              -1.3223816
            46               2.2784424               0.8826732              -2.4434426
            47               2.6276853               1.0179707              -1.8829122
            48               2.9769282               1.1532682              -1.3223816
            49               0.9772518               0.8908827              -3.1925116
            50               1.3914888               1.2685096              -2.8179770
            51               1.8057258               1.6461366              -2.4434426
            52               1.2330841               0.4776993              -3.1925116
            53               1.7557633               0.6801863              -2.8179770
            54               2.2784424               0.8826732              -2.4434426
            55               0.0000000               0.0000000              -3.4555497
            56               0.4886259               0.4454413              -3.3240306
            57               0.9772518               0.8908827              -3.1925116
            58               0.0000000               0.0000000              -3.4555497
            59               0.6165420               0.2388497              -3.3240306
            60               1.2330841               0.4776993              -3.1925116
            61               1.4230248               2.8578191              -1.3223816
            62               1.4816480               2.9755502              -0.6611908
            63               1.5402710               3.0932810               0.0000000
            64               1.8911595               2.5043001              -1.3223816
            65               1.9690681               2.6074674              -0.6611908
            66               2.0469766               2.7106347               0.0000000
            67               2.3592944               2.1507812              -1.3223816
            68               2.4564881               2.2393849              -0.6611908
            69               2.5536819               2.3279886               0.0000000
            70               1.0891361               2.1872799              -2.4434426
            71               1.2560804               2.5225496              -1.8829122
            72               1.4230248               2.8578191              -1.3223816
            73               1.4474310               1.9167082              -2.4434426
            74               1.6692953               2.2105041              -1.8829122
            75               1.8911595               2.5043001              -1.3223816
            76               1.8057258               1.6461366              -2.4434426
            77               2.0825100               1.8984590              -1.8829122
            78               2.3592944               2.1507812              -1.3223816
            79               0.5894362               1.1837474              -3.1925116
            80               0.8392861               1.6855137              -2.8179770
            81               1.0891361               2.1872799              -2.4434426
            82               0.9772518               0.8908827              -3.1925116
            83               1.3914888               1.2685096              -2.8179770
            84               1.8057258               1.6461366              -2.4434426
            85               0.0000000               0.0000000              -3.4555497
            86               0.2947181               0.5918737              -3.3240306
            87               0.5894362               1.1837474              -3.1925116
            88               0.0000000               0.0000000              -3.4555497
            89               0.4886259               0.4454413              -3.3240306
            90               0.9772518               0.8908827              -3.1925116
            91               0.2945678               3.1788929              -1.3223816
            92               0.3067029               3.3098507              -0.6611908
            93               0.3188379               3.4408088               0.0000000
            94               0.8587962               3.0183558              -1.3223816
            95               0.8941754               3.1427004              -0.6611908
            96               0.9295545               3.2670450               0.0000000
            97               1.4230248               2.8578191              -1.3223816
            98               1.4816480               2.9755502              -0.6611908
            99               1.5402710               3.0932810               0.0000000
           100               0.2254524               2.4330192              -2.4434426
           101               0.2600101               2.8059559              -1.8829122
           102               0.2945678               3.1788929              -1.3223816
           103               0.6572943               2.3101497              -2.4434426
           104               0.7580453               2.6642528              -1.8829122
           105               0.8587962               3.0183558              -1.3223816
           106               1.0891361               2.1872799              -2.4434426
           107               1.2560804               2.5225496              -1.8829122
           108               1.4230248               2.8578191              -1.3223816
           109               0.1220140               1.3167405              -3.1925116
           110               0.1737332               1.8748798              -2.8179770
           111               0.2254524               2.4330192              -2.4434426
           112               0.5894362               1.1837474              -3.1925116
           113               0.8392861               1.6855137              -2.8179770
           114               1.0891361               2.1872799              -2.4434426
           115               0.0000000               0.0000000              -3.4555497
           116               0.0610070               0.6583703              -3.3240306
           117               0.1220140               1.3167405              -3.1925116
           118               0.0000000               0.0000000              -3.4555497
           119               0.2947181               0.5918737              -3.3240306
           120               0.5894362               1.1837474              -3.1925116
           121              -0.8736722               3.0706394              -1.3223816
           122              -0.9096641               3.1971378              -0.6611908
           123              -0.9456560               3.3236363               0.0000000
           124              -0.2895522               3.1247661              -1.3223816
           125              -0.3014806               3.2534943              -0.6611908
           126              -0.3134090               3.3822227               0.0000000
           127               0.2945678               3.1788929              -1.3223816
           128               0.3067029               3.3098507              -0.6611908
           129               0.3188379               3.4408088               0.0000000
           130              -0.6686798               2.3501656              -2.4434426
           131              -0.7711760               2.7104025              -1.8829122
           132              -0.8736722               3.0706394              -1.3223816
           133              -0.2216137               2.3915925              -2.4434426
           134              -0.2555830               2.7581792              -1.8829122
           135              -0.2895522               3.1247661              -1.3223816
           136               0.2254524               2.4330192              -2.4434426
           137               0.2600101               2.8059559              -1.8829122
           138               0.2945678               3.1788929              -1.3223816
           139              -0.3618869               1.2719005              -3.1925116
           140              -0.5152833               1.8110330              -2.8179770
           141              -0.6686798               2.3501656              -2.4434426
           142               0.1220140               1.3167405              -3.1925116
           143               0.1737332               1.8748798              -2.8179770
           144               0.2254524               2.4330192              -2.4434426
           145               0.0000000               0.0000000              -3.4555497
           146              -0.1809434               0.6359503              -3.3240306
           147              -0.3618869               1.2719005              -3.1925116
           148               0.0000000               0.0000000              -3.4555497
           149               0.0610070               0.6583703              -3.3240306
           150               0.1220140               1.3167405              -3.1925116
           151              -1.9239180               2.5476792              -1.3223816
           152              -2.0031757               2.6526337              -0.6611908
           153              -2.0824337               2.7575881               0.0000000
           154              -1.3987951               2.8091593              -1.3223816
           155              -1.4564199               2.9248857              -0.6611908
           156              -1.5140449               3.0406122               0.0000000
           157              -0.8736722               3.0706394              -1.3223816
           158              -0.9096642               3.1971378              -0.6611908
           159              -0.9456561               3.3236363               0.0000000
           160              -1.4725031               1.9499092              -2.4434426
           161              -1.6982105               2.2487941              -1.8829122
           162              -1.9239180               2.5476792              -1.3223816
           163              -1.0705914               2.1500373              -2.4434426
           164              -1.2346933               2.4795983              -1.8829122
           165              -1.3987951               2.8091593              -1.3223816
           166              -0.6686798               2.3501656              -2.4434426
           167              -0.7711760               2.7104025              -1.8829122
           168              -0.8736722               3.0706394              -1.3223816
           169              -0.7969129               1.0552833              -3.1925116
           170              -1.1347079               1.5025963              -2.8179770
           171              -1.4725031               1.9499092              -2.4434426
           172              -0.3618869               1.2719005              -3.1925116
           173              -0.5152833               1.8110330              -2.8179770
           174              -0.6686798               2.3501656              -2.4434426
           175               0.0000000               0.0000000              -3.4555497
           176              -0.3984565               0.5276417              -3.3240306
           177              -0.7969129               1.0552833              -3.1925116
           178               0.0000000               0.0000000              -3.4555497
           179              -0.1809434               0.6359503              -3.3240306
           180              -0.3618869               1.2719005              -3.1925116
           181              -2.7143281               1.6806407              -1.3223816
           182              -2.8261476               1.7498765              -0.6611908
           183              -2.9379673               1.8191124               0.0000000
           184              -2.3191230               2.1141601              -1.3223816
           185              -2.4146619               2.2012553              -0.6611908
           186              -2.5102005               2.2883503               0.0000000
           187              -1.9239180               2.5476792              -1.3223816
           188              -2.0031757               2.6526337              -0.6611908
           189              -2.0824337               2.7575881               0.0000000
           190              -2.0774567               1.2863067              -2.4434426
           191              -2.3958924               1.4834738              -1.8829122
           192              -2.7143281               1.6806407              -1.3223816
           193              -1.7749798               1.6181080              -2.4434426
           194              -2.0470514               1.8661340              -1.8829122
           195              -2.3191230               2.1141601              -1.3223816
           196              -1.4725031               1.9499092              -2.4434426
           197              -1.6982105               2.2487941              -1.8829122
           198              -1.9239180               2.5476792              -1.3223816
           199              -1.1243114               0.6961442              -3.1925116
           200              -1.6008841               0.9912255              -2.8179770
           201              -2.0774567               1.2863067              -2.4434426
           202              -0.7969129               1.0552833              -3.1925116
           203              -1.1347079               1.5025963              -2.8179770
           204              -1.4725031               1.9499092              -2.4434426
           205               0.0000000               0.0000000              -3.4555497
           206              -0.5621557               0.3480721              -3.3240306
           207              -1.1243114               0.6961442              -3.1925116
           208               0.0000000               0.0000000              -3.4555497
           209              -0.3984565               0.5276417              -3.3240306
           210              -0.7969129               1.0552833              -3.1925116
           211              -3.1381528               0.5866224              -1.3223816
           212              -3.2674327               0.6107890              -0.6611908
           213              -3.3967123               0.6349556               0.0000000
           214              -2.9262404               1.1336315              -1.3223816
           215              -3.0467901               1.1803328              -0.6611908
           216              -3.1673398               1.2270341               0.0000000
           217              -2.7143281               1.6806407              -1.3223816
           218              -2.8261476               1.7498766              -0.6611908
           219              -2.9379673               1.8191125               0.0000000
           220              -2.4018383               0.4489814              -2.4434426
           221              -2.7699957               0.5178019              -1.8829122
           222              -3.1381528               0.5866224              -1.3223816
           223              -2.2396474               0.8676441              -2.4434426
           224              -2.5829439               1.0006378              -1.8829122
           225              -2.9262404               1.1336315              -1.3223816
           226              -2.0774567               1.2863067              -2.4434426
           227              -2.3958924               1.4834738              -1.8829122
           228              -2.7143281               1.6806407              -1.3223816
           229              -1.2998655               0.2429870              -3.1925116
           230              -1.8508519               0.3459842              -2.8179770
           231              -2.4018383               0.4489814              -2.4434426
           232              -1.1243114               0.6961442              -3.1925116
           233              -1.6008841               0.9912255              -2.8179770
           234              -2.0774567               1.2863067              -2.4434426
           235               0.0000000               0.0000000              -3.4555497
           236              -0.6499327               0.1214935              -3.3240306
           237              -1.2998655               0.2429870              -3.1925116
           238               0.0000000               0.0000000              -3.4555497
           239              -0.5621557               0.3480721              -3.3240306
           240              -1.1243114               0.6961442              -3.1925116
           241              -3.1381528              -0.5866224              -1.3223816
           242              -3.2674327              -0.6107890              -0.6611908
           243              -3.3967123              -0.6349556               0.0000000
           244              -3.1381528               0.0000000              -1.3223816
           245              -3.2674327               0.0000000              -0.6611908
           246              -3.3967123               0.0000000               0.0000000
           247              -3.1381528               0.5866224              -1.3223816
           248              -3.2674327               0.6107890              -0.6611908
           249              -3.3967123               0.6349556               0.0000000
           250              -2.4018383              -0.4489814              -2.4434426
           251              -2.7699957              -0.5178019              -1.8829122
           252              -3.1381528              -0.5866224              -1.3223816
           253              -2.4018383               0.0000000              -2.4434426
           254              -2.7699957               0.0000000              -1.8829122
           255              -3.1381528               0.0000000              -1.3223816
           256              -2.4018383               0.4489814              -2.4434426
           257              -2.7699957               0.5178019              -1.8829122
           258              -3.1381528               0.5866224              -1.3223816
           259              -1.2998655              -0.2429870              -3.1925116
           260              -1.8508519              -0.3459842              -2.8179770
           261              -2.4018383              -0.4489814              -2.4434426
           262              -1.2998655               0.2429870              -3.1925116
           263              -1.8508519               0.3459842              -2.8179770
           264              -2.4018383               0.4489814              -2.4434426
           265               0.0000000               0.0000000              -3.4555497
           266              -0.6499327              -0.1214935              -3.3240306
           267              -1.2998655              -0.2429870              -3.1925116
           268               0.0000000               0.0000000              -3.4555497
           269              -0.6499327               0.1214935              -3.3240306
           270              -1.2998655               0.2429870              -3.1925116
           271              -2.7143281              -1.6806407              -1.3223816
           272              -2.8261476              -1.7498765              -0.6611908
           273              -2.9379673              -1.8191124               0.0000000
           274              -2.9262404              -1.1336316              -1.3223816
           275              -3.0467901              -1.1803328              -0.6611908
           276              -3.1673398              -1.2270340               0.0000000
           277              -3.1381528              -0.5866225              -1.3223816
           278              -3.2674327              -0.6107890              -0.6611908
           279              -3.3967123              -0.6349555               0.0000000
           280              -2.0774567              -1.2863067              -2.4434426
           281              -2.3958924              -1.4834738              -1.8829122
           282              -2.7143281              -1.6806407              -1.3223816
           283              -2.2396474              -0.8676441              -2.4434426
           284              -2.5829439              -1.0006378              -1.8829122
           285              -2.9262404              -1.1336316              -1.3223816
           286              -2.4018383              -0.4489814              -2.4434426
           287              -2.7699957              -0.5178019              -1.8829122
           288              -3.1381528              -0.5866225              -1.3223816
           289              -1.1243114              -0.6961442              -3.1925116
           290              -1.6008841              -0.9912255              -2.8179770
           291              -2.0774567              -1.2863067              -2.4434426
           292              -1.2998655              -0.2429870              -3.1925116
           293              -1.8508519              -0.3459842              -2.8179770
           294              -2.4018383              -0.4489814              -2.4434426
           295               0.0000000               0.0000000              -3.4555497
           296              -0.5621557              -0.3480721              -3.3240306
           297              -1.1243114              -0.6961442              -3.1925116
           298               0.0000000               0.0000000              -3.4555497
           299              -0.6499327              -0.1214935              -3.3240306
           300              -1.2998655              -0.2429870              -3.1925116
           301              -1.9239180              -2.5476792              -1.3223816
           302              -2.0031757              -2.6526337              -0.6611908
           303              -2.0824337              -2.7575881               0.0000000
           304              -2.3191230              -2.1141601              -1.3223816
           305              -2.4146619              -2.2012553              -0.6611908
           306              -2.5102005              -2.2883503               0.0000000
           307              -2.7143281              -1.6806407              -1.3223816
           308              -2.8261476              -1.7498765              -0.6611908
           309              -2.9379673              -1.8191124               0.0000000
           310              -1.4725031              -1.9499092              -2.4434426
           311              -1.6982105              -2.2487941              -1.8829122
           312              -1.9239180              -2.5476792              -1.3223816
           313              -1.7749798              -1.6181080              -2.4434426
           314              -2.0470514              -1.8661340              -1.8829122
           315              -2.3191230              -2.1141601              -1.3223816
           316              -2.0774567              -1.2863067              -2.4434426
           317              -2.3958924              -1.4834738              -1.8829122
           318              -2.7143281              -1.6806407              -1.3223816
           319              -0.7969129              -1.0552833              -3.1925116
           320              -1.1347079              -1.5025963              -2.8179770
           321              -1.4725031              -1.9499092              -2.4434426
           322              -1.1243114              -0.6961442              -3.1925116
           323              -1.6008841              -0.9912255              -2.8179770
           324              -2.0774567              -1.2863067              -2.4434426
           325               0.0000000               0.0000000              -3.4555497
           326              -0.3984565              -0.5276417              -3.3240306
           327              -0.7969129              -1.0552833              -3.1925116
           328               0.0000000               0.0000000              -3.4555497
           329              -0.5621557              -0.3480721              -3.3240306
           330              -1.1243114              -0.6961442              -3.1925116
           331              -0.8736722              -3.0706394              -1.3223816
           332              -0.9096641              -3.1971378              -0.6611908
           333              -0.9456560              -3.3236363               0.0000000
           334              -1.3987951              -2.8091593              -1.3223816
           335              -1.4564199              -2.9248857              -0.6611908
           336              -1.5140448              -3.0406122               0.0000000
           337              -1.9239180              -2.5476792              -1.3223816
           338              -2.0031757              -2.6526337              -0.6611908
           339              -2.0824337              -2.7575881               0.0000000
           340              -0.6686798              -2.3501656              -2.4434426
           341              -0.7711760              -2.7104025              -1.8829122
           342              -0.8736722              -3.0706394              -1.3223816
           343              -1.0705914              -2.1500373              -2.4434426
           344              -1.2346933              -2.4795983              -1.8829122
           345              -1.3987951              -2.8091593              -1.3223816
           346              -1.4725031              -1.9499092              -2.4434426
           347              -1.6982105              -2.2487941              -1.8829122
           348              -1.9239180              -2.5476792              -1.3223816
           349              -0.3618869              -1.2719005              -3.1925116
           350              -0.5152833              -1.8110330              -2.8179770
           351              -0.6686798              -2.3501656              -2.4434426
           352              -0.7969129              -1.0552833              -3.1925116
           353              -1.1347079              -1.5025963              -2.8179770
           354              -1.4725031              -1.9499092              -2.4434426
           355               0.0000000               0.0000000              -3.4555497
           356              -0.1809434              -0.6359503              -3.3240306
           357              -0.3618869              -1.2719005              -3.1925116
           358               0.0000000               0.0000000              -3.4555497
           359              -0.3984565              -0.5276417              -3.3240306
           360              -0.7969129              -1.0552833              -3.1925116
           361               0.2945678              -3.1788929              -1.3223816
           362               0.3067029              -3.3098507              -0.6611908
           363               0.3188379              -3.4408088               0.0000000
           364              -0.2895522              -3.1247661              -1.3223816
           365              -0.3014806              -3.2534943              -0.6611908
           366              -0.3134091              -3.3822227               0.0000000
           367              -0.8736721              -3.0706394              -1.3223816
           368              -0.9096641              -3.1971378              -0.6611908
           369              -0.9456561              -3.3236363               0.0000000
           370               0.2254524              -2.4330192              -2.4434426
           371               0.2600101              -2.8059559              -1.8829122
           372               0.2945678              -3.1788929              -1.3223816
           373              -0.2216137              -2.3915925              -2.4434426
           374              -0.2555829              -2.7581792              -1.8829122
           375              -0.2895522              -3.1247661              -1.3223816
           376              -0.6686797              -2.3501656              -2.4434426
           377              -0.7711759              -2.7104025              -1.8829122
           378              -0.8736721              -3.0706394              -1.3223816
           379               0.1220140              -1.3167405              -3.1925116
           380               0.1737332              -1.8748798              -2.8179770
           381               0.2254524              -2.4330192              -2.4434426
           382              -0.3618869              -1.2719005              -3.1925116
           383              -0.5152833              -1.8110330              -2.8179770
           384              -0.6686797              -2.3501656              -2.4434426
           385               0.0000000               0.0000000              -3.4555497
           386               0.0610070              -0.6583703              -3.3240306
           387               0.1220140              -1.3167405              -3.1925116
           388               0.0000000               0.0000000              -3.4555497
           389              -0.1809435              -0.6359503              -3.3240306
           390              -0.3618869              -1.2719005              -3.1925116
           391               1.4230248              -2.8578191              -1.3223816
           392               1.4816480              -2.9755502              -0.6611908
           393               1.5402710              -3.0932810               0.0000000
           394               0.8587963              -3.0183558              -1.3223816
           395               0.8941754              -3.1427004              -0.6611908
           396               0.9295545              -3.2670450               0.0000000
           397               0.2945678              -3.1788929              -1.3223816
           398               0.3067029              -3.3098507              -0.6611908
           399               0.3188379              -3.4408088               0.0000000
           400               1.0891361              -2.1872799              -2.4434426
           401               1.2560804              -2.5225496              -1.8829122
           402               1.4230248              -2.8578191              -1.3223816
           403               0.6572943              -2.3101497              -2.4434426
           404               0.7580453              -2.6642528              -1.8829122
           405               0.8587963              -3.0183558              -1.3223816
           406               0.2254524              -2.4330192              -2.4434426
           407               0.2600101              -2.8059559              -1.8829122
           408               0.2945678              -3.1788929              -1.3223816
           409               0.5894362              -1.1837474              -3.1925116
           410               0.8392861              -1.6855137              -2.8179770
           411               1.0891361              -2.1872799              -2.4434426
           412               0.1220140              -1.3167405              -3.1925116
           413               0.1737332              -1.8748798              -2.8179770
           414               0.2254524              -2.4330192              -2.4434426
           415               0.0000000               0.0000000              -3.4555497
           416               0.2947181              -0.5918737              -3.3240306
           417               0.5894362              -1.1837474              -3.1925116
           418               0.0000000               0.0000000              -3.4555497
           419               0.0610070              -0.6583703              -3.3240306
           420               0.1220140              -1.3167405              -3.1925116
           421               2.3592944              -2.1507812              -1.3223816
           422               2.4564881              -2.2393849              -0.6611908
           423               2.5536819              -2.3279886               0.0000000
           424               1.8911595              -2.5043001              -1.3223816
           425               1.9690681              -2.6074674              -0.6611908
           426               2.0469766              -2.7106347               0.0000000
           427               1.4230248              -2.8578191              -1.3223816
           428               1.4816480              -2.9755502              -0.6611908
           429               1.5402710              -3.0932810               0.0000000
           430               1.8057258              -1.6461366              -2.4434426
           431               2.0825100              -1.8984590              -1.8829122
           432               2.3592944              -2.1507812              -1.3223816
           433               1.4474310              -1.9167082              -2.4434426
           434               1.6692953              -2.2105041              -1.8829122
           435               1.8911595              -2.5043001              -1.3223816
           436               1.0891361              -2.1872799              -2.4434426
           437               1.2560804              -2.5225496              -1.8829122
           438               1.4230248              -2.8578191              -1.3223816
           439               0.9772518              -0.8908827              -3.1925116
           440               1.3914888              -1.2685096              -2.8179770
           441               1.8057258              -1.6461366              -2.4434426
           442               0.5894362              -1.1837474              -3.1925116
           443               0.8392861              -1.6855137              -2.8179770
           444               1.0891361              -2.1872799              -2.4434426
           445               0.0000000               0.0000000              -3.4555497
           446               0.4886259              -0.4454413              -3.3240306
           447               0.9772518              -0.8908827              -3.1925116
           448               0.0000000               0.0000000              -3.4555497
           449               0.2947181              -0.5918737              -3.3240306
           450               0.5894362              -1.1837474              -3.1925116
           451               2.9769282              -1.1532682              -1.3223816
           452               3.0995660              -1.2007784              -0.6611908
           453               3.2222040              -1.2482885               0.0000000
           454               2.6681113              -1.6520247              -1.3223816
           455               2.7780271              -1.7200817              -0.6611908
           456               2.8879428              -1.7881386               0.0000000
           457               2.3592944              -2.1507812              -1.3223816
           458               2.4564881              -2.2393849              -0.6611908
           459               2.5536819              -2.3279886               0.0000000
           460               2.2784424              -0.8826732              -2.4434426
           461               2.6276853              -1.0179707              -1.8829122
           462               2.9769282              -1.1532682              -1.3223816
           463               2.0420842              -1.2644049              -2.4434426
           464               2.3550978              -1.4582148              -1.8829122
           465               2.6681113              -1.6520247              -1.3223816
           466               1.8057258              -1.6461366              -2.4434426
           467               2.0825100              -1.8984590              -1.8829122
           468               2.3592944              -2.1507812              -1.3223816
           469               1.2330841              -0.4776993              -3.1925116
           470               1.7557633              -0.6801863              -2.8179770
           471               2.2784424              -0.8826732              -2.4434426
           472               0.9772518              -0.8908827              -3.1925116
           473               1.3914888              -1.2685096              -2.8179770
           474               1.8057258              -1.6461366              -2.4434426
           475               0.0000000               0.0000000              -3.4555497
           476               0.6165420              -0.2388497              -3.3240306
           477               1.2330841              -0.4776993              -3.1925116
           478               0.0000000               0.0000000              -3.4555497
           479               0.4886259              -0.4454413              -3.3240306
           480               0.9772518              -0.8908827              -3.1925116
           481               3.1925116               0.0000000              -1.3223816
           482               3.3240306               0.0000000              -0.6611908
           483               3.4555497               0.0000000               0.0000000
           484               3.0847199              -0.5766341              -1.3223816
           485               3.2117982              -0.6003892              -0.6611908
           486               3.3388767              -0.6241443               0.0000000
           487               2.9769282              -1.1532682              -1.3223816
           488               3.0995660              -1.2007784              -0.6611908
           489               3.2222040              -1.2482885               0.0000000
           490               2.4434426               0.0000000              -2.4434426
           491               2.8179770               0.0000000              -1.8829122
           492               3.1925116               0.0000000              -1.3223816
           493               2.3609424              -0.4413366              -2.4434426
           494               2.7228312              -0.5089853              -1.8829122
           495               3.0847199              -0.5766341              -1.3223816
           496               2.2784424              -0.8826732              -2.4434426
           497               2.6276853              -1.0179707              -1.8829122
           498               2.9769282              -1.1532682              -1.3223816
           499               1.3223816               0.0000000              -3.1925116
           500               1.8829122               0.0000000              -2.8179770
           501               2.4434426               0.0000000              -2.4434426
           502               1.2330841              -0.4776993              -3.1925116
           503               1.7557633              -0.6801863              -2.8179770
           504               2.2784424              -0.8826732              -2.4434426
           505               0.0000000               0.0000000              -3.4555497
           506               0.6611908               0.0000000              -3.3240306
           507               1.3223816               0.0000000              -3.1925116
           508               0.0000000               0.0000000              -3.4555497
           509               0.6165420              -0.2388497              -3.3240306
           510               1.2330841              -0.4776993              -3.1925116
             0          0.00          0.00          0.00
               1               2               5               4
               2               3               6               5
               4               5               8               7
               5               6               9               8
              10              11              14              13
              11              12              15              14
              13              14              17              16
              14              15              18              17
              19              20              23              22
              20              21              24              23
              25              26              29              28
              26              27              30              29
              31              32              35              34
              32              33              36              35
              34              35              38              37
              35              36              39              38
              40              41              44              43
              41              42              45              44
              43              44              47              46
              44              45              48              47
              49              50              53              52
              50              51              54              53
              55              56              59              58
              56              57              60              59
              61              62              65              64
              62              63              66              65
              64              65              68              67
              65              66              69              68
              70              71              74              73
              71              72              75              74
              73              74              77              76
              74              75              78              77
              79              80              83              82
              80              81              84              83
              85              86              89              88
              86              87              90              89
              91              92              95              94
              92              93              96              95
              94              95              98              97
              95              96              99              98
             100             101             104             103
             101             102             105             104
             103             104             107             106
             104             105             108             107
             109             110             113             112
             110             111             114             113
             115             116             119             118
             116             117             120             119
             121             122             125             124
             122             123             126             125
             124             125             128             127
             125             126             129             128
             130             131             134             133
             131             132             135             134
             133             134             137             136
             134             135             138             137
             139             140             143             142
             140             141             144             143
             145             146             149             148
             146             147             150             149
             151             152             155             154
             152             153             156             155
             154             155             158             157
             155             156             159             158
             160             161             164             163
             161             162             165             164
             163             164             167             166
             164             165             168             167
             169             170             173             172
             170             171             174             173
             175             176             179             178
             176             177             180             179
             181             182             185             184
             182             183             186             185
             184             185             188             187
             185             186             189             188
             190             191             194             193
             191             192             195             194
             193             194             197             196
             194             195             198             197
             199             200             203             202
             200             201             204             203
             205             206             209             208
             206             207             210             209
             211             212             215             214
             212             213             216             215
             214             215             218             217
             215             216             219             218
             220             221             224             223
             221             222             225             224
             223             224             227             226
             224             225             228             227
             229             230             233             232
             230             231             234             233
             235             236             239             238
             236             237             240             239
             241             242             245             244
             242             243             246             245
             244             245             248             247
             245             246             249             248
             250             251             254             253
             251             252             255             254
             253             254             257             256
             254             255             258             257
             259             260             263             262
             260             261             264             263
             265             266             269             268
             266             267             270             269
             271             272             275             274
             272             273             276             275
             274             275             278             277
             275             276             279             278
             280             281             284             283
             281             282             285             284
             283             284             287             286
             284             285             288             287
             289             290             293             292
             290             291             294             293
             295             296             299             298
             296             297             300             299
             301             302             305             304
             302             303             306             305
             304             305             308             307
             305             306             309             308
             310             311             314             313
             311             312             315             314
             313             314             317             316
             314             315             318             317
             319             320             323             322
             320             321             324             323
             325             326             329             328
             326             327             330             329
             331             332             335             334
             332             333             336             335
             334             335             338             337
             335             336             339             338
             340             341             344             343
             341             342             345             344
             343             344             347             346
             344             345             348             347
             349             350             353             352
             350             351             354             353
             355             356             359             358
             356             357             360             359
             361             362             365             364
             362             363             366             365
             364             365             368             367
             365             366             369             368
             370             371             374             373
             371             372             375             374
             373             374             377             376
             374             375             378             377
             379             380             383             382
             380             381             384             383
             385             386             389             388
             386             387             390             389
             391             392             395             394
             392             393             396             395
             394             395             398             397
             395             396             399             398
             400             401             404             403
             401             402             405             404
             403             404             407             406
             404             405             408             407
             409             410             413             412
             410             411             414             413
             415             416             419             418
             416             417             420             419
             421             422             425             424
             422             423             426             425
             424             425             428             427
             425             426             429             428
             430             431             434             433
             431             432             435             434
             433             434             437             436
             434             435             438             437
             439             440             443             442
             440             441             444             443
             445             446             449             448
             446             447             450             449
             451             452             455             454
             452             453             456             455
             454             455             458             457
             455             456             459             458
             460             461             464             463
             461             462             465             464
             463             464             467             466
             464             465             468             467
             469             470             473             472
             470             471             474             473
             475             476             479             478
             476             477             480             479
             481             482             485             484
             482             483             486             485
             484             485             488             487
             485             486             489             488
             490             491             494             493
             491             492             495             494
             493             494             497             496
             494             495             498             497
             499             500             503             502
             500             501             504             503
             505             506             509             508
             506             507             510             509
          0          0          0          0
