                    2          0
             1               3.3897378               1.3131914              -1.5057557
             2               3.5293818               1.3672898              -0.7528778
             3               3.6690257               1.4213881               0.0000000
             4               3.5124769               0.6565957              -1.5057557
             5               3.6571772               0.6836449              -0.7528778
             6               3.8018775               0.7106941               0.0000000
             7               3.6352158               0.0000000              -1.5057557
             8               3.7849724               0.0000000              -0.7528778
             9               3.9347291               0.0000000               0.0000000
            10               2.5943930               1.0050732              -2.7822738
            11               2.9920654               1.1591322              -2.1440148
            12               3.3897378               1.3131914              -1.5057557
            13               2.7822738               0.0000000              -2.7822738
            14               3.2087448               0.0000000              -2.1440148
            15               3.6352158               0.0000000              -1.5057557
            16               1.4040754               0.5439417              -3.6352158
            17               1.9992342               0.7745074              -3.2087448
            18               2.5943930               1.0050732              -2.7822738
            19               1.5057557               0.0000000              -3.6352158
            20               2.1440148               0.0000000              -3.2087448
            21               2.7822738               0.0000000              -2.7822738
            22               0.0000000               0.0000000              -3.9347291
            23               0.7020377               0.2719708              -3.7849724
            24               1.4040754               0.5439417              -3.6352158
            25               0.0000000               0.0000000              -3.9347291
            26               0.7528778               0.0000000              -3.7849724
            27               1.5057557               0.0000000              -3.6352158
            28               2.6864569               2.4490292              -1.5057557
            29               2.7971284               2.5499196              -0.7528778
            30               2.9078000               2.6508100               0.0000000
            31               3.0380974               1.8811103              -1.5057557
            32               3.1632552               1.9586046              -0.7528778
            33               3.2884128               2.0360990               0.0000000
            34               3.3897378               1.3131914              -1.5057557
            35               3.5293818               1.3672898              -0.7528778
            36               3.6690257               1.4213881               0.0000000
            37               2.0561252               1.8744057              -2.7822738
            38               2.3712912               2.1617174              -2.1440148
            39               2.6864569               2.4490292              -1.5057557
            40               2.5943930               1.0050732              -2.7822738
            41               2.9920654               1.1591322              -2.1440148
            42               3.3897378               1.3131914              -1.5057557
            43               1.1127669               1.0144210              -3.6352158
            44               1.5844460               1.4444134              -3.2087448
            45               2.0561252               1.8744057              -2.7822738
            46               1.4040754               0.5439417              -3.6352158
            47               1.9992342               0.7745074              -3.2087448
            48               2.5943930               1.0050732              -2.7822738
            49               0.0000000               0.0000000              -3.9347291
            50               0.5563834               0.5072105              -3.7849724
            51               1.1127669               1.0144210              -3.6352158
            52               0.0000000               0.0000000              -3.9347291
            53               0.7020377               0.2719708              -3.7849724
            54               1.4040754               0.5439417              -3.6352158
            55               1.6203551               3.2541118              -1.5057557
            56               1.6871074               3.3881683              -0.7528778
            57               1.7538598               3.5222251               0.0000000
            58               2.1534061               2.8515706              -1.5057557
            59               2.2421179               2.9690442              -0.7528778
            60               2.3308299               3.0865176               0.0000000
            61               2.6864569               2.4490292              -1.5057557
            62               2.7971284               2.5499196              -0.7528778
            63               2.9078000               2.6508100               0.0000000
            64               1.2401661               2.4905894              -2.7822738
            65               1.4302607               2.8723507              -2.1440148
            66               1.6203551               3.2541118              -1.5057557
            67               2.0561252               1.8744057              -2.7822738
            68               2.3712912               2.1617174              -2.1440148
            69               2.6864569               2.4490292              -1.5057557
            70               0.6711731               1.3478972              -3.6352158
            71               0.9556696               1.9192433              -3.2087448
            72               1.2401661               2.4905894              -2.7822738
            73               1.1127669               1.0144210              -3.6352158
            74               1.5844460               1.4444134              -3.2087448
            75               2.0561252               1.8744057              -2.7822738
            76               0.0000000               0.0000000              -3.9347291
            77               0.3355865               0.6739486              -3.7849724
            78               0.6711731               1.3478972              -3.6352158
            79               0.0000000               0.0000000              -3.9347291
            80               0.5563834               0.5072105              -3.7849724
            81               1.1127669               1.0144210              -3.6352158
            82               0.3354154               3.6197085              -1.5057557
            83               0.3492332               3.7688265              -0.7528778
            84               0.3630510               3.9179444               0.0000000
            85               0.9778852               3.4369102              -1.5057557
            86               1.0181704               3.5784974              -0.7528778
            87               1.0584555               3.7200847               0.0000000
            88               1.6203551               3.2541118              -1.5057557
            89               1.6871074               3.3881683              -0.7528778
            90               1.7538598               3.5222251               0.0000000
            91               0.2567158               2.7704051              -2.7822738
            92               0.2960656               3.1950569              -2.1440148
            93               0.3354154               3.6197085              -1.5057557
            94               1.2401661               2.4905894              -2.7822738
            95               1.4302607               2.8723507              -2.1440148
            96               1.6203551               3.2541118              -1.5057557
            97               0.1389336               1.4993324              -3.6352158
            98               0.1978247               2.1348686              -3.2087448
            99               0.2567158               2.7704051              -2.7822738
           100               0.6711731               1.3478972              -3.6352158
           101               0.9556696               1.9192433              -3.2087448
           102               1.2401661               2.4905894              -2.7822738
           103               0.0000000               0.0000000              -3.9347291
           104               0.0694668               0.7496662              -3.7849724
           105               0.1389336               1.4993324              -3.6352158
           106               0.0000000               0.0000000              -3.9347291
           107               0.3355865               0.6739486              -3.7849724
           108               0.6711731               1.3478972              -3.6352158
           109              -0.9948240               3.4964437              -1.5057557
           110              -1.0358069               3.6404836              -0.7528778
           111              -1.0767899               3.7845235               0.0000000
           112              -0.3297043               3.5580761              -1.5057557
           113              -0.3432869               3.7046552              -0.7528778
           114              -0.3568695               3.8512340               0.0000000
           115               0.3354154               3.6197085              -1.5057557
           116               0.3492332               3.7688265              -0.7528778
           117               0.3630509               3.9179444               0.0000000
           118              -0.7614053               2.6760621              -2.7822738
           119              -0.8781146               3.0862529              -2.1440148
           120              -0.9948240               3.4964437              -1.5057557
           121               0.2567158               2.7704051              -2.7822738
           122               0.2960656               3.1950569              -2.1440148
           123               0.3354154               3.6197085              -1.5057557
           124              -0.4120696               1.4482744              -3.6352158
           125              -0.5867375               2.0621681              -3.2087448
           126              -0.7614053               2.6760621              -2.7822738
           127               0.1389336               1.4993324              -3.6352158
           128               0.1978247               2.1348686              -3.2087448
           129               0.2567158               2.7704051              -2.7822738
           130               0.0000000               0.0000000              -3.9347291
           131              -0.2060348               0.7241372              -3.7849724
           132              -0.4120696               1.4482744              -3.6352158
           133               0.0000000               0.0000000              -3.9347291
           134               0.0694668               0.7496662              -3.7849724
           135               0.1389336               1.4993324              -3.6352158
           136              -2.1907070               2.9009647              -1.5057557
           137              -2.2809556               3.0204732              -0.7528778
           138              -2.3712041               3.1399817               0.0000000
           139              -1.5927655               3.1987042              -1.5057557
           140              -1.6583812               3.3304784              -0.7528778
           141              -1.7239970               3.4622526               0.0000000
           142              -0.9948239               3.4964437              -1.5057557
           143              -1.0358069               3.6404836              -0.7528778
           144              -1.0767899               3.7845235               0.0000000
           145              -1.6766945               2.2203023              -2.7822738
           146              -1.9337008               2.5606337              -2.1440148
           147              -2.1907070               2.9009647              -1.5057557
           148              -0.7614053               2.6760621              -2.7822738
           149              -0.8781146               3.0862529              -2.1440148
           150              -0.9948239               3.4964437              -1.5057557
           151              -0.9074205               1.2016190              -3.6352158
           152              -1.2920575               1.7109606              -3.2087448
           153              -1.6766945               2.2203023              -2.7822738
           154              -0.4120696               1.4482744              -3.6352158
           155              -0.5867375               2.0621681              -3.2087448
           156              -0.7614053               2.6760621              -2.7822738
           157               0.0000000               0.0000000              -3.9347291
           158              -0.4537103               0.6008095              -3.7849724
           159              -0.9074205               1.2016190              -3.6352158
           160               0.0000000               0.0000000              -3.9347291
           161              -0.2060348               0.7241372              -3.7849724
           162              -0.4120696               1.4482744              -3.6352158
           163              -3.0907228               1.9136945              -1.5057557
           164              -3.2180486               1.9925313              -0.7528778
           165              -3.3453741               2.0713680               0.0000000
           166              -2.6407149               2.4073296              -1.5057557
           167              -2.7495022               2.5065022              -0.7528778
           168              -2.8582892               2.6056747               0.0000000
           169              -2.1907070               2.9009647              -1.5057557
           170              -2.2809556               3.0204732              -0.7528778
           171              -2.3712041               3.1399817               0.0000000
           172              -2.3655367               1.4646784              -2.7822738
           173              -2.7281299               1.6891865              -2.1440148
           174              -3.0907228               1.9136945              -1.5057557
           175              -1.6766945               2.2203023              -2.7822738
           176              -1.9337008               2.5606337              -2.1440148
           177              -2.1907070               2.9009647              -1.5057557
           178              -1.2802193               0.7926782              -3.6352158
           179              -1.8228780               1.1286783              -3.2087448
           180              -2.3655367               1.4646784              -2.7822738
           181              -0.9074205               1.2016190              -3.6352158
           182              -1.2920575               1.7109606              -3.2087448
           183              -1.6766945               2.2203023              -2.7822738
           184               0.0000000               0.0000000              -3.9347291
           185              -0.6401097               0.3963391              -3.7849724
           186              -1.2802193               0.7926782              -3.6352158
           187               0.0000000               0.0000000              -3.9347291
           188              -0.4537103               0.6008095              -3.7849724
           189              -0.9074205               1.2016190              -3.6352158
           190              -3.5733192               0.6679692              -1.5057557
           191              -3.7205262               0.6954869              -0.7528778
           192              -3.8677330               0.7230046               0.0000000
           193              -3.3320210               1.2908318              -1.5057557
           194              -3.4692874               1.3440090              -0.7528778
           195              -3.6065536               1.3971863               0.0000000
           196              -3.0907228               1.9136945              -1.5057557
           197              -3.2180486               1.9925313              -0.7528778
           198              -3.3453741               2.0713680               0.0000000
           199              -2.7349002               0.5112415              -2.7822738
           200              -3.1541097               0.5896053              -2.1440148
           201              -3.5733192               0.6679692              -1.5057557
           202              -2.3655367               1.4646784              -2.7822738
           203              -2.7281299               1.6891865              -2.1440148
           204              -3.0907228               1.9136945              -1.5057557
           205              -1.4801173               0.2766819              -3.6352158
           206              -2.1075087               0.3939617              -3.2087448
           207              -2.7349002               0.5112415              -2.7822738
           208              -1.2802193               0.7926782              -3.6352158
           209              -1.8228780               1.1286783              -3.2087448
           210              -2.3655367               1.4646784              -2.7822738
           211               0.0000000               0.0000000              -3.9347291
           212              -0.7400587               0.1383410              -3.7849724
           213              -1.4801173               0.2766819              -3.6352158
           214               0.0000000               0.0000000              -3.9347291
           215              -0.6401097               0.3963391              -3.7849724
           216              -1.2802193               0.7926782              -3.6352158
           217              -3.5733192              -0.6679692              -1.5057557
           218              -3.7205262              -0.6954869              -0.7528778
           219              -3.8677330              -0.7230046               0.0000000
           220              -3.5733192               0.0000000              -1.5057557
           221              -3.7205262               0.0000000              -0.7528778
           222              -3.8677330               0.0000000               0.0000000
           223              -3.5733192               0.6679692              -1.5057557
           224              -3.7205262               0.6954869              -0.7528778
           225              -3.8677330               0.7230046               0.0000000
           226              -2.7349002              -0.5112415              -2.7822738
           227              -3.1541097              -0.5896053              -2.1440148
           228              -3.5733192              -0.6679692              -1.5057557
           229              -2.7349002               0.5112415              -2.7822738
           230              -3.1541097               0.5896053              -2.1440148
           231              -3.5733192               0.6679692              -1.5057557
           232              -1.4801173              -0.2766819              -3.6352158
           233              -2.1075087              -0.3939617              -3.2087448
           234              -2.7349002              -0.5112415              -2.7822738
           235              -1.4801173               0.2766819              -3.6352158
           236              -2.1075087               0.3939617              -3.2087448
           237              -2.7349002               0.5112415              -2.7822738
           238               0.0000000               0.0000000              -3.9347291
           239              -0.7400587              -0.1383410              -3.7849724
           240              -1.4801173              -0.2766819              -3.6352158
           241               0.0000000               0.0000000              -3.9347291
           242              -0.7400587               0.1383410              -3.7849724
           243              -1.4801173               0.2766819              -3.6352158
           244              -3.0907228              -1.9136945              -1.5057557
           245              -3.2180486              -1.9925313              -0.7528778
           246              -3.3453741              -2.0713680               0.0000000
           247              -3.3320210              -1.2908318              -1.5057557
           248              -3.4692874              -1.3440090              -0.7528778
           249              -3.6065536              -1.3971863               0.0000000
           250              -3.5733192              -0.6679692              -1.5057557
           251              -3.7205262              -0.6954869              -0.7528778
           252              -3.8677330              -0.7230046               0.0000000
           253              -2.3655367              -1.4646784              -2.7822738
           254              -2.7281299              -1.6891865              -2.1440148
           255              -3.0907228              -1.9136945              -1.5057557
           256              -2.7349002              -0.5112415              -2.7822738
           257              -3.1541097              -0.5896053              -2.1440148
           258              -3.5733192              -0.6679692              -1.5057557
           259              -1.2802193              -0.7926782              -3.6352158
           260              -1.8228780              -1.1286783              -3.2087448
           261              -2.3655367              -1.4646784              -2.7822738
           262              -1.4801173              -0.2766819              -3.6352158
           263              -2.1075087              -0.3939617              -3.2087448
           264              -2.7349002              -0.5112415              -2.7822738
           265               0.0000000               0.0000000              -3.9347291
           266              -0.6401097              -0.3963391              -3.7849724
           267              -1.2802193              -0.7926782              -3.6352158
           268               0.0000000               0.0000000              -3.9347291
           269              -0.7400587              -0.1383410              -3.7849724
           270              -1.4801173              -0.2766819              -3.6352158
           271              -2.1907070              -2.9009647              -1.5057557
           272              -2.2809556              -3.0204732              -0.7528778
           273              -2.3712041              -3.1399817               0.0000000
           274              -2.6407149              -2.4073296              -1.5057557
           275              -2.7495022              -2.5065022              -0.7528778
           276              -2.8582892              -2.6056747               0.0000000
           277              -3.0907228              -1.9136945              -1.5057557
           278              -3.2180486              -1.9925313              -0.7528778
           279              -3.3453741              -2.0713680               0.0000000
           280              -1.6766945              -2.2203023              -2.7822738
           281              -1.9337008              -2.5606337              -2.1440148
           282              -2.1907070              -2.9009647              -1.5057557
           283              -2.3655367              -1.4646784              -2.7822738
           284              -2.7281299              -1.6891865              -2.1440148
           285              -3.0907228              -1.9136945              -1.5057557
           286              -0.9074205              -1.2016190              -3.6352158
           287              -1.2920575              -1.7109606              -3.2087448
           288              -1.6766945              -2.2203023              -2.7822738
           289              -1.2802193              -0.7926782              -3.6352158
           290              -1.8228780              -1.1286783              -3.2087448
           291              -2.3655367              -1.4646784              -2.7822738
           292               0.0000000               0.0000000              -3.9347291
           293              -0.4537103              -0.6008095              -3.7849724
           294              -0.9074205              -1.2016190              -3.6352158
           295               0.0000000               0.0000000              -3.9347291
           296              -0.6401097              -0.3963391              -3.7849724
           297              -1.2802193              -0.7926782              -3.6352158
           298              -0.9948240              -3.4964437              -1.5057557
           299              -1.0358069              -3.6404836              -0.7528778
           300              -1.0767899              -3.7845235               0.0000000
           301              -1.5927656              -3.1987042              -1.5057557
           302              -1.6583812              -3.3304784              -0.7528778
           303              -1.7239970              -3.4622526               0.0000000
           304              -2.1907070              -2.9009647              -1.5057557
           305              -2.2809556              -3.0204732              -0.7528778
           306              -2.3712041              -3.1399817               0.0000000
           307              -0.7614053              -2.6760621              -2.7822738
           308              -0.8781146              -3.0862529              -2.1440148
           309              -0.9948240              -3.4964437              -1.5057557
           310              -1.6766945              -2.2203023              -2.7822738
           311              -1.9337008              -2.5606337              -2.1440148
           312              -2.1907070              -2.9009647              -1.5057557
           313              -0.4120696              -1.4482744              -3.6352158
           314              -0.5867375              -2.0621681              -3.2087448
           315              -0.7614053              -2.6760621              -2.7822738
           316              -0.9074205              -1.2016190              -3.6352158
           317              -1.2920575              -1.7109606              -3.2087448
           318              -1.6766945              -2.2203023              -2.7822738
           319               0.0000000               0.0000000              -3.9347291
           320              -0.2060348              -0.7241372              -3.7849724
           321              -0.4120696              -1.4482744              -3.6352158
           322               0.0000000               0.0000000              -3.9347291
           323              -0.4537103              -0.6008095              -3.7849724
           324              -0.9074205              -1.2016190              -3.6352158
           325               0.3354154              -3.6197085              -1.5057557
           326               0.3492332              -3.7688265              -0.7528778
           327               0.3630510              -3.9179444               0.0000000
           328              -0.3297043              -3.5580761              -1.5057557
           329              -0.3432869              -3.7046552              -0.7528778
           330              -0.3568694              -3.8512340               0.0000000
           331              -0.9948241              -3.4964437              -1.5057557
           332              -1.0358069              -3.6404836              -0.7528778
           333              -1.0767899              -3.7845235               0.0000000
           334               0.2567158              -2.7704051              -2.7822738
           335               0.2960656              -3.1950569              -2.1440148
           336               0.3354154              -3.6197085              -1.5057557
           337              -0.7614053              -2.6760621              -2.7822738
           338              -0.8781147              -3.0862529              -2.1440148
           339              -0.9948241              -3.4964437              -1.5057557
           340               0.1389336              -1.4993324              -3.6352158
           341               0.1978247              -2.1348686              -3.2087448
           342               0.2567158              -2.7704051              -2.7822738
           343              -0.4120696              -1.4482744              -3.6352158
           344              -0.5867375              -2.0621681              -3.2087448
           345              -0.7614053              -2.6760621              -2.7822738
           346               0.0000000               0.0000000              -3.9347291
           347               0.0694668              -0.7496662              -3.7849724
           348               0.1389336              -1.4993324              -3.6352158
           349               0.0000000               0.0000000              -3.9347291
           350              -0.2060348              -0.7241372              -3.7849724
           351              -0.4120696              -1.4482744              -3.6352158
           352               1.6203551              -3.2541118              -1.5057557
           353               1.6871074              -3.3881683              -0.7528778
           354               1.7538598              -3.5222251               0.0000000
           355               0.9778852              -3.4369102              -1.5057557
           356               1.0181704              -3.5784974              -0.7528778
           357               1.0584553              -3.7200847               0.0000000
           358               0.3354154              -3.6197085              -1.5057557
           359               0.3492332              -3.7688265              -0.7528778
           360               0.3630509              -3.9179444               0.0000000
           361               1.2401661              -2.4905894              -2.7822738
           362               1.4302607              -2.8723507              -2.1440148
           363               1.6203551              -3.2541118              -1.5057557
           364               0.2567158              -2.7704051              -2.7822738
           365               0.2960656              -3.1950569              -2.1440148
           366               0.3354154              -3.6197085              -1.5057557
           367               0.6711731              -1.3478972              -3.6352158
           368               0.9556696              -1.9192433              -3.2087448
           369               1.2401661              -2.4905894              -2.7822738
           370               0.1389336              -1.4993324              -3.6352158
           371               0.1978247              -2.1348686              -3.2087448
           372               0.2567158              -2.7704051              -2.7822738
           373               0.0000000               0.0000000              -3.9347291
           374               0.3355865              -0.6739486              -3.7849724
           375               0.6711731              -1.3478972              -3.6352158
           376               0.0000000               0.0000000              -3.9347291
           377               0.0694668              -0.7496662              -3.7849724
           378               0.1389336              -1.4993324              -3.6352158
           379               2.6864569              -2.4490292              -1.5057557
           380               2.7971284              -2.5499196              -0.7528778
           381               2.9078000              -2.6508100               0.0000000
           382               2.1534061              -2.8515706              -1.5057557
           383               2.2421179              -2.9690442              -0.7528778
           384               2.3308299              -3.0865176               0.0000000
           385               1.6203551              -3.2541118              -1.5057557
           386               1.6871074              -3.3881683              -0.7528778
           387               1.7538598              -3.5222251               0.0000000
           388               2.0561252              -1.8744057              -2.7822738
           389               2.3712912              -2.1617174              -2.1440148
           390               2.6864569              -2.4490292              -1.5057557
           391               1.2401661              -2.4905894              -2.7822738
           392               1.4302607              -2.8723507              -2.1440148
           393               1.6203551              -3.2541118              -1.5057557
           394               1.1127669              -1.0144210              -3.6352158
           395               1.5844460              -1.4444134              -3.2087448
           396               2.0561252              -1.8744057              -2.7822738
           397               0.6711731              -1.3478972              -3.6352158
           398               0.9556696              -1.9192433              -3.2087448
           399               1.2401661              -2.4905894              -2.7822738
           400               0.0000000               0.0000000              -3.9347291
           401               0.5563834              -0.5072105              -3.7849724
           402               1.1127669              -1.0144210              -3.6352158
           403               0.0000000               0.0000000              -3.9347291
           404               0.3355865              -0.6739486              -3.7849724
           405               0.6711731              -1.3478972              -3.6352158
           406               3.3897378              -1.3131914              -1.5057557
           407               3.5293818              -1.3672898              -0.7528778
           408               3.6690257              -1.4213881               0.0000000
           409               3.0380974              -1.8811103              -1.5057557
           410               3.1632552              -1.9586046              -0.7528778
           411               3.2884128              -2.0360990               0.0000000
           412               2.6864569              -2.4490292              -1.5057557
           413               2.7971284              -2.5499196              -0.7528778
           414               2.9078000              -2.6508100               0.0000000
           415               2.5943930              -1.0050732              -2.7822738
           416               2.9920654              -1.1591322              -2.1440148
           417               3.3897378              -1.3131914              -1.5057557
           418               2.0561252              -1.8744057              -2.7822738
           419               2.3712912              -2.1617174              -2.1440148
           420               2.6864569              -2.4490292              -1.5057557
           421               1.4040754              -0.5439417              -3.6352158
           422               1.9992342              -0.7745074              -3.2087448
           423               2.5943930              -1.0050732              -2.7822738
           424               1.1127669              -1.0144210              -3.6352158
           425               1.5844460              -1.4444134              -3.2087448
           426               2.0561252              -1.8744057              -2.7822738
           427               0.0000000               0.0000000              -3.9347291
           428               0.7020377              -0.2719708              -3.7849724
           429               1.4040754              -0.5439417              -3.6352158
           430               0.0000000               0.0000000              -3.9347291
           431               0.5563834              -0.5072105              -3.7849724
           432               1.1127669              -1.0144210              -3.6352158
           433               3.6352158               0.0000000              -1.5057557
           434               3.7849724               0.0000000              -0.7528778
           435               3.9347291               0.0000000               0.0000000
           436               3.5124769              -0.6565957              -1.5057557
           437               3.6571772              -0.6836449              -0.7528778
           438               3.8018775              -0.7106941               0.0000000
           439               3.3897378              -1.3131914              -1.5057557
           440               3.5293818              -1.3672898              -0.7528778
           441               3.6690257              -1.4213881               0.0000000
           442               2.7822738               0.0000000              -2.7822738
           443               3.2087448               0.0000000              -2.1440148
           444               3.6352158               0.0000000              -1.5057557
           445               2.5943930              -1.0050732              -2.7822738
           446               2.9920654              -1.1591322              -2.1440148
           447               3.3897378              -1.3131914              -1.5057557
           448               1.5057557               0.0000000              -3.6352158
           449               2.1440148               0.0000000              -3.2087448
           450               2.7822738               0.0000000              -2.7822738
           451               1.4040754              -0.5439417              -3.6352158
           452               1.9992342              -0.7745074              -3.2087448
           453               2.5943930              -1.0050732              -2.7822738
           454               0.0000000               0.0000000              -3.9347291
           455               0.7528778               0.0000000              -3.7849724
           456               1.5057557               0.0000000              -3.6352158
           457               0.0000000               0.0000000              -3.9347291
           458               0.7020377              -0.2719708              -3.7849724
           459               1.4040754              -0.5439417              -3.6352158
             0          0.00          0.00          0.00
               1               2               5               4
               2               3               6               5
               4               5               8               7
               5               6               9               8
              10              11              14              13
              11              12              15              14
              16              17              20              19
              17              18              21              20
              22              23              26              25
              23              24              27              26
              28              29              32              31
              29              30              33              32
              31              32              35              34
              32              33              36              35
              37              38              41              40
              38              39              42              41
              43              44              47              46
              44              45              48              47
              49              50              53              52
              50              51              54              53
              55              56              59              58
              56              57              60              59
              58              59              62              61
              59              60              63              62
              64              65              68              67
              65              66              69              68
              70              71              74              73
              71              72              75              74
              76              77              80              79
              77              78              81              80
              82              83              86              85
              83              84              87              86
              85              86              89              88
              86              87              90              89
              91              92              95              94
              92              93              96              95
              97              98             101             100
              98              99             102             101
             103             104             107             106
             104             105             108             107
             109             110             113             112
             110             111             114             113
             112             113             116             115
             113             114             117             116
             118             119             122             121
             119             120             123             122
             124             125             128             127
             125             126             129             128
             130             131             134             133
             131             132             135             134
             136             137             140             139
             137             138             141             140
             139             140             143             142
             140             141             144             143
             145             146             149             148
             146             147             150             149
             151             152             155             154
             152             153             156             155
             157             158             161             160
             158             159             162             161
             163             164             167             166
             164             165             168             167
             166             167             170             169
             167             168             171             170
             172             173             176             175
             173             174             177             176
             178             179             182             181
             179             180             183             182
             184             185             188             187
             185             186             189             188
             190             191             194             193
             191             192             195             194
             193             194             197             196
             194             195             198             197
             199             200             203             202
             200             201             204             203
             205             206             209             208
             206             207             210             209
             211             212             215             214
             212             213             216             215
             217             218             221             220
             218             219             222             221
             220             221             224             223
             221             222             225             224
             226             227             230             229
             227             228             231             230
             232             233             236             235
             233             234             237             236
             238             239             242             241
             239             240             243             242
             244             245             248             247
             245             246             249             248
             247             248             251             250
             248             249             252             251
             253             254             257             256
             254             255             258             257
             259             260             263             262
             260             261             264             263
             265             266             269             268
             266             267             270             269
             271             272             275             274
             272             273             276             275
             274             275             278             277
             275             276             279             278
             280             281             284             283
             281             282             285             284
             286             287             290             289
             287             288             291             290
             292             293             296             295
             293             294             297             296
             298             299             302             301
             299             300             303             302
             301             302             305             304
             302             303             306             305
             307             308             311             310
             308             309             312             311
             313             314             317             316
             314             315             318             317
             319             320             323             322
             320             321             324             323
             325             326             329             328
             326             327             330             329
             328             329             332             331
             329             330             333             332
             334             335             338             337
             335             336             339             338
             340             341             344             343
             341             342             345             344
             346             347             350             349
             347             348             351             350
             352             353             356             355
             353             354             357             356
             355             356             359             358
             356             357             360             359
             361             362             365             364
             362             363             366             365
             367             368             371             370
             368             369             372             371
             373             374             377             376
             374             375             378             377
             379             380             383             382
             380             381             384             383
             382             383             386             385
             383             384             387             386
             388             389             392             391
             389             390             393             392
             394             395             398             397
             395             396             399             398
             400             401             404             403
             401             402             405             404
             406             407             410             409
             407             408             411             410
             409             410             413             412
             410             411             414             413
             415             416             419             418
             416             417             420             419
             421             422             425             424
             422             423             426             425
             427             428             431             430
             428             429             432             431
             433             434             437             436
             434             435             438             437
             436             437             440             439
             437             438             441             440
             442             443             446             445
             443             444             447             446
             448             449             452             451
             449             450             453             452
             454             455             458             457
             455             456             459             458
          0          0          0          0
