                    2          0
             1               2.3964591               0.9283931              -9.2745676
             2               2.3964591               0.9283931              -8.1152468
             3               2.3964591               0.9283931              -6.9559259
             4               2.3964591               0.9283931              -5.7966046
             5               2.3964591               0.9283931              -4.6372838
             6               2.3964591               0.9283931              -3.4779630
             7               2.3964591               0.9283931              -2.3186417
             8               2.3964591               0.9283931              -1.1593208
             9               2.3964591               0.9283931               0.0000000
            10               2.5700057               0.0000000              -9.2745676
            11               2.5700057               0.0000000              -8.1152468
            12               2.5700057               0.0000000              -6.9559259
            13               2.5700057               0.0000000              -5.7966046
            14               2.5700057               0.0000000              -4.6372838
            15               2.5700057               0.0000000              -3.4779630
            16               2.5700057               0.0000000              -2.3186417
            17               2.5700057               0.0000000              -1.1593208
            18               2.5700057               0.0000000               0.0000000
            19               1.8992571               1.7314017              -9.2745676
            20               1.8992571               1.7314017              -8.1152468
            21               1.8992571               1.7314017              -6.9559259
            22               1.8992571               1.7314017              -5.7966046
            23               1.8992571               1.7314017              -4.6372838
            24               1.8992571               1.7314017              -3.4779630
            25               1.8992571               1.7314017              -2.3186417
            26               1.8992571               1.7314017              -1.1593208
            27               1.8992571               1.7314017               0.0000000
            28               2.3964591               0.9283931              -9.2745676
            29               2.3964591               0.9283931              -8.1152468
            30               2.3964591               0.9283931              -6.9559259
            31               2.3964591               0.9283931              -5.7966046
            32               2.3964591               0.9283931              -4.6372838
            33               2.3964591               0.9283931              -3.4779630
            34               2.3964591               0.9283931              -2.3186417
            35               2.3964591               0.9283931              -1.1593208
            36               2.3964591               0.9283931               0.0000000
            37               1.1455501               2.3005748              -9.2745676
            38               1.1455501               2.3005748              -8.1152468
            39               1.1455501               2.3005748              -6.9559259
            40               1.1455501               2.3005748              -5.7966046
            41               1.1455501               2.3005748              -4.6372838
            42               1.1455501               2.3005748              -3.4779630
            43               1.1455501               2.3005748              -2.3186417
            44               1.1455501               2.3005748              -1.1593208
            45               1.1455501               2.3005748               0.0000000
            46               1.8992571               1.7314017              -9.2745676
            47               1.8992571               1.7314017              -8.1152468
            48               1.8992571               1.7314017              -6.9559259
            49               1.8992571               1.7314017              -5.7966046
            50               1.8992571               1.7314017              -4.6372838
            51               1.8992571               1.7314017              -3.4779630
            52               1.8992571               1.7314017              -2.3186417
            53               1.8992571               1.7314017              -1.1593208
            54               1.8992571               1.7314017               0.0000000
            55               0.2371302               2.5590425              -9.2745676
            56               0.2371302               2.5590425              -8.1152468
            57               0.2371302               2.5590425              -6.9559259
            58               0.2371302               2.5590425              -5.7966046
            59               0.2371302               2.5590425              -4.6372838
            60               0.2371302               2.5590425              -3.4779630
            61               0.2371302               2.5590425              -2.3186417
            62               0.2371302               2.5590425              -1.1593208
            63               0.2371302               2.5590425               0.0000000
            64               1.1455501               2.3005748              -9.2745676
            65               1.1455501               2.3005748              -8.1152468
            66               1.1455501               2.3005748              -6.9559259
            67               1.1455501               2.3005748              -5.7966046
            68               1.1455501               2.3005748              -4.6372838
            69               1.1455501               2.3005748              -3.4779630
            70               1.1455501               2.3005748              -2.3186417
            71               1.1455501               2.3005748              -1.1593208
            72               1.1455501               2.3005748               0.0000000
            73              -0.7033154               2.4718974              -9.2745676
            74              -0.7033154               2.4718974              -8.1152468
            75              -0.7033154               2.4718974              -6.9559259
            76              -0.7033154               2.4718974              -5.7966046
            77              -0.7033154               2.4718974              -4.6372838
            78              -0.7033154               2.4718974              -3.4779630
            79              -0.7033154               2.4718974              -2.3186417
            80              -0.7033154               2.4718974              -1.1593208
            81              -0.7033154               2.4718974               0.0000000
            82               0.2371302               2.5590425              -9.2745676
            83               0.2371302               2.5590425              -8.1152468
            84               0.2371302               2.5590425              -6.9559259
            85               0.2371302               2.5590425              -5.7966046
            86               0.2371302               2.5590425              -4.6372838
            87               0.2371302               2.5590425              -3.4779630
            88               0.2371302               2.5590425              -2.3186417
            89               0.2371302               2.5590425              -1.1593208
            90               0.2371302               2.5590425               0.0000000
            91              -1.5487745               2.0509088              -9.2745676
            92              -1.5487745               2.0509088              -8.1152468
            93              -1.5487745               2.0509088              -6.9559259
            94              -1.5487745               2.0509088              -5.7966046
            95              -1.5487745               2.0509088              -4.6372838
            96              -1.5487745               2.0509088              -3.4779630
            97              -1.5487745               2.0509088              -2.3186417
            98              -1.5487745               2.0509088              -1.1593208
            99              -1.5487745               2.0509088               0.0000000
           100              -0.7033154               2.4718974              -9.2745676
           101              -0.7033154               2.4718974              -8.1152468
           102              -0.7033154               2.4718974              -6.9559259
           103              -0.7033154               2.4718974              -5.7966046
           104              -0.7033154               2.4718974              -4.6372838
           105              -0.7033154               2.4718974              -3.4779630
           106              -0.7033154               2.4718974              -2.3186417
           107              -0.7033154               2.4718974              -1.1593208
           108              -0.7033154               2.4718974               0.0000000
           109              -2.1850629               1.3529336              -9.2745676
           110              -2.1850629               1.3529336              -8.1152468
           111              -2.1850629               1.3529336              -6.9559259
           112              -2.1850629               1.3529336              -5.7966046
           113              -2.1850629               1.3529336              -4.6372838
           114              -2.1850629               1.3529336              -3.4779630
           115              -2.1850629               1.3529336              -2.3186417
           116              -2.1850629               1.3529336              -1.1593208
           117              -2.1850629               1.3529336               0.0000000
           118              -1.5487745               2.0509088              -9.2745676
           119              -1.5487745               2.0509088              -8.1152468
           120              -1.5487745               2.0509088              -6.9559259
           121              -1.5487745               2.0509088              -5.7966046
           122              -1.5487745               2.0509088              -4.6372838
           123              -1.5487745               2.0509088              -3.4779630
           124              -1.5487745               2.0509088              -2.3186417
           125              -1.5487745               2.0509088              -1.1593208
           126              -1.5487745               2.0509088               0.0000000
           127              -2.5262465               0.4722373              -9.2745676
           128              -2.5262465               0.4722373              -8.1152468
           129              -2.5262465               0.4722373              -6.9559259
           130              -2.5262465               0.4722373              -5.7966046
           131              -2.5262465               0.4722373              -4.6372838
           132              -2.5262465               0.4722373              -3.4779630
           133              -2.5262465               0.4722373              -2.3186417
           134              -2.5262465               0.4722373              -1.1593208
           135              -2.5262465               0.4722373               0.0000000
           136              -2.1850629               1.3529336              -9.2745676
           137              -2.1850629               1.3529336              -8.1152468
           138              -2.1850629               1.3529336              -6.9559259
           139              -2.1850629               1.3529336              -5.7966046
           140              -2.1850629               1.3529336              -4.6372838
           141              -2.1850629               1.3529336              -3.4779630
           142              -2.1850629               1.3529336              -2.3186417
           143              -2.1850629               1.3529336              -1.1593208
           144              -2.1850629               1.3529336               0.0000000
           145              -2.5262465              -0.4722373              -9.2745676
           146              -2.5262465              -0.4722373              -8.1152468
           147              -2.5262465              -0.4722373              -6.9559259
           148              -2.5262465              -0.4722373              -5.7966046
           149              -2.5262465              -0.4722373              -4.6372838
           150              -2.5262465              -0.4722373              -3.4779630
           151              -2.5262465              -0.4722373              -2.3186417
           152              -2.5262465              -0.4722373              -1.1593208
           153              -2.5262465              -0.4722373               0.0000000
           154              -2.5262465               0.4722373              -9.2745676
           155              -2.5262465               0.4722373              -8.1152468
           156              -2.5262465               0.4722373              -6.9559259
           157              -2.5262465               0.4722373              -5.7966046
           158              -2.5262465               0.4722373              -4.6372838
           159              -2.5262465               0.4722373              -3.4779630
           160              -2.5262465               0.4722373              -2.3186417
           161              -2.5262465               0.4722373              -1.1593208
           162              -2.5262465               0.4722373               0.0000000
           163              -2.1850629              -1.3529336              -9.2745676
           164              -2.1850629              -1.3529336              -8.1152468
           165              -2.1850629              -1.3529336              -6.9559259
           166              -2.1850629              -1.3529336              -5.7966046
           167              -2.1850629              -1.3529336              -4.6372838
           168              -2.1850629              -1.3529336              -3.4779630
           169              -2.1850629              -1.3529336              -2.3186417
           170              -2.1850629              -1.3529336              -1.1593208
           171              -2.1850629              -1.3529336               0.0000000
           172              -2.5262465              -0.4722373              -9.2745676
           173              -2.5262465              -0.4722373              -8.1152468
           174              -2.5262465              -0.4722373              -6.9559259
           175              -2.5262465              -0.4722373              -5.7966046
           176              -2.5262465              -0.4722373              -4.6372838
           177              -2.5262465              -0.4722373              -3.4779630
           178              -2.5262465              -0.4722373              -2.3186417
           179              -2.5262465              -0.4722373              -1.1593208
           180              -2.5262465              -0.4722373               0.0000000
           181              -1.5487745              -2.0509088              -9.2745676
           182              -1.5487745              -2.0509088              -8.1152468
           183              -1.5487745              -2.0509088              -6.9559259
           184              -1.5487745              -2.0509088              -5.7966046
           185              -1.5487745              -2.0509088              -4.6372838
           186              -1.5487745              -2.0509088              -3.4779630
           187              -1.5487745              -2.0509088              -2.3186417
           188              -1.5487745              -2.0509088              -1.1593208
           189              -1.5487745              -2.0509088               0.0000000
           190              -2.1850629              -1.3529336              -9.2745676
           191              -2.1850629              -1.3529336              -8.1152468
           192              -2.1850629              -1.3529336              -6.9559259
           193              -2.1850629              -1.3529336              -5.7966046
           194              -2.1850629              -1.3529336              -4.6372838
           195              -2.1850629              -1.3529336              -3.4779630
           196              -2.1850629              -1.3529336              -2.3186417
           197              -2.1850629              -1.3529336              -1.1593208
           198              -2.1850629              -1.3529336               0.0000000
           199              -0.7033154              -2.4718974              -9.2745676
           200              -0.7033154              -2.4718974              -8.1152468
           201              -0.7033154              -2.4718974              -6.9559259
           202              -0.7033154              -2.4718974              -5.7966046
           203              -0.7033154              -2.4718974              -4.6372838
           204              -0.7033154              -2.4718974              -3.4779630
           205              -0.7033154              -2.4718974              -2.3186417
           206              -0.7033154              -2.4718974              -1.1593208
           207              -0.7033154              -2.4718974               0.0000000
           208              -1.5487745              -2.0509088              -9.2745676
           209              -1.5487745              -2.0509088              -8.1152468
           210              -1.5487745              -2.0509088              -6.9559259
           211              -1.5487745              -2.0509088              -5.7966046
           212              -1.5487745              -2.0509088              -4.6372838
           213              -1.5487745              -2.0509088              -3.4779630
           214              -1.5487745              -2.0509088              -2.3186417
           215              -1.5487745              -2.0509088              -1.1593208
           216              -1.5487745              -2.0509088               0.0000000
           217               0.2371302              -2.5590425              -9.2745676
           218               0.2371302              -2.5590425              -8.1152468
           219               0.2371302              -2.5590425              -6.9559259
           220               0.2371302              -2.5590425              -5.7966046
           221               0.2371302              -2.5590425              -4.6372838
           222               0.2371302              -2.5590425              -3.4779630
           223               0.2371302              -2.5590425              -2.3186417
           224               0.2371302              -2.5590425              -1.1593208
           225               0.2371302              -2.5590425               0.0000000
           226              -0.7033154              -2.4718974              -9.2745676
           227              -0.7033154              -2.4718974              -8.1152468
           228              -0.7033154              -2.4718974              -6.9559259
           229              -0.7033154              -2.4718974              -5.7966046
           230              -0.7033154              -2.4718974              -4.6372838
           231              -0.7033154              -2.4718974              -3.4779630
           232              -0.7033154              -2.4718974              -2.3186417
           233              -0.7033154              -2.4718974              -1.1593208
           234              -0.7033154              -2.4718974               0.0000000
           235               1.1455501              -2.3005748              -9.2745676
           236               1.1455501              -2.3005748              -8.1152468
           237               1.1455501              -2.3005748              -6.9559259
           238               1.1455501              -2.3005748              -5.7966046
           239               1.1455501              -2.3005748              -4.6372838
           240               1.1455501              -2.3005748              -3.4779630
           241               1.1455501              -2.3005748              -2.3186417
           242               1.1455501              -2.3005748              -1.1593208
           243               1.1455501              -2.3005748               0.0000000
           244               0.2371302              -2.5590425              -9.2745676
           245               0.2371302              -2.5590425              -8.1152468
           246               0.2371302              -2.5590425              -6.9559259
           247               0.2371302              -2.5590425              -5.7966046
           248               0.2371302              -2.5590425              -4.6372838
           249               0.2371302              -2.5590425              -3.4779630
           250               0.2371302              -2.5590425              -2.3186417
           251               0.2371302              -2.5590425              -1.1593208
           252               0.2371302              -2.5590425               0.0000000
           253               1.8992571              -1.7314017              -9.2745676
           254               1.8992571              -1.7314017              -8.1152468
           255               1.8992571              -1.7314017              -6.9559259
           256               1.8992571              -1.7314017              -5.7966046
           257               1.8992571              -1.7314017              -4.6372838
           258               1.8992571              -1.7314017              -3.4779630
           259               1.8992571              -1.7314017              -2.3186417
           260               1.8992571              -1.7314017              -1.1593208
           261               1.8992571              -1.7314017               0.0000000
           262               1.1455501              -2.3005748              -9.2745676
           263               1.1455501              -2.3005748              -8.1152468
           264               1.1455501              -2.3005748              -6.9559259
           265               1.1455501              -2.3005748              -5.7966046
           266               1.1455501              -2.3005748              -4.6372838
           267               1.1455501              -2.3005748              -3.4779630
           268               1.1455501              -2.3005748              -2.3186417
           269               1.1455501              -2.3005748              -1.1593208
           270               1.1455501              -2.3005748               0.0000000
           271               2.3964591              -0.9283931              -9.2745676
           272               2.3964591              -0.9283931              -8.1152468
           273               2.3964591              -0.9283931              -6.9559259
           274               2.3964591              -0.9283931              -5.7966046
           275               2.3964591              -0.9283931              -4.6372838
           276               2.3964591              -0.9283931              -3.4779630
           277               2.3964591              -0.9283931              -2.3186417
           278               2.3964591              -0.9283931              -1.1593208
           279               2.3964591              -0.9283931               0.0000000
           280               1.8992571              -1.7314017              -9.2745676
           281               1.8992571              -1.7314017              -8.1152468
           282               1.8992571              -1.7314017              -6.9559259
           283               1.8992571              -1.7314017              -5.7966046
           284               1.8992571              -1.7314017              -4.6372838
           285               1.8992571              -1.7314017              -3.4779630
           286               1.8992571              -1.7314017              -2.3186417
           287               1.8992571              -1.7314017              -1.1593208
           288               1.8992571              -1.7314017               0.0000000
           289               2.5700057               0.0000000              -9.2745676
           290               2.5700057               0.0000000              -8.1152468
           291               2.5700057               0.0000000              -6.9559259
           292               2.5700057               0.0000000              -5.7966046
           293               2.5700057               0.0000000              -4.6372838
           294               2.5700057               0.0000000              -3.4779630
           295               2.5700057               0.0000000              -2.3186417
           296               2.5700057               0.0000000              -1.1593208
           297               2.5700057               0.0000000               0.0000000
           298               2.3964591              -0.9283931              -9.2745676
           299               2.3964591              -0.9283931              -8.1152468
           300               2.3964591              -0.9283931              -6.9559259
           301               2.3964591              -0.9283931              -5.7966046
           302               2.3964591              -0.9283931              -4.6372838
           303               2.3964591              -0.9283931              -3.4779630
           304               2.3964591              -0.9283931              -2.3186417
           305               2.3964591              -0.9283931              -1.1593208
           306               2.3964591              -0.9283931               0.0000000
           307               0.0000000               0.0000000              -9.2745676
           308               0.0000000               0.0000000              -9.2745676
           309               0.8566685               0.0000000              -9.2745676
           310               0.7988197               0.3094644              -9.2745676
           311               1.7133371               0.0000000              -9.2745676
           312               1.5976394               0.6189287              -9.2745676
           313               2.5700057               0.0000000              -9.2745676
           314               2.3964591               0.9283931              -9.2745676
           315               0.0000000               0.0000000              -9.2745676
           316               0.0000000               0.0000000              -9.2745676
           317               0.7988197               0.3094644              -9.2745676
           318               0.6330857               0.5771339              -9.2745676
           319               1.5976394               0.6189287              -9.2745676
           320               1.2661713               1.1542678              -9.2745676
           321               2.3964591               0.9283931              -9.2745676
           322               1.8992571               1.7314018              -9.2745676
           323               0.0000000               0.0000000              -9.2745676
           324               0.0000000               0.0000000              -9.2745676
           325               0.6330857               0.5771339              -9.2745676
           326               0.3818500               0.7668583              -9.2745676
           327               1.2661713               1.1542678              -9.2745676
           328               0.7637001               1.5337166              -9.2745676
           329               1.8992571               1.7314018              -9.2745676
           330               1.1455501               2.3005748              -9.2745676
           331               0.0000000               0.0000000              -9.2745676
           332               0.0000000               0.0000000              -9.2745676
           333               0.3818500               0.7668583              -9.2745676
           334               0.0790434               0.8530142              -9.2745676
           335               0.7637001               1.5337166              -9.2745676
           336               0.1580868               1.7060283              -9.2745676
           337               1.1455501               2.3005748              -9.2745676
           338               0.2371302               2.5590425              -9.2745676
           339               0.0000000               0.0000000              -9.2745676
           340               0.0000000               0.0000000              -9.2745676
           341               0.0790434               0.8530142              -9.2745676
           342              -0.2344385               0.8239658              -9.2745676
           343               0.1580868               1.7060283              -9.2745676
           344              -0.4688770               1.6479316              -9.2745676
           345               0.2371302               2.5590425              -9.2745676
           346              -0.7033154               2.4718974              -9.2745676
           347               0.0000000               0.0000000              -9.2745676
           348               0.0000000               0.0000000              -9.2745676
           349              -0.2344385               0.8239658              -9.2745676
           350              -0.5162582               0.6836362              -9.2745676
           351              -0.4688769               1.6479316              -9.2745676
           352              -1.0325164               1.3672725              -9.2745676
           353              -0.7033154               2.4718974              -9.2745676
           354              -1.5487744               2.0509088              -9.2745676
           355               0.0000000               0.0000000              -9.2745676
           356               0.0000000               0.0000000              -9.2745676
           357              -0.5162582               0.6836362              -9.2745676
           358              -0.7283543               0.4509779              -9.2745676
           359              -1.0325164               1.3672725              -9.2745676
           360              -1.4567086               0.9019558              -9.2745676
           361              -1.5487744               2.0509088              -9.2745676
           362              -2.1850629               1.3529335              -9.2745676
           363               0.0000000               0.0000000              -9.2745676
           364               0.0000000               0.0000000              -9.2745676
           365              -0.7283543               0.4509779              -9.2745676
           366              -0.8420822               0.1574124              -9.2745676
           367              -1.4567086               0.9019558              -9.2745676
           368              -1.6841644               0.3148249              -9.2745676
           369              -2.1850629               1.3529335              -9.2745676
           370              -2.5262465               0.4722372              -9.2745676
           371               0.0000000               0.0000000              -9.2745676
           372               0.0000000               0.0000000              -9.2745676
           373              -0.8420822               0.1574124              -9.2745676
           374              -0.8420822              -0.1574124              -9.2745676
           375              -1.6841644               0.3148248              -9.2745676
           376              -1.6841644              -0.3148248              -9.2745676
           377              -2.5262465               0.4722373              -9.2745676
           378              -2.5262465              -0.4722373              -9.2745676
           379               0.0000000               0.0000000              -9.2745676
           380               0.0000000               0.0000000              -9.2745676
           381              -0.8420822              -0.1574124              -9.2745676
           382              -0.7283543              -0.4509779              -9.2745676
           383              -1.6841644              -0.3148248              -9.2745676
           384              -1.4567086              -0.9019557              -9.2745676
           385              -2.5262465              -0.4722373              -9.2745676
           386              -2.1850629              -1.3529335              -9.2745676
           387               0.0000000               0.0000000              -9.2745676
           388               0.0000000               0.0000000              -9.2745676
           389              -0.7283543              -0.4509779              -9.2745676
           390              -0.5162582              -0.6836362              -9.2745676
           391              -1.4567086              -0.9019558              -9.2745676
           392              -1.0325164              -1.3672725              -9.2745676
           393              -2.1850629              -1.3529335              -9.2745676
           394              -1.5487744              -2.0509088              -9.2745676
           395               0.0000000               0.0000000              -9.2745676
           396               0.0000000               0.0000000              -9.2745676
           397              -0.5162582              -0.6836362              -9.2745676
           398              -0.2344385              -0.8239658              -9.2745676
           399              -1.0325164              -1.3672725              -9.2745676
           400              -0.4688770              -1.6479316              -9.2745676
           401              -1.5487744              -2.0509088              -9.2745676
           402              -0.7033154              -2.4718974              -9.2745676
           403               0.0000000               0.0000000              -9.2745676
           404               0.0000000               0.0000000              -9.2745676
           405              -0.2344385              -0.8239658              -9.2745676
           406               0.0790434              -0.8530142              -9.2745676
           407              -0.4688769              -1.6479316              -9.2745676
           408               0.1580868              -1.7060283              -9.2745676
           409              -0.7033154              -2.4718974              -9.2745676
           410               0.2371302              -2.5590425              -9.2745676
           411               0.0000000               0.0000000              -9.2745676
           412               0.0000000               0.0000000              -9.2745676
           413               0.0790434              -0.8530142              -9.2745676
           414               0.3818500              -0.7668583              -9.2745676
           415               0.1580868              -1.7060283              -9.2745676
           416               0.7637001              -1.5337166              -9.2745676
           417               0.2371302              -2.5590425              -9.2745676
           418               1.1455501              -2.3005748              -9.2745676
           419               0.0000000               0.0000000              -9.2745676
           420               0.0000000               0.0000000              -9.2745676
           421               0.3818500              -0.7668583              -9.2745676
           422               0.6330857              -0.5771339              -9.2745676
           423               0.7637001              -1.5337166              -9.2745676
           424               1.2661713              -1.1542678              -9.2745676
           425               1.1455501              -2.3005748              -9.2745676
           426               1.8992571              -1.7314018              -9.2745676
           427               0.0000000               0.0000000              -9.2745676
           428               0.0000000               0.0000000              -9.2745676
           429               0.6330857              -0.5771339              -9.2745676
           430               0.7988197              -0.3094644              -9.2745676
           431               1.2661713              -1.1542678              -9.2745676
           432               1.5976394              -0.6189287              -9.2745676
           433               1.8992571              -1.7314018              -9.2745676
           434               2.3964591              -0.9283931              -9.2745676
           435               0.0000000               0.0000000              -9.2745676
           436               0.0000000               0.0000000              -9.2745676
           437               0.7988197              -0.3094644              -9.2745676
           438               0.8566685               0.0000000              -9.2745676
           439               1.5976394              -0.6189287              -9.2745676
           440               1.7133371               0.0000000              -9.2745676
           441               2.3964591              -0.9283931              -9.2745676
           442               2.5700057               0.0000000              -9.2745676
             0          0.00          0.00          0.00
               1               2              11              10
               2               3              12              11
               3               4              13              12
               4               5              14              13
               5               6              15              14
               6               7              16              15
               7               8              17              16
               8               9              18              17
              19              20              29              28
              20              21              30              29
              21              22              31              30
              22              23              32              31
              23              24              33              32
              24              25              34              33
              25              26              35              34
              26              27              36              35
              37              38              47              46
              38              39              48              47
              39              40              49              48
              40              41              50              49
              41              42              51              50
              42              43              52              51
              43              44              53              52
              44              45              54              53
              55              56              65              64
              56              57              66              65
              57              58              67              66
              58              59              68              67
              59              60              69              68
              60              61              70              69
              61              62              71              70
              62              63              72              71
              73              74              83              82
              74              75              84              83
              75              76              85              84
              76              77              86              85
              77              78              87              86
              78              79              88              87
              79              80              89              88
              80              81              90              89
              91              92             101             100
              92              93             102             101
              93              94             103             102
              94              95             104             103
              95              96             105             104
              96              97             106             105
              97              98             107             106
              98              99             108             107
             109             110             119             118
             110             111             120             119
             111             112             121             120
             112             113             122             121
             113             114             123             122
             114             115             124             123
             115             116             125             124
             116             117             126             125
             127             128             137             136
             128             129             138             137
             129             130             139             138
             130             131             140             139
             131             132             141             140
             132             133             142             141
             133             134             143             142
             134             135             144             143
             145             146             155             154
             146             147             156             155
             147             148             157             156
             148             149             158             157
             149             150             159             158
             150             151             160             159
             151             152             161             160
             152             153             162             161
             163             164             173             172
             164             165             174             173
             165             166             175             174
             166             167             176             175
             167             168             177             176
             168             169             178             177
             169             170             179             178
             170             171             180             179
             181             182             191             190
             182             183             192             191
             183             184             193             192
             184             185             194             193
             185             186             195             194
             186             187             196             195
             187             188             197             196
             188             189             198             197
             199             200             209             208
             200             201             210             209
             201             202             211             210
             202             203             212             211
             203             204             213             212
             204             205             214             213
             205             206             215             214
             206             207             216             215
             217             218             227             226
             218             219             228             227
             219             220             229             228
             220             221             230             229
             221             222             231             230
             222             223             232             231
             223             224             233             232
             224             225             234             233
             235             236             245             244
             236             237             246             245
             237             238             247             246
             238             239             248             247
             239             240             249             248
             240             241             250             249
             241             242             251             250
             242             243             252             251
             253             254             263             262
             254             255             264             263
             255             256             265             264
             256             257             266             265
             257             258             267             266
             258             259             268             267
             259             260             269             268
             260             261             270             269
             271             272             281             280
             272             273             282             281
             273             274             283             282
             274             275             284             283
             275             276             285             284
             276             277             286             285
             277             278             287             286
             278             279             288             287
             289             290             299             298
             290             291             300             299
             291             292             301             300
             292             293             302             301
             293             294             303             302
             294             295             304             303
             295             296             305             304
             296             297             306             305
             307             308             310             309
             309             310             312             311
             311             312             314             313
             315             316             318             317
             317             318             320             319
             319             320             322             321
             323             324             326             325
             325             326             328             327
             327             328             330             329
             331             332             334             333
             333             334             336             335
             335             336             338             337
             339             340             342             341
             341             342             344             343
             343             344             346             345
             347             348             350             349
             349             350             352             351
             351             352             354             353
             355             356             358             357
             357             358             360             359
             359             360             362             361
             363             364             366             365
             365             366             368             367
             367             368             370             369
             371             372             374             373
             373             374             376             375
             375             376             378             377
             379             380             382             381
             381             382             384             383
             383             384             386             385
             387             388             390             389
             389             390             392             391
             391             392             394             393
             395             396             398             397
             397             398             400             399
             399             400             402             401
             403             404             406             405
             405             406             408             407
             407             408             410             409
             411             412             414             413
             413             414             416             415
             415             416             418             417
             419             420             422             421
             421             422             424             423
             423             424             426             425
             427             428             430             429
             429             430             432             431
             431             432             434             433
             435             436             438             437
             437             438             440             439
             439             440             442             441
          0          0          0          0
