                    2          0
             1               4.3520255               1.6859837              -8.3863211
             2               4.3520255               1.6859837              -6.7090569
             3               4.3520255               1.6859837              -5.0317926
             4               4.3520255               1.6859837              -3.3545284
             5               4.3520255               1.6859837              -1.6772642
             6               4.3520255               1.6859837               0.0000000
             7               4.6671906               0.0000000              -8.3863211
             8               4.6671906               0.0000000              -6.7090569
             9               4.6671906               0.0000000              -5.0317926
            10               4.6671906               0.0000000              -3.3545284
            11               4.6671906               0.0000000              -1.6772642
            12               4.6671906               0.0000000               0.0000000
            13               3.4490955               3.1442659              -8.3863211
            14               3.4490955               3.1442659              -6.7090569
            15               3.4490955               3.1442659              -5.0317926
            16               3.4490955               3.1442659              -3.3545284
            17               3.4490955               3.1442659              -1.6772642
            18               3.4490955               3.1442659               0.0000000
            19               4.3520255               1.6859837              -8.3863211
            20               4.3520255               1.6859837              -6.7090569
            21               4.3520255               1.6859837              -5.0317926
            22               4.3520255               1.6859837              -3.3545284
            23               4.3520255               1.6859837              -1.6772642
            24               4.3520255               1.6859837               0.0000000
            25               2.0803459               4.1778975              -8.3863211
            26               2.0803459               4.1778975              -6.7090569
            27               2.0803459               4.1778975              -5.0317926
            28               2.0803459               4.1778975              -3.3545284
            29               2.0803459               4.1778975              -1.6772642
            30               2.0803459               4.1778975               0.0000000
            31               3.4490955               3.1442659              -8.3863211
            32               3.4490955               3.1442659              -6.7090569
            33               3.4490955               3.1442659              -5.0317926
            34               3.4490955               3.1442659              -3.3545284
            35               3.4490955               3.1442659              -1.6772642
            36               3.4490955               3.1442659               0.0000000
            37               0.4306340               4.6472812              -8.3863211
            38               0.4306340               4.6472812              -6.7090569
            39               0.4306340               4.6472812              -5.0317926
            40               0.4306340               4.6472812              -3.3545284
            41               0.4306340               4.6472812              -1.6772642
            42               0.4306340               4.6472812               0.0000000
            43               2.0803459               4.1778975              -8.3863211
            44               2.0803459               4.1778975              -6.7090569
            45               2.0803459               4.1778975              -5.0317926
            46               2.0803459               4.1778975              -3.3545284
            47               2.0803459               4.1778975              -1.6772642
            48               2.0803459               4.1778975               0.0000000
            49              -1.2772373               4.4890232              -8.3863211
            50              -1.2772373               4.4890232              -6.7090569
            51              -1.2772373               4.4890232              -5.0317926
            52              -1.2772373               4.4890232              -3.3545284
            53              -1.2772373               4.4890232              -1.6772642
            54              -1.2772373               4.4890232               0.0000000
            55               0.4306340               4.6472812              -8.3863211
            56               0.4306340               4.6472812              -6.7090569
            57               0.4306340               4.6472812              -5.0317926
            58               0.4306340               4.6472812              -3.3545284
            59               0.4306340               4.6472812              -1.6772642
            60               0.4306340               4.6472812               0.0000000
            61              -2.8126106               3.7244985              -8.3863211
            62              -2.8126106               3.7244985              -6.7090569
            63              -2.8126106               3.7244985              -5.0317926
            64              -2.8126106               3.7244985              -3.3545284
            65              -2.8126106               3.7244985              -1.6772642
            66              -2.8126106               3.7244985               0.0000000
            67              -1.2772373               4.4890232              -8.3863211
            68              -1.2772373               4.4890232              -6.7090569
            69              -1.2772373               4.4890232              -5.0317926
            70              -1.2772373               4.4890232              -3.3545284
            71              -1.2772373               4.4890232              -1.6772642
            72              -1.2772373               4.4890232               0.0000000
            73              -3.9681253               2.4569592              -8.3863211
            74              -3.9681253               2.4569592              -6.7090569
            75              -3.9681253               2.4569592              -5.0317926
            76              -3.9681253               2.4569592              -3.3545284
            77              -3.9681253               2.4569592              -1.6772642
            78              -3.9681253               2.4569592               0.0000000
            79              -2.8126106               3.7244985              -8.3863211
            80              -2.8126106               3.7244985              -6.7090569
            81              -2.8126106               3.7244985              -5.0317926
            82              -2.8126106               3.7244985              -3.3545284
            83              -2.8126106               3.7244985              -1.6772642
            84              -2.8126106               3.7244985               0.0000000
            85              -4.5877228               0.8575940              -8.3863211
            86              -4.5877228               0.8575940              -6.7090569
            87              -4.5877228               0.8575940              -5.0317926
            88              -4.5877228               0.8575940              -3.3545284
            89              -4.5877228               0.8575940              -1.6772642
            90              -4.5877228               0.8575940               0.0000000
            91              -3.9681253               2.4569592              -8.3863211
            92              -3.9681253               2.4569592              -6.7090569
            93              -3.9681253               2.4569592              -5.0317926
            94              -3.9681253               2.4569592              -3.3545284
            95              -3.9681253               2.4569592              -1.6772642
            96              -3.9681253               2.4569592               0.0000000
            97              -4.5877228              -0.8575940              -8.3863211
            98              -4.5877228              -0.8575940              -6.7090569
            99              -4.5877228              -0.8575940              -5.0317926
           100              -4.5877228              -0.8575940              -3.3545284
           101              -4.5877228              -0.8575940              -1.6772642
           102              -4.5877228              -0.8575940               0.0000000
           103              -4.5877228               0.8575940              -8.3863211
           104              -4.5877228               0.8575940              -6.7090569
           105              -4.5877228               0.8575940              -5.0317926
           106              -4.5877228               0.8575940              -3.3545284
           107              -4.5877228               0.8575940              -1.6772642
           108              -4.5877228               0.8575940               0.0000000
           109              -3.9681253              -2.4569592              -8.3863211
           110              -3.9681253              -2.4569592              -6.7090569
           111              -3.9681253              -2.4569592              -5.0317926
           112              -3.9681253              -2.4569592              -3.3545284
           113              -3.9681253              -2.4569592              -1.6772642
           114              -3.9681253              -2.4569592               0.0000000
           115              -4.5877228              -0.8575940              -8.3863211
           116              -4.5877228              -0.8575940              -6.7090569
           117              -4.5877228              -0.8575940              -5.0317926
           118              -4.5877228              -0.8575940              -3.3545284
           119              -4.5877228              -0.8575940              -1.6772642
           120              -4.5877228              -0.8575940               0.0000000
           121              -2.8126106              -3.7244985              -8.3863211
           122              -2.8126106              -3.7244985              -6.7090569
           123              -2.8126106              -3.7244985              -5.0317926
           124              -2.8126106              -3.7244985              -3.3545284
           125              -2.8126106              -3.7244985              -1.6772642
           126              -2.8126106              -3.7244985               0.0000000
           127              -3.9681253              -2.4569592              -8.3863211
           128              -3.9681253              -2.4569592              -6.7090569
           129              -3.9681253              -2.4569592              -5.0317926
           130              -3.9681253              -2.4569592              -3.3545284
           131              -3.9681253              -2.4569592              -1.6772642
           132              -3.9681253              -2.4569592               0.0000000
           133              -1.2772373              -4.4890232              -8.3863211
           134              -1.2772373              -4.4890232              -6.7090569
           135              -1.2772373              -4.4890232              -5.0317926
           136              -1.2772373              -4.4890232              -3.3545284
           137              -1.2772373              -4.4890232              -1.6772642
           138              -1.2772373              -4.4890232               0.0000000
           139              -2.8126106              -3.7244985              -8.3863211
           140              -2.8126106              -3.7244985              -6.7090569
           141              -2.8126106              -3.7244985              -5.0317926
           142              -2.8126106              -3.7244985              -3.3545284
           143              -2.8126106              -3.7244985              -1.6772642
           144              -2.8126106              -3.7244985               0.0000000
           145               0.4306340              -4.6472812              -8.3863211
           146               0.4306340              -4.6472812              -6.7090569
           147               0.4306340              -4.6472812              -5.0317926
           148               0.4306340              -4.6472812              -3.3545284
           149               0.4306340              -4.6472812              -1.6772642
           150               0.4306340              -4.6472812               0.0000000
           151              -1.2772373              -4.4890232              -8.3863211
           152              -1.2772373              -4.4890232              -6.7090569
           153              -1.2772373              -4.4890232              -5.0317926
           154              -1.2772373              -4.4890232              -3.3545284
           155              -1.2772373              -4.4890232              -1.6772642
           156              -1.2772373              -4.4890232               0.0000000
           157               2.0803459              -4.1778975              -8.3863211
           158               2.0803459              -4.1778975              -6.7090569
           159               2.0803459              -4.1778975              -5.0317926
           160               2.0803459              -4.1778975              -3.3545284
           161               2.0803459              -4.1778975              -1.6772642
           162               2.0803459              -4.1778975               0.0000000
           163               0.4306340              -4.6472812              -8.3863211
           164               0.4306340              -4.6472812              -6.7090569
           165               0.4306340              -4.6472812              -5.0317926
           166               0.4306340              -4.6472812              -3.3545284
           167               0.4306340              -4.6472812              -1.6772642
           168               0.4306340              -4.6472812               0.0000000
           169               3.4490955              -3.1442659              -8.3863211
           170               3.4490955              -3.1442659              -6.7090569
           171               3.4490955              -3.1442659              -5.0317926
           172               3.4490955              -3.1442659              -3.3545284
           173               3.4490955              -3.1442659              -1.6772642
           174               3.4490955              -3.1442659               0.0000000
           175               2.0803459              -4.1778975              -8.3863211
           176               2.0803459              -4.1778975              -6.7090569
           177               2.0803459              -4.1778975              -5.0317926
           178               2.0803459              -4.1778975              -3.3545284
           179               2.0803459              -4.1778975              -1.6772642
           180               2.0803459              -4.1778975               0.0000000
           181               4.3520255              -1.6859837              -8.3863211
           182               4.3520255              -1.6859837              -6.7090569
           183               4.3520255              -1.6859837              -5.0317926
           184               4.3520255              -1.6859837              -3.3545284
           185               4.3520255              -1.6859837              -1.6772642
           186               4.3520255              -1.6859837               0.0000000
           187               3.4490955              -3.1442659              -8.3863211
           188               3.4490955              -3.1442659              -6.7090569
           189               3.4490955              -3.1442659              -5.0317926
           190               3.4490955              -3.1442659              -3.3545284
           191               3.4490955              -3.1442659              -1.6772642
           192               3.4490955              -3.1442659               0.0000000
           193               4.6671906               0.0000000              -8.3863211
           194               4.6671906               0.0000000              -6.7090569
           195               4.6671906               0.0000000              -5.0317926
           196               4.6671906               0.0000000              -3.3545284
           197               4.6671906               0.0000000              -1.6772642
           198               4.6671906               0.0000000               0.0000000
           199               4.3520255              -1.6859837              -8.3863211
           200               4.3520255              -1.6859837              -6.7090569
           201               4.3520255              -1.6859837              -5.0317926
           202               4.3520255              -1.6859837              -3.3545284
           203               4.3520255              -1.6859837              -1.6772642
           204               4.3520255              -1.6859837               0.0000000
           205               0.0000000               0.0000000              -8.3863211
           206               0.0000000               0.0000000              -8.3863211
           207               1.5557302               0.0000000              -8.3863211
           208               1.4506751               0.5619946              -8.3863211
           209               3.1114604               0.0000000              -8.3863211
           210               2.9013503               1.1239891              -8.3863211
           211               4.6671906               0.0000000              -8.3863211
           212               4.3520255               1.6859837              -8.3863211
           213               0.0000000               0.0000000              -8.3863211
           214               0.0000000               0.0000000              -8.3863211
           215               1.4506751               0.5619946              -8.3863211
           216               1.1496985               1.0480887              -8.3863211
           217               2.9013503               1.1239891              -8.3863211
           218               2.2993970               2.0961773              -8.3863211
           219               4.3520255               1.6859837              -8.3863211
           220               3.4490955               3.1442659              -8.3863211
           221               0.0000000               0.0000000              -8.3863211
           222               0.0000000               0.0000000              -8.3863211
           223               1.1496985               1.0480887              -8.3863211
           224               0.6934486               1.3926325              -8.3863211
           225               2.2993970               2.0961773              -8.3863211
           226               1.3868972               2.7852650              -8.3863211
           227               3.4490955               3.1442659              -8.3863211
           228               2.0803459               4.1778975              -8.3863211
           229               0.0000000               0.0000000              -8.3863211
           230               0.0000000               0.0000000              -8.3863211
           231               0.6934486               1.3926325              -8.3863211
           232               0.1435447               1.5490937              -8.3863211
           233               1.3868972               2.7852650              -8.3863211
           234               0.2870893               3.0981874              -8.3863211
           235               2.0803459               4.1778975              -8.3863211
           236               0.4306340               4.6472812              -8.3863211
           237               0.0000000               0.0000000              -8.3863211
           238               0.0000000               0.0000000              -8.3863211
           239               0.1435447               1.5490937              -8.3863211
           240              -0.4257457               1.4963411              -8.3863211
           241               0.2870893               3.0981874              -8.3863211
           242              -0.8514915               2.9926822              -8.3863211
           243               0.4306340               4.6472812              -8.3863211
           244              -1.2772373               4.4890232              -8.3863211
           245               0.0000000               0.0000000              -8.3863211
           246               0.0000000               0.0000000              -8.3863211
           247              -0.4257458               1.4963411              -8.3863211
           248              -0.9375368               1.2414995              -8.3863211
           249              -0.8514915               2.9926822              -8.3863211
           250              -1.8750737               2.4829991              -8.3863211
           251              -1.2772373               4.4890232              -8.3863211
           252              -2.8126106               3.7244985              -8.3863211
           253               0.0000000               0.0000000              -8.3863211
           254               0.0000000               0.0000000              -8.3863211
           255              -0.9375369               1.2414995              -8.3863211
           256              -1.3227085               0.8189864              -8.3863211
           257              -1.8750738               2.4829991              -8.3863211
           258              -2.6454170               1.6379728              -8.3863211
           259              -2.8126106               3.7244985              -8.3863211
           260              -3.9681253               2.4569592              -8.3863211
           261               0.0000000               0.0000000              -8.3863211
           262               0.0000000               0.0000000              -8.3863211
           263              -1.3227085               0.8189864              -8.3863211
           264              -1.5292410               0.2858647              -8.3863211
           265              -2.6454170               1.6379728              -8.3863211
           266              -3.0584819               0.5717294              -8.3863211
           267              -3.9681253               2.4569592              -8.3863211
           268              -4.5877228               0.8575940              -8.3863211
           269               0.0000000               0.0000000              -8.3863211
           270               0.0000000               0.0000000              -8.3863211
           271              -1.5292410               0.2858647              -8.3863211
           272              -1.5292410              -0.2858647              -8.3863211
           273              -3.0584819               0.5717294              -8.3863211
           274              -3.0584819              -0.5717294              -8.3863211
           275              -4.5877228               0.8575940              -8.3863211
           276              -4.5877228              -0.8575940              -8.3863211
           277               0.0000000               0.0000000              -8.3863211
           278               0.0000000               0.0000000              -8.3863211
           279              -1.5292410              -0.2858647              -8.3863211
           280              -1.3227085              -0.8189864              -8.3863211
           281              -3.0584819              -0.5717294              -8.3863211
           282              -2.6454170              -1.6379728              -8.3863211
           283              -4.5877228              -0.8575940              -8.3863211
           284              -3.9681253              -2.4569592              -8.3863211
           285               0.0000000               0.0000000              -8.3863211
           286               0.0000000               0.0000000              -8.3863211
           287              -1.3227085              -0.8189864              -8.3863211
           288              -0.9375369              -1.2414995              -8.3863211
           289              -2.6454170              -1.6379728              -8.3863211
           290              -1.8750738              -2.4829991              -8.3863211
           291              -3.9681253              -2.4569592              -8.3863211
           292              -2.8126106              -3.7244985              -8.3863211
           293               0.0000000               0.0000000              -8.3863211
           294               0.0000000               0.0000000              -8.3863211
           295              -0.9375369              -1.2414995              -8.3863211
           296              -0.4257458              -1.4963411              -8.3863211
           297              -1.8750738              -2.4829991              -8.3863211
           298              -0.8514916              -2.9926822              -8.3863211
           299              -2.8126106              -3.7244985              -8.3863211
           300              -1.2772373              -4.4890232              -8.3863211
           301               0.0000000               0.0000000              -8.3863211
           302               0.0000000               0.0000000              -8.3863211
           303              -0.4257458              -1.4963411              -8.3863211
           304               0.1435446              -1.5490937              -8.3863211
           305              -0.8514915              -2.9926822              -8.3863211
           306               0.2870893              -3.0981874              -8.3863211
           307              -1.2772373              -4.4890232              -8.3863211
           308               0.4306340              -4.6472812              -8.3863211
           309               0.0000000               0.0000000              -8.3863211
           310               0.0000000               0.0000000              -8.3863211
           311               0.1435447              -1.5490937              -8.3863211
           312               0.6934486              -1.3926325              -8.3863211
           313               0.2870893              -3.0981874              -8.3863211
           314               1.3868972              -2.7852650              -8.3863211
           315               0.4306340              -4.6472812              -8.3863211
           316               2.0803459              -4.1778975              -8.3863211
           317               0.0000000               0.0000000              -8.3863211
           318               0.0000000               0.0000000              -8.3863211
           319               0.6934486              -1.3926325              -8.3863211
           320               1.1496985              -1.0480887              -8.3863211
           321               1.3868972              -2.7852650              -8.3863211
           322               2.2993970              -2.0961773              -8.3863211
           323               2.0803459              -4.1778975              -8.3863211
           324               3.4490955              -3.1442659              -8.3863211
           325               0.0000000               0.0000000              -8.3863211
           326               0.0000000               0.0000000              -8.3863211
           327               1.1496985              -1.0480887              -8.3863211
           328               1.4506751              -0.5619946              -8.3863211
           329               2.2993970              -2.0961773              -8.3863211
           330               2.9013503              -1.1239891              -8.3863211
           331               3.4490955              -3.1442659              -8.3863211
           332               4.3520255              -1.6859837              -8.3863211
           333               0.0000000               0.0000000              -8.3863211
           334               0.0000000               0.0000000              -8.3863211
           335               1.4506751              -0.5619946              -8.3863211
           336               1.5557302               0.0000000              -8.3863211
           337               2.9013503              -1.1239891              -8.3863211
           338               3.1114604               0.0000000              -8.3863211
           339               4.3520255              -1.6859837              -8.3863211
           340               4.6671906               0.0000000              -8.3863211
             0          0.00          0.00          0.00
               1               2               8               7
               2               3               9               8
               3               4              10               9
               4               5              11              10
               5               6              12              11
              13              14              20              19
              14              15              21              20
              15              16              22              21
              16              17              23              22
              17              18              24              23
              25              26              32              31
              26              27              33              32
              27              28              34              33
              28              29              35              34
              29              30              36              35
              37              38              44              43
              38              39              45              44
              39              40              46              45
              40              41              47              46
              41              42              48              47
              49              50              56              55
              50              51              57              56
              51              52              58              57
              52              53              59              58
              53              54              60              59
              61              62              68              67
              62              63              69              68
              63              64              70              69
              64              65              71              70
              65              66              72              71
              73              74              80              79
              74              75              81              80
              75              76              82              81
              76              77              83              82
              77              78              84              83
              85              86              92              91
              86              87              93              92
              87              88              94              93
              88              89              95              94
              89              90              96              95
              97              98             104             103
              98              99             105             104
              99             100             106             105
             100             101             107             106
             101             102             108             107
             109             110             116             115
             110             111             117             116
             111             112             118             117
             112             113             119             118
             113             114             120             119
             121             122             128             127
             122             123             129             128
             123             124             130             129
             124             125             131             130
             125             126             132             131
             133             134             140             139
             134             135             141             140
             135             136             142             141
             136             137             143             142
             137             138             144             143
             145             146             152             151
             146             147             153             152
             147             148             154             153
             148             149             155             154
             149             150             156             155
             157             158             164             163
             158             159             165             164
             159             160             166             165
             160             161             167             166
             161             162             168             167
             169             170             176             175
             170             171             177             176
             171             172             178             177
             172             173             179             178
             173             174             180             179
             181             182             188             187
             182             183             189             188
             183             184             190             189
             184             185             191             190
             185             186             192             191
             193             194             200             199
             194             195             201             200
             195             196             202             201
             196             197             203             202
             197             198             204             203
             205             206             208             207
             207             208             210             209
             209             210             212             211
             213             214             216             215
             215             216             218             217
             217             218             220             219
             221             222             224             223
             223             224             226             225
             225             226             228             227
             229             230             232             231
             231             232             234             233
             233             234             236             235
             237             238             240             239
             239             240             242             241
             241             242             244             243
             245             246             248             247
             247             248             250             249
             249             250             252             251
             253             254             256             255
             255             256             258             257
             257             258             260             259
             261             262             264             263
             263             264             266             265
             265             266             268             267
             269             270             272             271
             271             272             274             273
             273             274             276             275
             277             278             280             279
             279             280             282             281
             281             282             284             283
             285             286             288             287
             287             288             290             289
             289             290             292             291
             293             294             296             295
             295             296             298             297
             297             298             300             299
             301             302             304             303
             303             304             306             305
             305             306             308             307
             309             310             312             311
             311             312             314             313
             313             314             316             315
             317             318             320             319
             319             320             322             321
             321             322             324             323
             325             326             328             327
             327             328             330             329
             329             330             332             331
             333             334             336             335
             335             336             338             337
             337             338             340             339
          0          0          0          0
