                    2          0
             1              -2.5570903               4.3015075              -1.9536695
             2              -2.5570903               4.3015075              -1.3024464
             3              -2.5570903               4.3015075              -0.6512232
             4              -2.5570903               4.3015075               0.0000000
             5              -1.8264930               4.3015075              -1.9536695
             6              -1.8264930               4.3015075              -1.3024464
             7              -1.8264930               4.3015075              -0.6512232
             8              -1.8264930               4.3015075               0.0000000
             9              -1.0958959               4.3015075              -1.9536695
            10              -1.0958959               4.3015075              -1.3024464
            11              -1.0958959               4.3015075              -0.6512232
            12              -1.0958959               4.3015075               0.0000000
            13              -0.3652985               4.3015075              -1.9536695
            14              -0.3652985               4.3015075              -1.3024464
            15              -0.3652985               4.3015075              -0.6512232
            16              -0.3652985               4.3015075               0.0000000
            17               0.3652985               4.3015075              -1.9536695
            18               0.3652985               4.3015075              -1.3024464
            19               0.3652985               4.3015075              -0.6512232
            20               0.3652985               4.3015075               0.0000000
            21               1.0958960               4.3015075              -1.9536695
            22               1.0958960               4.3015075              -1.3024464
            23               1.0958960               4.3015075              -0.6512232
            24               1.0958960               4.3015075               0.0000000
            25               1.8264933               4.3015075              -1.9536695
            26               1.8264933               4.3015075              -1.3024464
            27               1.8264933               4.3015075              -0.6512232
            28               1.8264933               4.3015075               0.0000000
            29               2.5570903               4.3015075              -1.9536695
            30               2.5570903               4.3015075              -1.3024464
            31               2.5570903               4.3015075              -0.6512232
            32               2.5570903               4.3015075               0.0000000
            33               2.5570903               4.3015075              -1.9536695
            34               2.5570903               4.3015075              -1.3024464
            35               2.5570903               4.3015075              -0.6512232
            36               2.5570903               4.3015075               0.0000000
            37               2.5570903               3.5194151              -1.9536695
            38               2.5570903               3.5194151              -1.3024464
            39               2.5570903               3.5194151              -0.6512232
            40               2.5570903               3.5194151               0.0000000
            41               2.5570903               2.7373228              -1.9536695
            42               2.5570903               2.7373228              -1.3024464
            43               2.5570903               2.7373228              -0.6512232
            44               2.5570903               2.7373228               0.0000000
            45               2.5570903               1.9552307              -1.9536695
            46               2.5570903               1.9552307              -1.3024464
            47               2.5570903               1.9552307              -0.6512232
            48               2.5570903               1.9552307               0.0000000
            49               2.5570903               1.1731384              -1.9536695
            50               2.5570903               1.1731384              -1.3024464
            51               2.5570903               1.1731384              -0.6512232
            52               2.5570903               1.1731384               0.0000000
            53               2.5570903               0.3910460              -1.9536695
            54               2.5570903               0.3910460              -1.3024464
            55               2.5570903               0.3910460              -0.6512232
            56               2.5570903               0.3910460               0.0000000
            57               2.5570903              -0.3910460              -1.9536695
            58               2.5570903              -0.3910460              -1.3024464
            59               2.5570903              -0.3910460              -0.6512232
            60               2.5570903              -0.3910460               0.0000000
            61               2.5570903              -1.1731381              -1.9536695
            62               2.5570903              -1.1731381              -1.3024464
            63               2.5570903              -1.1731381              -0.6512232
            64               2.5570903              -1.1731381               0.0000000
            65               2.5570903              -1.9552307              -1.9536695
            66               2.5570903              -1.9552307              -1.3024464
            67               2.5570903              -1.9552307              -0.6512232
            68               2.5570903              -1.9552307               0.0000000
            69               2.5570903              -2.7373228              -1.9536695
            70               2.5570903              -2.7373228              -1.3024464
            71               2.5570903              -2.7373228              -0.6512232
            72               2.5570903              -2.7373228               0.0000000
            73               2.5570903              -3.5194154              -1.9536695
            74               2.5570903              -3.5194154              -1.3024464
            75               2.5570903              -3.5194154              -0.6512232
            76               2.5570903              -3.5194154               0.0000000
            77               2.5570903              -4.3015075              -1.9536695
            78               2.5570903              -4.3015075              -1.3024464
            79               2.5570903              -4.3015075              -0.6512232
            80               2.5570903              -4.3015075               0.0000000
            81               2.5570903              -4.3015075              -1.9536695
            82               2.5570903              -4.3015075              -1.3024464
            83               2.5570903              -4.3015075              -0.6512232
            84               2.5570903              -4.3015075               0.0000000
            85               1.8264930              -4.3015075              -1.9536695
            86               1.8264930              -4.3015075              -1.3024464
            87               1.8264930              -4.3015075              -0.6512232
            88               1.8264930              -4.3015075               0.0000000
            89               1.0958959              -4.3015075              -1.9536695
            90               1.0958959              -4.3015075              -1.3024464
            91               1.0958959              -4.3015075              -0.6512232
            92               1.0958959              -4.3015075               0.0000000
            93               0.3652985              -4.3015075              -1.9536695
            94               0.3652985              -4.3015075              -1.3024464
            95               0.3652985              -4.3015075              -0.6512232
            96               0.3652985              -4.3015075               0.0000000
            97              -0.3652985              -4.3015075              -1.9536695
            98              -0.3652985              -4.3015075              -1.3024464
            99              -0.3652985              -4.3015075              -0.6512232
           100              -0.3652985              -4.3015075               0.0000000
           101              -1.0958960              -4.3015075              -1.9536695
           102              -1.0958960              -4.3015075              -1.3024464
           103              -1.0958960              -4.3015075              -0.6512232
           104              -1.0958960              -4.3015075               0.0000000
           105              -1.8264933              -4.3015075              -1.9536695
           106              -1.8264933              -4.3015075              -1.3024464
           107              -1.8264933              -4.3015075              -0.6512232
           108              -1.8264933              -4.3015075               0.0000000
           109              -2.5570903              -4.3015075              -1.9536695
           110              -2.5570903              -4.3015075              -1.3024464
           111              -2.5570903              -4.3015075              -0.6512232
           112              -2.5570903              -4.3015075               0.0000000
           113              -2.5570903              -4.3015075              -1.9536695
           114              -2.5570903              -4.3015075              -1.3024464
           115              -2.5570903              -4.3015075              -0.6512232
           116              -2.5570903              -4.3015075               0.0000000
           117              -2.5570903              -3.5194151              -1.9536695
           118              -2.5570903              -3.5194151              -1.3024464
           119              -2.5570903              -3.5194151              -0.6512232
           120              -2.5570903              -3.5194151               0.0000000
           121              -2.5570903              -2.7373228              -1.9536695
           122              -2.5570903              -2.7373228              -1.3024464
           123              -2.5570903              -2.7373228              -0.6512232
           124              -2.5570903              -2.7373228               0.0000000
           125              -2.5570903              -1.9552307              -1.9536695
           126              -2.5570903              -1.9552307              -1.3024464
           127              -2.5570903              -1.9552307              -0.6512232
           128              -2.5570903              -1.9552307               0.0000000
           129              -2.5570903              -1.1731384              -1.9536695
           130              -2.5570903              -1.1731384              -1.3024464
           131              -2.5570903              -1.1731384              -0.6512232
           132              -2.5570903              -1.1731384               0.0000000
           133              -2.5570903              -0.3910460              -1.9536695
           134              -2.5570903              -0.3910460              -1.3024464
           135              -2.5570903              -0.3910460              -0.6512232
           136              -2.5570903              -0.3910460               0.0000000
           137              -2.5570903               0.3910460              -1.9536695
           138              -2.5570903               0.3910460              -1.3024464
           139              -2.5570903               0.3910460              -0.6512232
           140              -2.5570903               0.3910460               0.0000000
           141              -2.5570903               1.1731381              -1.9536695
           142              -2.5570903               1.1731381              -1.3024464
           143              -2.5570903               1.1731381              -0.6512232
           144              -2.5570903               1.1731381               0.0000000
           145              -2.5570903               1.9552307              -1.9536695
           146              -2.5570903               1.9552307              -1.3024464
           147              -2.5570903               1.9552307              -0.6512232
           148              -2.5570903               1.9552307               0.0000000
           149              -2.5570903               2.7373228              -1.9536695
           150              -2.5570903               2.7373228              -1.3024464
           151              -2.5570903               2.7373228              -0.6512232
           152              -2.5570903               2.7373228               0.0000000
           153              -2.5570903               3.5194154              -1.9536695
           154              -2.5570903               3.5194154              -1.3024464
           155              -2.5570903               3.5194154              -0.6512232
           156              -2.5570903               3.5194154               0.0000000
           157              -2.5570903               4.3015075              -1.9536695
           158              -2.5570903               4.3015075              -1.3024464
           159              -2.5570903               4.3015075              -0.6512232
           160              -2.5570903               4.3015075               0.0000000
           161               2.5570903              -4.3015075              -1.9536695
           162               1.8264930              -4.3015075              -1.9536695
           163               1.0958959              -4.3015075              -1.9536695
           164               0.3652985              -4.3015075              -1.9536695
           165              -0.3652985              -4.3015075              -1.9536695
           166              -1.0958960              -4.3015075              -1.9536695
           167              -1.8264933              -4.3015075              -1.9536695
           168              -2.5570903              -4.3015075              -1.9536695
           169               2.5570903              -3.5194151              -1.9536695
           170               1.8264930              -3.5194151              -1.9536695
           171               1.0958959              -3.5194151              -1.9536695
           172               0.3652985              -3.5194151              -1.9536695
           173              -0.3652985              -3.5194151              -1.9536695
           174              -1.0958960              -3.5194151              -1.9536695
           175              -1.8264933              -3.5194151              -1.9536695
           176              -2.5570903              -3.5194151              -1.9536695
           177               2.5570903              -2.7373228              -1.9536695
           178               1.8264930              -2.7373228              -1.9536695
           179               1.0958959              -2.7373228              -1.9536695
           180               0.3652985              -2.7373228              -1.9536695
           181              -0.3652985              -2.7373228              -1.9536695
           182              -1.0958960              -2.7373228              -1.9536695
           183              -1.8264933              -2.7373228              -1.9536695
           184              -2.5570903              -2.7373228              -1.9536695
           185               2.5570903              -1.9552307              -1.9536695
           186               1.8264930              -1.9552307              -1.9536695
           187               1.0958959              -1.9552307              -1.9536695
           188               0.3652985              -1.9552307              -1.9536695
           189              -0.3652985              -1.9552307              -1.9536695
           190              -1.0958960              -1.9552307              -1.9536695
           191              -1.8264933              -1.9552307              -1.9536695
           192              -2.5570903              -1.9552307              -1.9536695
           193               2.5570903              -1.1731384              -1.9536695
           194               1.8264930              -1.1731384              -1.9536695
           195               1.0958959              -1.1731384              -1.9536695
           196               0.3652985              -1.1731384              -1.9536695
           197              -0.3652985              -1.1731384              -1.9536695
           198              -1.0958960              -1.1731384              -1.9536695
           199              -1.8264933              -1.1731384              -1.9536695
           200              -2.5570903              -1.1731384              -1.9536695
           201               2.5570903              -0.3910460              -1.9536695
           202               1.8264930              -0.3910460              -1.9536695
           203               1.0958959              -0.3910460              -1.9536695
           204               0.3652985              -0.3910460              -1.9536695
           205              -0.3652985              -0.3910460              -1.9536695
           206              -1.0958960              -0.3910460              -1.9536695
           207              -1.8264933              -0.3910460              -1.9536695
           208              -2.5570903              -0.3910460              -1.9536695
           209               2.5570903               0.3910460              -1.9536695
           210               1.8264930               0.3910460              -1.9536695
           211               1.0958959               0.3910460              -1.9536695
           212               0.3652985               0.3910460              -1.9536695
           213              -0.3652985               0.3910460              -1.9536695
           214              -1.0958960               0.3910460              -1.9536695
           215              -1.8264933               0.3910460              -1.9536695
           216              -2.5570903               0.3910460              -1.9536695
           217               2.5570903               1.1731381              -1.9536695
           218               1.8264930               1.1731381              -1.9536695
           219               1.0958959               1.1731381              -1.9536695
           220               0.3652985               1.1731381              -1.9536695
           221              -0.3652985               1.1731381              -1.9536695
           222              -1.0958960               1.1731381              -1.9536695
           223              -1.8264933               1.1731381              -1.9536695
           224              -2.5570903               1.1731381              -1.9536695
           225               2.5570903               1.9552307              -1.9536695
           226               1.8264930               1.9552307              -1.9536695
           227               1.0958959               1.9552307              -1.9536695
           228               0.3652985               1.9552307              -1.9536695
           229              -0.3652985               1.9552307              -1.9536695
           230              -1.0958960               1.9552307              -1.9536695
           231              -1.8264933               1.9552307              -1.9536695
           232              -2.5570903               1.9552307              -1.9536695
           233               2.5570903               2.7373228              -1.9536695
           234               1.8264930               2.7373228              -1.9536695
           235               1.0958959               2.7373228              -1.9536695
           236               0.3652985               2.7373228              -1.9536695
           237              -0.3652985               2.7373228              -1.9536695
           238              -1.0958960               2.7373228              -1.9536695
           239              -1.8264933               2.7373228              -1.9536695
           240              -2.5570903               2.7373228              -1.9536695
           241               2.5570903               3.5194154              -1.9536695
           242               1.8264930               3.5194154              -1.9536695
           243               1.0958959               3.5194154              -1.9536695
           244               0.3652985               3.5194154              -1.9536695
           245              -0.3652985               3.5194154              -1.9536695
           246              -1.0958960               3.5194154              -1.9536695
           247              -1.8264933               3.5194154              -1.9536695
           248              -2.5570903               3.5194154              -1.9536695
           249               2.5570903               4.3015075              -1.9536695
           250               1.8264930               4.3015075              -1.9536695
           251               1.0958959               4.3015075              -1.9536695
           252               0.3652985               4.3015075              -1.9536695
           253              -0.3652985               4.3015075              -1.9536695
           254              -1.0958960               4.3015075              -1.9536695
           255              -1.8264933               4.3015075              -1.9536695
           256              -2.5570903               4.3015075              -1.9536695
             0          0.00          0.00          0.00
               1               2               6               5
               2               3               7               6
               3               4               8               7
               5               6              10               9
               6               7              11              10
               7               8              12              11
               9              10              14              13
              10              11              15              14
              11              12              16              15
              13              14              18              17
              14              15              19              18
              15              16              20              19
              17              18              22              21
              18              19              23              22
              19              20              24              23
              21              22              26              25
              22              23              27              26
              23              24              28              27
              25              26              30              29
              26              27              31              30
              27              28              32              31
              33              34              38              37
              34              35              39              38
              35              36              40              39
              37              38              42              41
              38              39              43              42
              39              40              44              43
              41              42              46              45
              42              43              47              46
              43              44              48              47
              45              46              50              49
              46              47              51              50
              47              48              52              51
              49              50              54              53
              50              51              55              54
              51              52              56              55
              53              54              58              57
              54              55              59              58
              55              56              60              59
              57              58              62              61
              58              59              63              62
              59              60              64              63
              61              62              66              65
              62              63              67              66
              63              64              68              67
              65              66              70              69
              66              67              71              70
              67              68              72              71
              69              70              74              73
              70              71              75              74
              71              72              76              75
              73              74              78              77
              74              75              79              78
              75              76              80              79
              81              82              86              85
              82              83              87              86
              83              84              88              87
              85              86              90              89
              86              87              91              90
              87              88              92              91
              89              90              94              93
              90              91              95              94
              91              92              96              95
              93              94              98              97
              94              95              99              98
              95              96             100              99
              97              98             102             101
              98              99             103             102
              99             100             104             103
             101             102             106             105
             102             103             107             106
             103             104             108             107
             105             106             110             109
             106             107             111             110
             107             108             112             111
             113             114             118             117
             114             115             119             118
             115             116             120             119
             117             118             122             121
             118             119             123             122
             119             120             124             123
             121             122             126             125
             122             123             127             126
             123             124             128             127
             125             126             130             129
             126             127             131             130
             127             128             132             131
             129             130             134             133
             130             131             135             134
             131             132             136             135
             133             134             138             137
             134             135             139             138
             135             136             140             139
             137             138             142             141
             138             139             143             142
             139             140             144             143
             141             142             146             145
             142             143             147             146
             143             144             148             147
             145             146             150             149
             146             147             151             150
             147             148             152             151
             149             150             154             153
             150             151             155             154
             151             152             156             155
             153             154             158             157
             154             155             159             158
             155             156             160             159
             161             162             170             169
             162             163             171             170
             163             164             172             171
             164             165             173             172
             165             166             174             173
             166             167             175             174
             167             168             176             175
             169             170             178             177
             170             171             179             178
             171             172             180             179
             172             173             181             180
             173             174             182             181
             174             175             183             182
             175             176             184             183
             177             178             186             185
             178             179             187             186
             179             180             188             187
             180             181             189             188
             181             182             190             189
             182             183             191             190
             183             184             192             191
             185             186             194             193
             186             187             195             194
             187             188             196             195
             188             189             197             196
             189             190             198             197
             190             191             199             198
             191             192             200             199
             193             194             202             201
             194             195             203             202
             195             196             204             203
             196             197             205             204
             197             198             206             205
             198             199             207             206
             199             200             208             207
             201             202             210             209
             202             203             211             210
             203             204             212             211
             204             205             213             212
             205             206             214             213
             206             207             215             214
             207             208             216             215
             209             210             218             217
             210             211             219             218
             211             212             220             219
             212             213             221             220
             213             214             222             221
             214             215             223             222
             215             216             224             223
             217             218             226             225
             218             219             227             226
             219             220             228             227
             220             221             229             228
             221             222             230             229
             222             223             231             230
             223             224             232             231
             225             226             234             233
             226             227             235             234
             227             228             236             235
             228             229             237             236
             229             230             238             237
             230             231             239             238
             231             232             240             239
             233             234             242             241
             234             235             243             242
             235             236             244             243
             236             237             245             244
             237             238             246             245
             238             239             247             246
             239             240             248             247
             241             242             250             249
             242             243             251             250
             243             244             252             251
             244             245             253             252
             245             246             254             253
             246             247             255             254
             247             248             256             255
          0          0          0          0
