                    2          0
             1               0.0000000               0.0000000              -7.7048473
             2               0.2231547               0.0864506              -7.0044069
             3               0.4463094               0.1729012              -6.3039660
             4               0.6694642               0.2593518              -5.6035252
             5               0.8926189               0.3458024              -4.9030848
             6               1.1157737               0.4322530              -4.2026439
             7               1.3389283               0.5187036              -3.5022035
             8               1.5620830               0.6051542              -2.8017631
             9               1.7852378               0.6916048              -2.1013222
            10               2.0083926               0.7780554              -1.4008813
            11               2.2315474               0.8645059              -0.7004404
            12               2.4547019               0.9509566               0.0000000
            13               0.0000000               0.0000000              -7.7048473
            14               0.2393151               0.0000000              -7.0044069
            15               0.4786303               0.0000000              -6.3039660
            16               0.7179455               0.0000000              -5.6035252
            17               0.9572605               0.0000000              -4.9030848
            18               1.1965756               0.0000000              -4.2026439
            19               1.4358909               0.0000000              -3.5022035
            20               1.6752059               0.0000000              -2.8017631
            21               1.9145211               0.0000000              -2.1013222
            22               2.1538363               0.0000000              -1.4008813
            23               2.3931513               0.0000000              -0.7004404
            24               2.6324666               0.0000000               0.0000000
            25               0.0000000               0.0000000              -7.7048473
            26               0.1768560               0.1612256              -7.0044069
            27               0.3537121               0.3224511              -6.3039660
            28               0.5305681               0.4836767              -5.6035252
            29               0.7074241               0.6449023              -4.9030848
            30               0.8842801               0.8061278              -4.2026439
            31               1.0611361               0.9673534              -3.5022035
            32               1.2379922               1.1285790              -2.8017631
            33               1.4148482               1.2898046              -2.1013222
            34               1.5917041               1.4510301              -1.4008813
            35               1.7685603               1.6122556              -0.7004404
            36               1.9454162               1.7734812               0.0000000
            37               0.0000000               0.0000000              -7.7048473
            38               0.2231547               0.0864506              -7.0044069
            39               0.4463094               0.1729012              -6.3039660
            40               0.6694642               0.2593518              -5.6035252
            41               0.8926189               0.3458024              -4.9030848
            42               1.1157737               0.4322530              -4.2026439
            43               1.3389283               0.5187036              -3.5022035
            44               1.5620830               0.6051542              -2.8017631
            45               1.7852378               0.6916048              -2.1013222
            46               2.0083926               0.7780554              -1.4008813
            47               2.2315474               0.8645059              -0.7004404
            48               2.4547019               0.9509566               0.0000000
            49               0.0000000               0.0000000              -7.7048473
            50               0.1066719               0.2142261              -7.0044069
            51               0.2133439               0.4284523              -6.3039660
            52               0.3200158               0.6426784              -5.6035252
            53               0.4266877               0.8569046              -4.9030848
            54               0.5333597               1.0711306              -4.2026439
            55               0.6400316               1.2853569              -3.5022035
            56               0.7467036               1.4995830              -2.8017631
            57               0.8533755               1.7138091              -2.1013222
            58               0.9600475               1.9280353              -1.4008813
            59               1.0667194               2.1422613              -0.7004404
            60               1.1733913               2.3564875               0.0000000
            61               0.0000000               0.0000000              -7.7048473
            62               0.1768560               0.1612256              -7.0044069
            63               0.3537121               0.3224511              -6.3039660
            64               0.5305681               0.4836767              -5.6035252
            65               0.7074241               0.6449023              -4.9030848
            66               0.8842801               0.8061278              -4.2026439
            67               1.0611361               0.9673534              -3.5022035
            68               1.2379922               1.1285790              -2.8017631
            69               1.4148482               1.2898046              -2.1013222
            70               1.5917041               1.4510301              -1.4008813
            71               1.7685603               1.6122556              -0.7004404
            72               1.9454162               1.7734812               0.0000000
            73               0.0000000               0.0000000              -7.7048473
            74               0.0220812               0.2382943              -7.0044069
            75               0.0441624               0.4765885              -6.3039660
            76               0.0662437               0.7148828              -5.6035252
            77               0.0883249               0.9531770              -4.9030848
            78               0.1104061               1.1914712              -4.2026439
            79               0.1324873               1.4297656              -3.5022035
            80               0.1545685               1.6680598              -2.8017631
            81               0.1766497               1.9063541              -2.1013222
            82               0.1987310               2.1446483              -1.4008813
            83               0.2208122               2.3829424              -0.7004404
            84               0.2428934               2.6212368               0.0000000
            85               0.0000000               0.0000000              -7.7048473
            86               0.1066719               0.2142261              -7.0044069
            87               0.2133439               0.4284523              -6.3039660
            88               0.3200158               0.6426784              -5.6035252
            89               0.4266877               0.8569046              -4.9030848
            90               0.5333597               1.0711306              -4.2026439
            91               0.6400316               1.2853569              -3.5022035
            92               0.7467036               1.4995830              -2.8017631
            93               0.8533755               1.7138091              -2.1013222
            94               0.9600475               1.9280353              -1.4008813
            95               1.0667194               2.1422613              -0.7004404
            96               1.1733913               2.3564875               0.0000000
            97               0.0000000               0.0000000              -7.7048473
            98              -0.0654917               0.2301794              -7.0044069
            99              -0.1309834               0.4603589              -6.3039660
           100              -0.1964751               0.6905383              -5.6035252
           101              -0.2619668               0.9207178              -4.9030848
           102              -0.3274585               1.1508971              -4.2026439
           103              -0.3929502               1.3810767              -3.5022035
           104              -0.4584419               1.6112560              -2.8017631
           105              -0.5239336               1.8414356              -2.1013222
           106              -0.5894253               2.0716150              -1.4008813
           107              -0.6549170               2.3017943              -0.7004404
           108              -0.7204087               2.5319738               0.0000000
           109               0.0000000               0.0000000              -7.7048473
           110               0.0220812               0.2382943              -7.0044069
           111               0.0441624               0.4765885              -6.3039660
           112               0.0662437               0.7148828              -5.6035252
           113               0.0883249               0.9531770              -4.9030848
           114               0.1104061               1.1914712              -4.2026439
           115               0.1324873               1.4297656              -3.5022035
           116               0.1545685               1.6680598              -2.8017631
           117               0.1766497               1.9063541              -2.1013222
           118               0.1987310               2.1446483              -1.4008813
           119               0.2208122               2.3829424              -0.7004404
           120               0.2428934               2.6212368               0.0000000
           121               0.0000000               0.0000000              -7.7048473
           122              -0.1442196               0.1909776              -7.0044069
           123              -0.2884392               0.3819552              -6.3039660
           124              -0.4326588               0.5729328              -5.6035252
           125              -0.5768784               0.7639104              -4.9030848
           126              -0.7210979               0.9548880              -4.2026439
           127              -0.8653176               1.1458656              -3.5022035
           128              -1.0095372               1.3368431              -2.8017631
           129              -1.1537567               1.5278207              -2.1013222
           130              -1.2979764               1.7187984              -1.4008813
           131              -1.4421959               1.9097760              -0.7004404
           132              -1.5864155               2.1007535               0.0000000
           133               0.0000000               0.0000000              -7.7048473
           134              -0.0654917               0.2301794              -7.0044069
           135              -0.1309834               0.4603589              -6.3039660
           136              -0.1964751               0.6905383              -5.6035252
           137              -0.2619668               0.9207178              -4.9030848
           138              -0.3274585               1.1508971              -4.2026439
           139              -0.3929502               1.3810767              -3.5022035
           140              -0.4584419               1.6112560              -2.8017631
           141              -0.5239336               1.8414356              -2.1013222
           142              -0.5894253               2.0716150              -1.4008813
           143              -0.6549170               2.3017943              -0.7004404
           144              -0.7204087               2.5319738               0.0000000
           145               0.0000000               0.0000000              -7.7048473
           146              -0.2034698               0.1259832              -7.0044069
           147              -0.4069397               0.2519664              -6.3039660
           148              -0.6104095               0.3779496              -5.6035252
           149              -0.8138794               0.5039328              -4.9030848
           150              -1.0173492               0.6299160              -4.2026439
           151              -1.2208190               0.7558992              -3.5022035
           152              -1.4242889               0.8818824              -2.8017631
           153              -1.6277587               1.0078655              -2.1013222
           154              -1.8312286               1.1338487              -1.4008813
           155              -2.0346985               1.2598319              -0.7004404
           156              -2.2381682               1.3858151               0.0000000
           157               0.0000000               0.0000000              -7.7048473
           158              -0.1442196               0.1909776              -7.0044069
           159              -0.2884392               0.3819552              -6.3039660
           160              -0.4326588               0.5729328              -5.6035252
           161              -0.5768784               0.7639104              -4.9030848
           162              -0.7210979               0.9548880              -4.2026439
           163              -0.8653176               1.1458656              -3.5022035
           164              -1.0095372               1.3368431              -2.8017631
           165              -1.1537567               1.5278207              -2.1013222
           166              -1.2979764               1.7187984              -1.4008813
           167              -1.4421959               1.9097760              -0.7004404
           168              -1.5864155               2.1007535               0.0000000
           169               0.0000000               0.0000000              -7.7048473
           170              -0.2352404               0.0439740              -7.0044069
           171              -0.4704807               0.0879481              -6.3039660
           172              -0.7057211               0.1319221              -5.6035252
           173              -0.9409614               0.1758962              -4.9030848
           174              -1.1762017               0.2198702              -4.2026439
           175              -1.4114422               0.2638443              -3.5022035
           176              -1.6466824               0.3078183              -2.8017631
           177              -1.8819228               0.3517924              -2.1013222
           178              -2.1171632               0.3957664              -1.4008813
           179              -2.3524034               0.4397404              -0.7004404
           180              -2.5876439               0.4837145               0.0000000
           181               0.0000000               0.0000000              -7.7048473
           182              -0.2034698               0.1259832              -7.0044069
           183              -0.4069397               0.2519664              -6.3039660
           184              -0.6104095               0.3779496              -5.6035252
           185              -0.8138794               0.5039328              -4.9030848
           186              -1.0173492               0.6299160              -4.2026439
           187              -1.2208190               0.7558992              -3.5022035
           188              -1.4242889               0.8818824              -2.8017631
           189              -1.6277587               1.0078655              -2.1013222
           190              -1.8312286               1.1338487              -1.4008813
           191              -2.0346985               1.2598319              -0.7004404
           192              -2.2381682               1.3858151               0.0000000
           193               0.0000000               0.0000000              -7.7048473
           194              -0.2352404              -0.0439740              -7.0044069
           195              -0.4704807              -0.0879481              -6.3039660
           196              -0.7057211              -0.1319221              -5.6035252
           197              -0.9409614              -0.1758962              -4.9030848
           198              -1.1762017              -0.2198702              -4.2026439
           199              -1.4114422              -0.2638443              -3.5022035
           200              -1.6466824              -0.3078183              -2.8017631
           201              -1.8819228              -0.3517924              -2.1013222
           202              -2.1171632              -0.3957664              -1.4008813
           203              -2.3524034              -0.4397404              -0.7004404
           204              -2.5876439              -0.4837145               0.0000000
           205               0.0000000               0.0000000              -7.7048473
           206              -0.2352404               0.0439740              -7.0044069
           207              -0.4704807               0.0879481              -6.3039660
           208              -0.7057211               0.1319221              -5.6035252
           209              -0.9409614               0.1758962              -4.9030848
           210              -1.1762017               0.2198702              -4.2026439
           211              -1.4114422               0.2638443              -3.5022035
           212              -1.6466824               0.3078183              -2.8017631
           213              -1.8819228               0.3517924              -2.1013222
           214              -2.1171632               0.3957664              -1.4008813
           215              -2.3524034               0.4397404              -0.7004404
           216              -2.5876439               0.4837145               0.0000000
           217               0.0000000               0.0000000              -7.7048473
           218              -0.2034698              -0.1259832              -7.0044069
           219              -0.4069397              -0.2519664              -6.3039660
           220              -0.6104095              -0.3779496              -5.6035252
           221              -0.8138794              -0.5039328              -4.9030848
           222              -1.0173492              -0.6299160              -4.2026439
           223              -1.2208190              -0.7558992              -3.5022035
           224              -1.4242889              -0.8818824              -2.8017631
           225              -1.6277587              -1.0078655              -2.1013222
           226              -1.8312286              -1.1338487              -1.4008813
           227              -2.0346985              -1.2598319              -0.7004404
           228              -2.2381682              -1.3858151               0.0000000
           229               0.0000000               0.0000000              -7.7048473
           230              -0.2352404              -0.0439740              -7.0044069
           231              -0.4704807              -0.0879481              -6.3039660
           232              -0.7057211              -0.1319221              -5.6035252
           233              -0.9409614              -0.1758962              -4.9030848
           234              -1.1762017              -0.2198702              -4.2026439
           235              -1.4114422              -0.2638443              -3.5022035
           236              -1.6466824              -0.3078183              -2.8017631
           237              -1.8819228              -0.3517923              -2.1013222
           238              -2.1171632              -0.3957664              -1.4008813
           239              -2.3524034              -0.4397404              -0.7004404
           240              -2.5876439              -0.4837145               0.0000000
           241               0.0000000               0.0000000              -7.7048473
           242              -0.1442196              -0.1909776              -7.0044069
           243              -0.2884392              -0.3819552              -6.3039660
           244              -0.4326588              -0.5729328              -5.6035252
           245              -0.5768784              -0.7639104              -4.9030848
           246              -0.7210979              -0.9548880              -4.2026439
           247              -0.8653176              -1.1458656              -3.5022035
           248              -1.0095372              -1.3368431              -2.8017631
           249              -1.1537567              -1.5278207              -2.1013222
           250              -1.2979764              -1.7187984              -1.4008813
           251              -1.4421959              -1.9097760              -0.7004404
           252              -1.5864155              -2.1007535               0.0000000
           253               0.0000000               0.0000000              -7.7048473
           254              -0.2034698              -0.1259832              -7.0044069
           255              -0.4069397              -0.2519664              -6.3039660
           256              -0.6104095              -0.3779496              -5.6035252
           257              -0.8138794              -0.5039328              -4.9030848
           258              -1.0173492              -0.6299160              -4.2026439
           259              -1.2208190              -0.7558992              -3.5022035
           260              -1.4242889              -0.8818824              -2.8017631
           261              -1.6277587              -1.0078655              -2.1013222
           262              -1.8312286              -1.1338487              -1.4008813
           263              -2.0346985              -1.2598319              -0.7004404
           264              -2.2381682              -1.3858151               0.0000000
           265               0.0000000               0.0000000              -7.7048473
           266              -0.0654917              -0.2301794              -7.0044069
           267              -0.1309834              -0.4603589              -6.3039660
           268              -0.1964751              -0.6905383              -5.6035252
           269              -0.2619668              -0.9207178              -4.9030848
           270              -0.3274585              -1.1508971              -4.2026439
           271              -0.3929502              -1.3810767              -3.5022035
           272              -0.4584419              -1.6112560              -2.8017631
           273              -0.5239336              -1.8414356              -2.1013222
           274              -0.5894253              -2.0716150              -1.4008813
           275              -0.6549170              -2.3017943              -0.7004404
           276              -0.7204087              -2.5319738               0.0000000
           277               0.0000000               0.0000000              -7.7048473
           278              -0.1442196              -0.1909776              -7.0044069
           279              -0.2884392              -0.3819552              -6.3039660
           280              -0.4326588              -0.5729328              -5.6035252
           281              -0.5768784              -0.7639104              -4.9030848
           282              -0.7210979              -0.9548880              -4.2026439
           283              -0.8653176              -1.1458656              -3.5022035
           284              -1.0095372              -1.3368431              -2.8017631
           285              -1.1537567              -1.5278207              -2.1013222
           286              -1.2979764              -1.7187984              -1.4008813
           287              -1.4421959              -1.9097760              -0.7004404
           288              -1.5864155              -2.1007535               0.0000000
           289               0.0000000               0.0000000              -7.7048473
           290               0.0220812              -0.2382943              -7.0044069
           291               0.0441624              -0.4765885              -6.3039660
           292               0.0662437              -0.7148828              -5.6035252
           293               0.0883249              -0.9531770              -4.9030848
           294               0.1104061              -1.1914712              -4.2026439
           295               0.1324873              -1.4297656              -3.5022035
           296               0.1545685              -1.6680598              -2.8017631
           297               0.1766497              -1.9063541              -2.1013222
           298               0.1987310              -2.1446483              -1.4008813
           299               0.2208122              -2.3829424              -0.7004404
           300               0.2428934              -2.6212368               0.0000000
           301               0.0000000               0.0000000              -7.7048473
           302              -0.0654917              -0.2301794              -7.0044069
           303              -0.1309834              -0.4603589              -6.3039660
           304              -0.1964751              -0.6905383              -5.6035252
           305              -0.2619668              -0.9207178              -4.9030848
           306              -0.3274585              -1.1508971              -4.2026439
           307              -0.3929502              -1.3810767              -3.5022035
           308              -0.4584419              -1.6112560              -2.8017631
           309              -0.5239336              -1.8414356              -2.1013222
           310              -0.5894253              -2.0716150              -1.4008813
           311              -0.6549170              -2.3017943              -0.7004404
           312              -0.7204087              -2.5319738               0.0000000
           313               0.0000000               0.0000000              -7.7048473
           314               0.1066719              -0.2142261              -7.0044069
           315               0.2133439              -0.4284523              -6.3039660
           316               0.3200158              -0.6426784              -5.6035252
           317               0.4266877              -0.8569046              -4.9030848
           318               0.5333597              -1.0711306              -4.2026439
           319               0.6400316              -1.2853569              -3.5022035
           320               0.7467036              -1.4995830              -2.8017631
           321               0.8533755              -1.7138091              -2.1013222
           322               0.9600475              -1.9280353              -1.4008813
           323               1.0667194              -2.1422613              -0.7004404
           324               1.1733913              -2.3564875               0.0000000
           325               0.0000000               0.0000000              -7.7048473
           326               0.0220812              -0.2382943              -7.0044069
           327               0.0441624              -0.4765885              -6.3039660
           328               0.0662437              -0.7148828              -5.6035252
           329               0.0883249              -0.9531770              -4.9030848
           330               0.1104061              -1.1914712              -4.2026439
           331               0.1324873              -1.4297656              -3.5022035
           332               0.1545685              -1.6680598              -2.8017631
           333               0.1766497              -1.9063541              -2.1013222
           334               0.1987310              -2.1446483              -1.4008813
           335               0.2208122              -2.3829424              -0.7004404
           336               0.2428934              -2.6212368               0.0000000
           337               0.0000000               0.0000000              -7.7048473
           338               0.1768560              -0.1612256              -7.0044069
           339               0.3537121              -0.3224511              -6.3039660
           340               0.5305681              -0.4836767              -5.6035252
           341               0.7074241              -0.6449023              -4.9030848
           342               0.8842801              -0.8061278              -4.2026439
           343               1.0611361              -0.9673534              -3.5022035
           344               1.2379922              -1.1285790              -2.8017631
           345               1.4148482              -1.2898046              -2.1013222
           346               1.5917041              -1.4510301              -1.4008813
           347               1.7685603              -1.6122556              -0.7004404
           348               1.9454162              -1.7734812               0.0000000
           349               0.0000000               0.0000000              -7.7048473
           350               0.1066719              -0.2142261              -7.0044069
           351               0.2133439              -0.4284523              -6.3039660
           352               0.3200158              -0.6426784              -5.6035252
           353               0.4266877              -0.8569046              -4.9030848
           354               0.5333597              -1.0711306              -4.2026439
           355               0.6400316              -1.2853569              -3.5022035
           356               0.7467036              -1.4995830              -2.8017631
           357               0.8533755              -1.7138091              -2.1013222
           358               0.9600475              -1.9280353              -1.4008813
           359               1.0667194              -2.1422613              -0.7004404
           360               1.1733913              -2.3564875               0.0000000
           361               0.0000000               0.0000000              -7.7048473
           362               0.2231547              -0.0864506              -7.0044069
           363               0.4463094              -0.1729012              -6.3039660
           364               0.6694642              -0.2593518              -5.6035252
           365               0.8926189              -0.3458024              -4.9030848
           366               1.1157737              -0.4322530              -4.2026439
           367               1.3389283              -0.5187036              -3.5022035
           368               1.5620830              -0.6051542              -2.8017631
           369               1.7852378              -0.6916048              -2.1013222
           370               2.0083926              -0.7780554              -1.4008813
           371               2.2315474              -0.8645059              -0.7004404
           372               2.4547019              -0.9509566               0.0000000
           373               0.0000000               0.0000000              -7.7048473
           374               0.1768560              -0.1612256              -7.0044069
           375               0.3537121              -0.3224511              -6.3039660
           376               0.5305681              -0.4836767              -5.6035252
           377               0.7074241              -0.6449023              -4.9030848
           378               0.8842801              -0.8061278              -4.2026439
           379               1.0611361              -0.9673534              -3.5022035
           380               1.2379922              -1.1285790              -2.8017631
           381               1.4148482              -1.2898046              -2.1013222
           382               1.5917041              -1.4510301              -1.4008813
           383               1.7685603              -1.6122556              -0.7004404
           384               1.9454162              -1.7734812               0.0000000
           385               0.0000000               0.0000000              -7.7048473
           386               0.2393151               0.0000000              -7.0044069
           387               0.4786303               0.0000000              -6.3039660
           388               0.7179455               0.0000000              -5.6035252
           389               0.9572605               0.0000000              -4.9030848
           390               1.1965756               0.0000000              -4.2026439
           391               1.4358909               0.0000000              -3.5022035
           392               1.6752059               0.0000000              -2.8017631
           393               1.9145211               0.0000000              -2.1013222
           394               2.1538363               0.0000000              -1.4008813
           395               2.3931513               0.0000000              -0.7004404
           396               2.6324666               0.0000000               0.0000000
           397               0.0000000               0.0000000              -7.7048473
           398               0.2231547              -0.0864506              -7.0044069
           399               0.4463094              -0.1729012              -6.3039660
           400               0.6694642              -0.2593518              -5.6035252
           401               0.8926189              -0.3458024              -4.9030848
           402               1.1157737              -0.4322530              -4.2026439
           403               1.3389283              -0.5187036              -3.5022035
           404               1.5620830              -0.6051542              -2.8017631
           405               1.7852378              -0.6916048              -2.1013222
           406               2.0083926              -0.7780554              -1.4008813
           407               2.2315474              -0.8645059              -0.7004404
           408               2.4547019              -0.9509566               0.0000000
             0          0.00          0.00          0.00
               1               2              14              13
               2               3              15              14
               3               4              16              15
               4               5              17              16
               5               6              18              17
               6               7              19              18
               7               8              20              19
               8               9              21              20
               9              10              22              21
              10              11              23              22
              11              12              24              23
              25              26              38              37
              26              27              39              38
              27              28              40              39
              28              29              41              40
              29              30              42              41
              30              31              43              42
              31              32              44              43
              32              33              45              44
              33              34              46              45
              34              35              47              46
              35              36              48              47
              49              50              62              61
              50              51              63              62
              51              52              64              63
              52              53              65              64
              53              54              66              65
              54              55              67              66
              55              56              68              67
              56              57              69              68
              57              58              70              69
              58              59              71              70
              59              60              72              71
              73              74              86              85
              74              75              87              86
              75              76              88              87
              76              77              89              88
              77              78              90              89
              78              79              91              90
              79              80              92              91
              80              81              93              92
              81              82              94              93
              82              83              95              94
              83              84              96              95
              97              98             110             109
              98              99             111             110
              99             100             112             111
             100             101             113             112
             101             102             114             113
             102             103             115             114
             103             104             116             115
             104             105             117             116
             105             106             118             117
             106             107             119             118
             107             108             120             119
             121             122             134             133
             122             123             135             134
             123             124             136             135
             124             125             137             136
             125             126             138             137
             126             127             139             138
             127             128             140             139
             128             129             141             140
             129             130             142             141
             130             131             143             142
             131             132             144             143
             145             146             158             157
             146             147             159             158
             147             148             160             159
             148             149             161             160
             149             150             162             161
             150             151             163             162
             151             152             164             163
             152             153             165             164
             153             154             166             165
             154             155             167             166
             155             156             168             167
             169             170             182             181
             170             171             183             182
             171             172             184             183
             172             173             185             184
             173             174             186             185
             174             175             187             186
             175             176             188             187
             176             177             189             188
             177             178             190             189
             178             179             191             190
             179             180             192             191
             193             194             206             205
             194             195             207             206
             195             196             208             207
             196             197             209             208
             197             198             210             209
             198             199             211             210
             199             200             212             211
             200             201             213             212
             201             202             214             213
             202             203             215             214
             203             204             216             215
             217             218             230             229
             218             219             231             230
             219             220             232             231
             220             221             233             232
             221             222             234             233
             222             223             235             234
             223             224             236             235
             224             225             237             236
             225             226             238             237
             226             227             239             238
             227             228             240             239
             241             242             254             253
             242             243             255             254
             243             244             256             255
             244             245             257             256
             245             246             258             257
             246             247             259             258
             247             248             260             259
             248             249             261             260
             249             250             262             261
             250             251             263             262
             251             252             264             263
             265             266             278             277
             266             267             279             278
             267             268             280             279
             268             269             281             280
             269             270             282             281
             270             271             283             282
             271             272             284             283
             272             273             285             284
             273             274             286             285
             274             275             287             286
             275             276             288             287
             289             290             302             301
             290             291             303             302
             291             292             304             303
             292             293             305             304
             293             294             306             305
             294             295             307             306
             295             296             308             307
             296             297             309             308
             297             298             310             309
             298             299             311             310
             299             300             312             311
             313             314             326             325
             314             315             327             326
             315             316             328             327
             316             317             329             328
             317             318             330             329
             318             319             331             330
             319             320             332             331
             320             321             333             332
             321             322             334             333
             322             323             335             334
             323             324             336             335
             337             338             350             349
             338             339             351             350
             339             340             352             351
             340             341             353             352
             341             342             354             353
             342             343             355             354
             343             344             356             355
             344             345             357             356
             345             346             358             357
             346             347             359             358
             347             348             360             359
             361             362             374             373
             362             363             375             374
             363             364             376             375
             364             365             377             376
             365             366             378             377
             366             367             379             378
             367             368             380             379
             368             369             381             380
             369             370             382             381
             370             371             383             382
             371             372             384             383
             385             386             398             397
             386             387             399             398
             387             388             400             399
             388             389             401             400
             389             390             402             401
             390             391             403             402
             391             392             404             403
             392             393             405             404
             393             394             406             405
             394             395             407             406
             395             396             408             407
          0          0          0          0
