                    2          0
             1               0.0000000               0.0000000              -5.0148687
             2               0.2213758               0.0857615              -4.5589714
             3               0.4427517               0.1715229              -4.1030746
             4               0.6641275               0.2572844              -3.6471772
             5               0.8855034               0.3430458              -3.1912801
             6               1.1068791               0.4288073              -2.7353828
             7               1.3282551               0.5145687              -2.2794857
             8               1.5496308               0.6003302              -1.8235886
             9               1.7710067               0.6860917              -1.3676915
            10               1.9923825               0.7718531              -0.9117942
            11               2.2137582               0.8576145              -0.4558969
            12               2.4351342               0.9433760               0.0000000
            13               0.0000000               0.0000000              -5.0148687
            14               0.2374074               0.0000000              -4.5589714
            15               0.4748149               0.0000000              -4.1030746
            16               0.7122223               0.0000000              -3.6471772
            17               0.9496298               0.0000000              -3.1912801
            18               1.1870372               0.0000000              -2.7353828
            19               1.4244447               0.0000000              -2.2794857
            20               1.6618520               0.0000000              -1.8235886
            21               1.8992596               0.0000000              -1.3676915
            22               2.1366670               0.0000000              -0.9117942
            23               2.3740745               0.0000000              -0.4558969
            24               2.6114819               0.0000000               0.0000000
            25               0.0000000               0.0000000              -5.0148687
            26               0.1754462               0.1599403              -4.5589714
            27               0.3508924               0.3198807              -4.1030746
            28               0.5263386               0.4798210              -3.6471772
            29               0.7017848               0.6397614              -3.1912801
            30               0.8772311               0.7997018              -2.7353828
            31               1.0526773               0.9596421              -2.2794857
            32               1.2281234               1.1195824              -1.8235886
            33               1.4035697               1.2795228              -1.3676915
            34               1.5790159               1.4394631              -0.9117942
            35               1.7544621               1.5994035              -0.4558969
            36               1.9299083               1.7593440               0.0000000
            37               0.0000000               0.0000000              -5.0148687
            38               0.2213758               0.0857615              -4.5589714
            39               0.4427517               0.1715229              -4.1030746
            40               0.6641275               0.2572844              -3.6471772
            41               0.8855034               0.3430458              -3.1912801
            42               1.1068791               0.4288073              -2.7353828
            43               1.3282551               0.5145687              -2.2794857
            44               1.5496308               0.6003302              -1.8235886
            45               1.7710067               0.6860917              -1.3676915
            46               1.9923825               0.7718531              -0.9117942
            47               2.2137582               0.8576145              -0.4558969
            48               2.4351342               0.9433760               0.0000000
            49               0.0000000               0.0000000              -5.0148687
            50               0.1058216               0.2125184              -4.5589714
            51               0.2116432               0.4250368              -4.1030746
            52               0.3174648               0.6375552              -3.6471772
            53               0.4232864               0.8500736              -3.1912801
            54               0.5291080               1.0625920              -2.7353828
            55               0.6349296               1.2751104              -2.2794857
            56               0.7407512               1.4876289              -1.8235886
            57               0.8465728               1.7001473              -1.3676915
            58               0.9523944               1.9126656              -0.9117942
            59               1.0582160               2.1251841              -0.4558969
            60               1.1640376               2.3377025               0.0000000
            61               0.0000000               0.0000000              -5.0148687
            62               0.1754462               0.1599403              -4.5589714
            63               0.3508924               0.3198807              -4.1030746
            64               0.5263386               0.4798210              -3.6471772
            65               0.7017848               0.6397614              -3.1912801
            66               0.8772311               0.7997018              -2.7353828
            67               1.0526773               0.9596421              -2.2794857
            68               1.2281234               1.1195824              -1.8235886
            69               1.4035697               1.2795228              -1.3676915
            70               1.5790159               1.4394631              -0.9117942
            71               1.7544621               1.5994035              -0.4558969
            72               1.9299083               1.7593440               0.0000000
            73               0.0000000               0.0000000              -5.0148687
            74               0.0219052               0.2363947              -4.5589714
            75               0.0438104               0.4727894              -4.1030746
            76               0.0657156               0.7091841              -3.6471772
            77               0.0876208               0.9455788              -3.1912801
            78               0.1095259               1.1819735              -2.7353828
            79               0.1314311               1.4183681              -2.2794857
            80               0.1533363               1.6547627              -1.8235886
            81               0.1752415               1.8911575              -1.3676915
            82               0.1971467               2.1275523              -0.9117942
            83               0.2190519               2.3639469              -0.4558969
            84               0.2409571               2.6003416               0.0000000
            85               0.0000000               0.0000000              -5.0148687
            86               0.1058216               0.2125184              -4.5589714
            87               0.2116432               0.4250368              -4.1030746
            88               0.3174648               0.6375552              -3.6471772
            89               0.4232864               0.8500736              -3.1912801
            90               0.5291080               1.0625920              -2.7353828
            91               0.6349296               1.2751104              -2.2794857
            92               0.7407512               1.4876289              -1.8235886
            93               0.8465728               1.7001473              -1.3676915
            94               0.9523944               1.9126656              -0.9117942
            95               1.0582160               2.1251841              -0.4558969
            96               1.1640376               2.3377025               0.0000000
            97               0.0000000               0.0000000              -5.0148687
            98              -0.0649696               0.2283445              -4.5589714
            99              -0.1299393               0.4566891              -4.1030746
           100              -0.1949089               0.6850336              -3.6471772
           101              -0.2598785               0.9133782              -3.1912801
           102              -0.3248481               1.1417228              -2.7353828
           103              -0.3898177               1.3700672              -2.2794857
           104              -0.4547874               1.5984119              -1.8235886
           105              -0.5197570               1.8267564              -1.3676915
           106              -0.5847266               2.0551009              -0.9117942
           107              -0.6496963               2.2834456              -0.4558969
           108              -0.7146659               2.5117900               0.0000000
           109               0.0000000               0.0000000              -5.0148687
           110               0.0219052               0.2363947              -4.5589714
           111               0.0438104               0.4727894              -4.1030746
           112               0.0657156               0.7091841              -3.6471772
           113               0.0876208               0.9455788              -3.1912801
           114               0.1095259               1.1819735              -2.7353828
           115               0.1314311               1.4183681              -2.2794857
           116               0.1533363               1.6547627              -1.8235886
           117               0.1752415               1.8911575              -1.3676915
           118               0.1971467               2.1275523              -0.9117942
           119               0.2190519               2.3639469              -0.4558969
           120               0.2409571               2.6003416               0.0000000
           121               0.0000000               0.0000000              -5.0148687
           122              -0.1430700               0.1894552              -4.5589714
           123              -0.2861399               0.3789105              -4.1030746
           124              -0.4292098               0.5683657              -3.6471772
           125              -0.5722798               0.7578209              -3.1912801
           126              -0.7153497               0.9472761              -2.7353828
           127              -0.8584197               1.1367314              -2.2794857
           128              -1.0014896               1.3261867              -1.8235886
           129              -1.1445596               1.5156418              -1.3676915
           130              -1.2876296               1.7050971              -0.9117942
           131              -1.4306995               1.8945522              -0.4558969
           132              -1.5737695               2.0840075               0.0000000
           133               0.0000000               0.0000000              -5.0148687
           134              -0.0649696               0.2283445              -4.5589714
           135              -0.1299393               0.4566891              -4.1030746
           136              -0.1949089               0.6850336              -3.6471772
           137              -0.2598785               0.9133782              -3.1912801
           138              -0.3248481               1.1417228              -2.7353828
           139              -0.3898177               1.3700672              -2.2794857
           140              -0.4547874               1.5984119              -1.8235886
           141              -0.5197570               1.8267564              -1.3676915
           142              -0.5847266               2.0551009              -0.9117942
           143              -0.6496963               2.2834456              -0.4558969
           144              -0.7146659               2.5117900               0.0000000
           145               0.0000000               0.0000000              -5.0148687
           146              -0.2018479               0.1249789              -4.5589714
           147              -0.4036957               0.2499578              -4.1030746
           148              -0.6055436               0.3749367              -3.6471772
           149              -0.8073914               0.4999156              -3.1912801
           150              -1.0092393               0.6248946              -2.7353828
           151              -1.2110871               0.7498734              -2.2794857
           152              -1.4129350               0.8748524              -1.8235886
           153              -1.6147828               0.9998313              -1.3676915
           154              -1.8166306               1.1248102              -0.9117942
           155              -2.0184786               1.2497891              -0.4558969
           156              -2.2203264               1.3747680               0.0000000
           157               0.0000000               0.0000000              -5.0148687
           158              -0.1430700               0.1894552              -4.5589714
           159              -0.2861399               0.3789105              -4.1030746
           160              -0.4292098               0.5683657              -3.6471772
           161              -0.5722798               0.7578209              -3.1912801
           162              -0.7153497               0.9472761              -2.7353828
           163              -0.8584197               1.1367314              -2.2794857
           164              -1.0014896               1.3261867              -1.8235886
           165              -1.1445596               1.5156418              -1.3676915
           166              -1.2876296               1.7050971              -0.9117942
           167              -1.4306995               1.8945522              -0.4558969
           168              -1.5737695               2.0840075               0.0000000
           169               0.0000000               0.0000000              -5.0148687
           170              -0.2333651               0.0436235              -4.5589714
           171              -0.4667302               0.0872470              -4.1030746
           172              -0.7000954               0.1308705              -3.6471772
           173              -0.9334605               0.1744940              -3.1912801
           174              -1.1668257               0.2181175              -2.7353828
           175              -1.4001907               0.2617410              -2.2794857
           176              -1.6335559               0.3053645              -1.8235886
           177              -1.8669209               0.3489880              -1.3676915
           178              -2.1002862               0.3926115              -0.9117942
           179              -2.3336513               0.4362350              -0.4558969
           180              -2.5670164               0.4798585               0.0000000
           181               0.0000000               0.0000000              -5.0148687
           182              -0.2018479               0.1249789              -4.5589714
           183              -0.4036957               0.2499578              -4.1030746
           184              -0.6055436               0.3749367              -3.6471772
           185              -0.8073914               0.4999156              -3.1912801
           186              -1.0092393               0.6248946              -2.7353828
           187              -1.2110871               0.7498734              -2.2794857
           188              -1.4129350               0.8748524              -1.8235886
           189              -1.6147828               0.9998313              -1.3676915
           190              -1.8166306               1.1248102              -0.9117942
           191              -2.0184786               1.2497891              -0.4558969
           192              -2.2203264               1.3747680               0.0000000
           193               0.0000000               0.0000000              -5.0148687
           194              -0.2333651              -0.0436235              -4.5589714
           195              -0.4667302              -0.0872470              -4.1030746
           196              -0.7000954              -0.1308705              -3.6471772
           197              -0.9334605              -0.1744940              -3.1912801
           198              -1.1668257              -0.2181175              -2.7353828
           199              -1.4001907              -0.2617410              -2.2794857
           200              -1.6335559              -0.3053645              -1.8235886
           201              -1.8669209              -0.3489880              -1.3676915
           202              -2.1002862              -0.3926115              -0.9117942
           203              -2.3336513              -0.4362350              -0.4558969
           204              -2.5670164              -0.4798585               0.0000000
           205               0.0000000               0.0000000              -5.0148687
           206              -0.2333651               0.0436235              -4.5589714
           207              -0.4667302               0.0872470              -4.1030746
           208              -0.7000954               0.1308705              -3.6471772
           209              -0.9334605               0.1744940              -3.1912801
           210              -1.1668257               0.2181175              -2.7353828
           211              -1.4001907               0.2617410              -2.2794857
           212              -1.6335559               0.3053645              -1.8235886
           213              -1.8669209               0.3489880              -1.3676915
           214              -2.1002862               0.3926115              -0.9117942
           215              -2.3336513               0.4362350              -0.4558969
           216              -2.5670164               0.4798585               0.0000000
           217               0.0000000               0.0000000              -5.0148687
           218              -0.2018479              -0.1249789              -4.5589714
           219              -0.4036957              -0.2499578              -4.1030746
           220              -0.6055436              -0.3749367              -3.6471772
           221              -0.8073914              -0.4999156              -3.1912801
           222              -1.0092393              -0.6248946              -2.7353828
           223              -1.2110871              -0.7498734              -2.2794857
           224              -1.4129350              -0.8748524              -1.8235886
           225              -1.6147828              -0.9998313              -1.3676915
           226              -1.8166306              -1.1248102              -0.9117942
           227              -2.0184786              -1.2497891              -0.4558969
           228              -2.2203264              -1.3747680               0.0000000
           229               0.0000000               0.0000000              -5.0148687
           230              -0.2333651              -0.0436235              -4.5589714
           231              -0.4667302              -0.0872470              -4.1030746
           232              -0.7000954              -0.1308705              -3.6471772
           233              -0.9334605              -0.1744940              -3.1912801
           234              -1.1668257              -0.2181175              -2.7353828
           235              -1.4001907              -0.2617410              -2.2794857
           236              -1.6335559              -0.3053645              -1.8235886
           237              -1.8669209              -0.3489880              -1.3676915
           238              -2.1002862              -0.3926115              -0.9117942
           239              -2.3336513              -0.4362350              -0.4558969
           240              -2.5670164              -0.4798585               0.0000000
           241               0.0000000               0.0000000              -5.0148687
           242              -0.1430700              -0.1894552              -4.5589714
           243              -0.2861399              -0.3789105              -4.1030746
           244              -0.4292098              -0.5683657              -3.6471772
           245              -0.5722798              -0.7578209              -3.1912801
           246              -0.7153497              -0.9472761              -2.7353828
           247              -0.8584197              -1.1367314              -2.2794857
           248              -1.0014896              -1.3261867              -1.8235886
           249              -1.1445596              -1.5156418              -1.3676915
           250              -1.2876296              -1.7050971              -0.9117942
           251              -1.4306995              -1.8945522              -0.4558969
           252              -1.5737695              -2.0840075               0.0000000
           253               0.0000000               0.0000000              -5.0148687
           254              -0.2018479              -0.1249789              -4.5589714
           255              -0.4036957              -0.2499578              -4.1030746
           256              -0.6055436              -0.3749367              -3.6471772
           257              -0.8073914              -0.4999156              -3.1912801
           258              -1.0092393              -0.6248946              -2.7353828
           259              -1.2110871              -0.7498734              -2.2794857
           260              -1.4129350              -0.8748524              -1.8235886
           261              -1.6147828              -0.9998313              -1.3676915
           262              -1.8166306              -1.1248102              -0.9117942
           263              -2.0184786              -1.2497891              -0.4558969
           264              -2.2203264              -1.3747680               0.0000000
           265               0.0000000               0.0000000              -5.0148687
           266              -0.0649696              -0.2283445              -4.5589714
           267              -0.1299393              -0.4566891              -4.1030746
           268              -0.1949089              -0.6850336              -3.6471772
           269              -0.2598785              -0.9133782              -3.1912801
           270              -0.3248481              -1.1417228              -2.7353828
           271              -0.3898177              -1.3700672              -2.2794857
           272              -0.4547874              -1.5984119              -1.8235886
           273              -0.5197570              -1.8267564              -1.3676915
           274              -0.5847266              -2.0551009              -0.9117942
           275              -0.6496963              -2.2834456              -0.4558969
           276              -0.7146659              -2.5117900               0.0000000
           277               0.0000000               0.0000000              -5.0148687
           278              -0.1430700              -0.1894552              -4.5589714
           279              -0.2861399              -0.3789105              -4.1030746
           280              -0.4292098              -0.5683657              -3.6471772
           281              -0.5722798              -0.7578209              -3.1912801
           282              -0.7153497              -0.9472761              -2.7353828
           283              -0.8584197              -1.1367314              -2.2794857
           284              -1.0014896              -1.3261867              -1.8235886
           285              -1.1445596              -1.5156418              -1.3676915
           286              -1.2876296              -1.7050971              -0.9117942
           287              -1.4306995              -1.8945522              -0.4558969
           288              -1.5737695              -2.0840075               0.0000000
           289               0.0000000               0.0000000              -5.0148687
           290               0.0219052              -0.2363947              -4.5589714
           291               0.0438104              -0.4727894              -4.1030746
           292               0.0657156              -0.7091841              -3.6471772
           293               0.0876208              -0.9455788              -3.1912801
           294               0.1095259              -1.1819735              -2.7353828
           295               0.1314311              -1.4183681              -2.2794857
           296               0.1533363              -1.6547627              -1.8235886
           297               0.1752415              -1.8911575              -1.3676915
           298               0.1971467              -2.1275523              -0.9117942
           299               0.2190519              -2.3639469              -0.4558969
           300               0.2409571              -2.6003416               0.0000000
           301               0.0000000               0.0000000              -5.0148687
           302              -0.0649696              -0.2283445              -4.5589714
           303              -0.1299393              -0.4566891              -4.1030746
           304              -0.1949089              -0.6850336              -3.6471772
           305              -0.2598785              -0.9133782              -3.1912801
           306              -0.3248481              -1.1417228              -2.7353828
           307              -0.3898177              -1.3700672              -2.2794857
           308              -0.4547874              -1.5984119              -1.8235886
           309              -0.5197570              -1.8267564              -1.3676915
           310              -0.5847266              -2.0551009              -0.9117942
           311              -0.6496963              -2.2834456              -0.4558969
           312              -0.7146659              -2.5117900               0.0000000
           313               0.0000000               0.0000000              -5.0148687
           314               0.1058216              -0.2125184              -4.5589714
           315               0.2116432              -0.4250368              -4.1030746
           316               0.3174648              -0.6375552              -3.6471772
           317               0.4232864              -0.8500736              -3.1912801
           318               0.5291080              -1.0625920              -2.7353828
           319               0.6349296              -1.2751104              -2.2794857
           320               0.7407512              -1.4876289              -1.8235886
           321               0.8465728              -1.7001473              -1.3676915
           322               0.9523944              -1.9126656              -0.9117942
           323               1.0582160              -2.1251841              -0.4558969
           324               1.1640376              -2.3377025               0.0000000
           325               0.0000000               0.0000000              -5.0148687
           326               0.0219052              -0.2363947              -4.5589714
           327               0.0438104              -0.4727894              -4.1030746
           328               0.0657156              -0.7091841              -3.6471772
           329               0.0876208              -0.9455788              -3.1912801
           330               0.1095259              -1.1819735              -2.7353828
           331               0.1314311              -1.4183681              -2.2794857
           332               0.1533363              -1.6547627              -1.8235886
           333               0.1752415              -1.8911575              -1.3676915
           334               0.1971467              -2.1275523              -0.9117942
           335               0.2190519              -2.3639469              -0.4558969
           336               0.2409571              -2.6003416               0.0000000
           337               0.0000000               0.0000000              -5.0148687
           338               0.1754462              -0.1599403              -4.5589714
           339               0.3508924              -0.3198807              -4.1030746
           340               0.5263386              -0.4798210              -3.6471772
           341               0.7017848              -0.6397614              -3.1912801
           342               0.8772311              -0.7997018              -2.7353828
           343               1.0526773              -0.9596421              -2.2794857
           344               1.2281234              -1.1195824              -1.8235886
           345               1.4035697              -1.2795228              -1.3676915
           346               1.5790159              -1.4394631              -0.9117942
           347               1.7544621              -1.5994035              -0.4558969
           348               1.9299083              -1.7593440               0.0000000
           349               0.0000000               0.0000000              -5.0148687
           350               0.1058216              -0.2125184              -4.5589714
           351               0.2116432              -0.4250368              -4.1030746
           352               0.3174648              -0.6375552              -3.6471772
           353               0.4232864              -0.8500736              -3.1912801
           354               0.5291080              -1.0625920              -2.7353828
           355               0.6349296              -1.2751104              -2.2794857
           356               0.7407512              -1.4876289              -1.8235886
           357               0.8465728              -1.7001473              -1.3676915
           358               0.9523944              -1.9126656              -0.9117942
           359               1.0582160              -2.1251841              -0.4558969
           360               1.1640376              -2.3377025               0.0000000
           361               0.0000000               0.0000000              -5.0148687
           362               0.2213758              -0.0857615              -4.5589714
           363               0.4427517              -0.1715229              -4.1030746
           364               0.6641275              -0.2572844              -3.6471772
           365               0.8855034              -0.3430458              -3.1912801
           366               1.1068791              -0.4288073              -2.7353828
           367               1.3282551              -0.5145687              -2.2794857
           368               1.5496308              -0.6003302              -1.8235886
           369               1.7710067              -0.6860917              -1.3676915
           370               1.9923825              -0.7718531              -0.9117942
           371               2.2137582              -0.8576145              -0.4558969
           372               2.4351342              -0.9433760               0.0000000
           373               0.0000000               0.0000000              -5.0148687
           374               0.1754462              -0.1599403              -4.5589714
           375               0.3508924              -0.3198807              -4.1030746
           376               0.5263386              -0.4798210              -3.6471772
           377               0.7017848              -0.6397614              -3.1912801
           378               0.8772311              -0.7997018              -2.7353828
           379               1.0526773              -0.9596421              -2.2794857
           380               1.2281234              -1.1195824              -1.8235886
           381               1.4035697              -1.2795228              -1.3676915
           382               1.5790159              -1.4394631              -0.9117942
           383               1.7544621              -1.5994035              -0.4558969
           384               1.9299083              -1.7593440               0.0000000
           385               0.0000000               0.0000000              -5.0148687
           386               0.2374074               0.0000000              -4.5589714
           387               0.4748149               0.0000000              -4.1030746
           388               0.7122223               0.0000000              -3.6471772
           389               0.9496298               0.0000000              -3.1912801
           390               1.1870372               0.0000000              -2.7353828
           391               1.4244447               0.0000000              -2.2794857
           392               1.6618520               0.0000000              -1.8235886
           393               1.8992596               0.0000000              -1.3676915
           394               2.1366670               0.0000000              -0.9117942
           395               2.3740745               0.0000000              -0.4558969
           396               2.6114819               0.0000000               0.0000000
           397               0.0000000               0.0000000              -5.0148687
           398               0.2213758              -0.0857615              -4.5589714
           399               0.4427517              -0.1715229              -4.1030746
           400               0.6641275              -0.2572844              -3.6471772
           401               0.8855034              -0.3430458              -3.1912801
           402               1.1068791              -0.4288073              -2.7353828
           403               1.3282551              -0.5145687              -2.2794857
           404               1.5496308              -0.6003302              -1.8235886
           405               1.7710067              -0.6860917              -1.3676915
           406               1.9923825              -0.7718531              -0.9117942
           407               2.2137582              -0.8576145              -0.4558969
           408               2.4351342              -0.9433760               0.0000000
             0          0.00          0.00          0.00
               1               2              14              13
               2               3              15              14
               3               4              16              15
               4               5              17              16
               5               6              18              17
               6               7              19              18
               7               8              20              19
               8               9              21              20
               9              10              22              21
              10              11              23              22
              11              12              24              23
              25              26              38              37
              26              27              39              38
              27              28              40              39
              28              29              41              40
              29              30              42              41
              30              31              43              42
              31              32              44              43
              32              33              45              44
              33              34              46              45
              34              35              47              46
              35              36              48              47
              49              50              62              61
              50              51              63              62
              51              52              64              63
              52              53              65              64
              53              54              66              65
              54              55              67              66
              55              56              68              67
              56              57              69              68
              57              58              70              69
              58              59              71              70
              59              60              72              71
              73              74              86              85
              74              75              87              86
              75              76              88              87
              76              77              89              88
              77              78              90              89
              78              79              91              90
              79              80              92              91
              80              81              93              92
              81              82              94              93
              82              83              95              94
              83              84              96              95
              97              98             110             109
              98              99             111             110
              99             100             112             111
             100             101             113             112
             101             102             114             113
             102             103             115             114
             103             104             116             115
             104             105             117             116
             105             106             118             117
             106             107             119             118
             107             108             120             119
             121             122             134             133
             122             123             135             134
             123             124             136             135
             124             125             137             136
             125             126             138             137
             126             127             139             138
             127             128             140             139
             128             129             141             140
             129             130             142             141
             130             131             143             142
             131             132             144             143
             145             146             158             157
             146             147             159             158
             147             148             160             159
             148             149             161             160
             149             150             162             161
             150             151             163             162
             151             152             164             163
             152             153             165             164
             153             154             166             165
             154             155             167             166
             155             156             168             167
             169             170             182             181
             170             171             183             182
             171             172             184             183
             172             173             185             184
             173             174             186             185
             174             175             187             186
             175             176             188             187
             176             177             189             188
             177             178             190             189
             178             179             191             190
             179             180             192             191
             193             194             206             205
             194             195             207             206
             195             196             208             207
             196             197             209             208
             197             198             210             209
             198             199             211             210
             199             200             212             211
             200             201             213             212
             201             202             214             213
             202             203             215             214
             203             204             216             215
             217             218             230             229
             218             219             231             230
             219             220             232             231
             220             221             233             232
             221             222             234             233
             222             223             235             234
             223             224             236             235
             224             225             237             236
             225             226             238             237
             226             227             239             238
             227             228             240             239
             241             242             254             253
             242             243             255             254
             243             244             256             255
             244             245             257             256
             245             246             258             257
             246             247             259             258
             247             248             260             259
             248             249             261             260
             249             250             262             261
             250             251             263             262
             251             252             264             263
             265             266             278             277
             266             267             279             278
             267             268             280             279
             268             269             281             280
             269             270             282             281
             270             271             283             282
             271             272             284             283
             272             273             285             284
             273             274             286             285
             274             275             287             286
             275             276             288             287
             289             290             302             301
             290             291             303             302
             291             292             304             303
             292             293             305             304
             293             294             306             305
             294             295             307             306
             295             296             308             307
             296             297             309             308
             297             298             310             309
             298             299             311             310
             299             300             312             311
             313             314             326             325
             314             315             327             326
             315             316             328             327
             316             317             329             328
             317             318             330             329
             318             319             331             330
             319             320             332             331
             320             321             333             332
             321             322             334             333
             322             323             335             334
             323             324             336             335
             337             338             350             349
             338             339             351             350
             339             340             352             351
             340             341             353             352
             341             342             354             353
             342             343             355             354
             343             344             356             355
             344             345             357             356
             345             346             358             357
             346             347             359             358
             347             348             360             359
             361             362             374             373
             362             363             375             374
             363             364             376             375
             364             365             377             376
             365             366             378             377
             366             367             379             378
             367             368             380             379
             368             369             381             380
             369             370             382             381
             370             371             383             382
             371             372             384             383
             385             386             398             397
             386             387             399             398
             387             388             400             399
             388             389             401             400
             389             390             402             401
             390             391             403             402
             391             392             404             403
             392             393             405             404
             393             394             406             405
             394             395             407             406
             395             396             408             407
          0          0          0          0
