                    2          0
             1               3.9065580               1.5134085              -9.2908449
             2               3.9065580               1.5134085              -7.9635811
             3               3.9065580               1.5134085              -6.6363177
             4               3.9065580               1.5134085              -5.3090544
             5               3.9065580               1.5134085              -3.9817905
             6               3.9065580               1.5134085              -2.6545272
             7               3.9065580               1.5134085              -1.3272634
             8               3.9065580               1.5134085               0.0000000
             9               4.0480108               0.7567043              -9.2908449
            10               4.0480108               0.7567043              -7.9635811
            11               4.0480108               0.7567043              -6.6363177
            12               4.0480108               0.7567043              -5.3090544
            13               4.0480108               0.7567043              -3.9817905
            14               4.0480108               0.7567043              -2.6545272
            15               4.0480108               0.7567043              -1.3272634
            16               4.0480108               0.7567043               0.0000000
            17               4.1894631               0.0000000              -9.2908449
            18               4.1894631               0.0000000              -7.9635811
            19               4.1894631               0.0000000              -6.6363177
            20               4.1894631               0.0000000              -5.3090544
            21               4.1894631               0.0000000              -3.9817905
            22               4.1894631               0.0000000              -2.6545272
            23               4.1894631               0.0000000              -1.3272634
            24               4.1894631               0.0000000               0.0000000
            25               3.0960505               2.8224230              -9.2908449
            26               3.0960505               2.8224230              -7.9635811
            27               3.0960505               2.8224230              -6.6363177
            28               3.0960505               2.8224230              -5.3090544
            29               3.0960505               2.8224230              -3.9817905
            30               3.0960505               2.8224230              -2.6545272
            31               3.0960505               2.8224230              -1.3272634
            32               3.0960505               2.8224230               0.0000000
            33               3.5013041               2.1679158              -9.2908449
            34               3.5013041               2.1679158              -7.9635811
            35               3.5013041               2.1679158              -6.6363177
            36               3.5013041               2.1679158              -5.3090544
            37               3.5013041               2.1679158              -3.9817905
            38               3.5013041               2.1679158              -2.6545272
            39               3.5013041               2.1679158              -1.3272634
            40               3.5013041               2.1679158               0.0000000
            41               3.9065580               1.5134085              -9.2908449
            42               3.9065580               1.5134085              -7.9635811
            43               3.9065580               1.5134085              -6.6363177
            44               3.9065580               1.5134085              -5.3090544
            45               3.9065580               1.5134085              -3.9817905
            46               3.9065580               1.5134085              -2.6545272
            47               3.9065580               1.5134085              -1.3272634
            48               3.9065580               1.5134085               0.0000000
            49               1.8674043               3.7502537              -9.2908449
            50               1.8674043               3.7502537              -7.9635811
            51               1.8674043               3.7502537              -6.6363177
            52               1.8674043               3.7502537              -5.3090544
            53               1.8674043               3.7502537              -3.9817905
            54               1.8674043               3.7502537              -2.6545272
            55               1.8674043               3.7502537              -1.3272634
            56               1.8674043               3.7502537               0.0000000
            57               2.4817274               3.2863383              -9.2908449
            58               2.4817274               3.2863383              -7.9635811
            59               2.4817274               3.2863383              -6.6363177
            60               2.4817274               3.2863383              -5.3090544
            61               2.4817274               3.2863383              -3.9817905
            62               2.4817274               3.2863383              -2.6545272
            63               2.4817274               3.2863383              -1.3272634
            64               2.4817274               3.2863383               0.0000000
            65               3.0960505               2.8224230              -9.2908449
            66               3.0960505               2.8224230              -7.9635811
            67               3.0960505               2.8224230              -6.6363177
            68               3.0960505               2.8224230              -5.3090544
            69               3.0960505               2.8224230              -3.9817905
            70               3.0960505               2.8224230              -2.6545272
            71               3.0960505               2.8224230              -1.3272634
            72               3.0960505               2.8224230               0.0000000
            73               0.3865549               4.1715918              -9.2908449
            74               0.3865549               4.1715918              -7.9635811
            75               0.3865549               4.1715918              -6.6363177
            76               0.3865549               4.1715918              -5.3090544
            77               0.3865549               4.1715918              -3.9817905
            78               0.3865549               4.1715918              -2.6545272
            79               0.3865549               4.1715918              -1.3272634
            80               0.3865549               4.1715918               0.0000000
            81               1.1269796               3.9609227              -9.2908449
            82               1.1269796               3.9609227              -7.9635811
            83               1.1269796               3.9609227              -6.6363177
            84               1.1269796               3.9609227              -5.3090544
            85               1.1269796               3.9609227              -3.9817905
            86               1.1269796               3.9609227              -2.6545272
            87               1.1269796               3.9609227              -1.3272634
            88               1.1269796               3.9609227               0.0000000
            89               1.8674045               3.7502537              -9.2908449
            90               1.8674045               3.7502537              -7.9635811
            91               1.8674045               3.7502537              -6.6363177
            92               1.8674045               3.7502537              -5.3090544
            93               1.8674045               3.7502537              -3.9817905
            94               1.8674045               3.7502537              -2.6545272
            95               1.8674045               3.7502537              -1.3272634
            96               1.8674045               3.7502537               0.0000000
            97              -1.1465009               4.0295329              -9.2908449
            98              -1.1465009               4.0295329              -7.9635811
            99              -1.1465009               4.0295329              -6.6363177
           100              -1.1465009               4.0295329              -5.3090544
           101              -1.1465009               4.0295329              -3.9817905
           102              -1.1465009               4.0295329              -2.6545272
           103              -1.1465009               4.0295329              -1.3272634
           104              -1.1465009               4.0295329               0.0000000
           105              -0.3799731               4.1005621              -9.2908449
           106              -0.3799731               4.1005621              -7.9635811
           107              -0.3799731               4.1005621              -6.6363177
           108              -0.3799731               4.1005621              -5.3090544
           109              -0.3799731               4.1005621              -3.9817905
           110              -0.3799731               4.1005621              -2.6545272
           111              -0.3799731               4.1005621              -1.3272634
           112              -0.3799731               4.1005621               0.0000000
           113               0.3865548               4.1715918              -9.2908449
           114               0.3865548               4.1715918              -7.9635811
           115               0.3865548               4.1715918              -6.6363177
           116               0.3865548               4.1715918              -5.3090544
           117               0.3865548               4.1715918              -3.9817905
           118               0.3865548               4.1715918              -2.6545272
           119               0.3865548               4.1715918              -1.3272634
           120               0.3865548               4.1715918               0.0000000
           121              -2.5247157               3.3432636              -9.2908449
           122              -2.5247157               3.3432636              -7.9635811
           123              -2.5247157               3.3432636              -6.6363177
           124              -2.5247157               3.3432636              -5.3090544
           125              -2.5247157               3.3432636              -3.9817905
           126              -2.5247157               3.3432636              -2.6545272
           127              -2.5247157               3.3432636              -1.3272634
           128              -2.5247157               3.3432636               0.0000000
           129              -1.8356082               3.6863983              -9.2908449
           130              -1.8356082               3.6863983              -7.9635811
           131              -1.8356082               3.6863983              -6.6363177
           132              -1.8356082               3.6863983              -5.3090544
           133              -1.8356082               3.6863983              -3.9817905
           134              -1.8356082               3.6863983              -2.6545272
           135              -1.8356082               3.6863983              -1.3272634
           136              -1.8356082               3.6863983               0.0000000
           137              -1.1465009               4.0295329              -9.2908449
           138              -1.1465009               4.0295329              -7.9635811
           139              -1.1465009               4.0295329              -6.6363177
           140              -1.1465009               4.0295329              -5.3090544
           141              -1.1465009               4.0295329              -3.9817905
           142              -1.1465009               4.0295329              -2.6545272
           143              -1.1465009               4.0295329              -1.3272634
           144              -1.1465009               4.0295329               0.0000000
           145              -3.5619533               2.2054682              -9.2908449
           146              -3.5619533               2.2054682              -7.9635811
           147              -3.5619533               2.2054682              -6.6363177
           148              -3.5619533               2.2054682              -5.3090544
           149              -3.5619533               2.2054682              -3.9817905
           150              -3.5619533               2.2054682              -2.6545272
           151              -3.5619533               2.2054682              -1.3272634
           152              -3.5619533               2.2054682               0.0000000
           153              -3.0433345               2.7743659              -9.2908449
           154              -3.0433345               2.7743659              -7.9635811
           155              -3.0433345               2.7743659              -6.6363177
           156              -3.0433345               2.7743659              -5.3090544
           157              -3.0433345               2.7743659              -3.9817905
           158              -3.0433345               2.7743659              -2.6545272
           159              -3.0433345               2.7743659              -1.3272634
           160              -3.0433345               2.7743659               0.0000000
           161              -2.5247157               3.3432636              -9.2908449
           162              -2.5247157               3.3432636              -7.9635811
           163              -2.5247157               3.3432636              -6.6363177
           164              -2.5247157               3.3432636              -5.3090544
           165              -2.5247157               3.3432636              -3.9817905
           166              -2.5247157               3.3432636              -2.6545272
           167              -2.5247157               3.3432636              -1.3272634
           168              -2.5247157               3.3432636               0.0000000
           169              -4.1181297               0.7698118              -9.2908449
           170              -4.1181297               0.7698118              -7.9635811
           171              -4.1181297               0.7698118              -6.6363177
           172              -4.1181297               0.7698118              -5.3090544
           173              -4.1181297               0.7698118              -3.9817905
           174              -4.1181297               0.7698118              -2.6545272
           175              -4.1181297               0.7698118              -1.3272634
           176              -4.1181297               0.7698118               0.0000000
           177              -3.8400416               1.4876399              -9.2908449
           178              -3.8400416               1.4876399              -7.9635811
           179              -3.8400416               1.4876399              -6.6363177
           180              -3.8400416               1.4876399              -5.3090544
           181              -3.8400416               1.4876399              -3.9817905
           182              -3.8400416               1.4876399              -2.6545272
           183              -3.8400416               1.4876399              -1.3272634
           184              -3.8400416               1.4876399               0.0000000
           185              -3.5619533               2.2054682              -9.2908449
           186              -3.5619533               2.2054682              -7.9635811
           187              -3.5619533               2.2054682              -6.6363177
           188              -3.5619533               2.2054682              -5.3090544
           189              -3.5619533               2.2054682              -3.9817905
           190              -3.5619533               2.2054682              -2.6545272
           191              -3.5619533               2.2054682              -1.3272634
           192              -3.5619533               2.2054682               0.0000000
           193              -4.1181297              -0.7698118              -9.2908449
           194              -4.1181297              -0.7698118              -7.9635811
           195              -4.1181297              -0.7698118              -6.6363177
           196              -4.1181297              -0.7698118              -5.3090544
           197              -4.1181297              -0.7698118              -3.9817905
           198              -4.1181297              -0.7698118              -2.6545272
           199              -4.1181297              -0.7698118              -1.3272634
           200              -4.1181297              -0.7698118               0.0000000
           201              -4.1181297               0.0000000              -9.2908449
           202              -4.1181297               0.0000000              -7.9635811
           203              -4.1181297               0.0000000              -6.6363177
           204              -4.1181297               0.0000000              -5.3090544
           205              -4.1181297               0.0000000              -3.9817905
           206              -4.1181297               0.0000000              -2.6545272
           207              -4.1181297               0.0000000              -1.3272634
           208              -4.1181297               0.0000000               0.0000000
           209              -4.1181297               0.7698118              -9.2908449
           210              -4.1181297               0.7698118              -7.9635811
           211              -4.1181297               0.7698118              -6.6363177
           212              -4.1181297               0.7698118              -5.3090544
           213              -4.1181297               0.7698118              -3.9817905
           214              -4.1181297               0.7698118              -2.6545272
           215              -4.1181297               0.7698118              -1.3272634
           216              -4.1181297               0.7698118               0.0000000
           217              -3.5619533              -2.2054682              -9.2908449
           218              -3.5619533              -2.2054682              -7.9635811
           219              -3.5619533              -2.2054682              -6.6363177
           220              -3.5619533              -2.2054682              -5.3090544
           221              -3.5619533              -2.2054682              -3.9817905
           222              -3.5619533              -2.2054682              -2.6545272
           223              -3.5619533              -2.2054682              -1.3272634
           224              -3.5619533              -2.2054682               0.0000000
           225              -3.8400416              -1.4876400              -9.2908449
           226              -3.8400416              -1.4876400              -7.9635811
           227              -3.8400416              -1.4876400              -6.6363177
           228              -3.8400416              -1.4876400              -5.3090544
           229              -3.8400416              -1.4876400              -3.9817905
           230              -3.8400416              -1.4876400              -2.6545272
           231              -3.8400416              -1.4876400              -1.3272634
           232              -3.8400416              -1.4876400               0.0000000
           233              -4.1181297              -0.7698119              -9.2908449
           234              -4.1181297              -0.7698119              -7.9635811
           235              -4.1181297              -0.7698119              -6.6363177
           236              -4.1181297              -0.7698119              -5.3090544
           237              -4.1181297              -0.7698119              -3.9817905
           238              -4.1181297              -0.7698119              -2.6545272
           239              -4.1181297              -0.7698119              -1.3272634
           240              -4.1181297              -0.7698119               0.0000000
           241              -2.5247157              -3.3432636              -9.2908449
           242              -2.5247157              -3.3432636              -7.9635811
           243              -2.5247157              -3.3432636              -6.6363177
           244              -2.5247157              -3.3432636              -5.3090544
           245              -2.5247157              -3.3432636              -3.9817905
           246              -2.5247157              -3.3432636              -2.6545272
           247              -2.5247157              -3.3432636              -1.3272634
           248              -2.5247157              -3.3432636               0.0000000
           249              -3.0433345              -2.7743659              -9.2908449
           250              -3.0433345              -2.7743659              -7.9635811
           251              -3.0433345              -2.7743659              -6.6363177
           252              -3.0433345              -2.7743659              -5.3090544
           253              -3.0433345              -2.7743659              -3.9817905
           254              -3.0433345              -2.7743659              -2.6545272
           255              -3.0433345              -2.7743659              -1.3272634
           256              -3.0433345              -2.7743659               0.0000000
           257              -3.5619533              -2.2054682              -9.2908449
           258              -3.5619533              -2.2054682              -7.9635811
           259              -3.5619533              -2.2054682              -6.6363177
           260              -3.5619533              -2.2054682              -5.3090544
           261              -3.5619533              -2.2054682              -3.9817905
           262              -3.5619533              -2.2054682              -2.6545272
           263              -3.5619533              -2.2054682              -1.3272634
           264              -3.5619533              -2.2054682               0.0000000
           265              -1.1465009              -4.0295329              -9.2908449
           266              -1.1465009              -4.0295329              -7.9635811
           267              -1.1465009              -4.0295329              -6.6363177
           268              -1.1465009              -4.0295329              -5.3090544
           269              -1.1465009              -4.0295329              -3.9817905
           270              -1.1465009              -4.0295329              -2.6545272
           271              -1.1465009              -4.0295329              -1.3272634
           272              -1.1465009              -4.0295329               0.0000000
           273              -1.8356082              -3.6863983              -9.2908449
           274              -1.8356082              -3.6863983              -7.9635811
           275              -1.8356082              -3.6863983              -6.6363177
           276              -1.8356082              -3.6863983              -5.3090544
           277              -1.8356082              -3.6863983              -3.9817905
           278              -1.8356082              -3.6863983              -2.6545272
           279              -1.8356082              -3.6863983              -1.3272634
           280              -1.8356082              -3.6863983               0.0000000
           281              -2.5247157              -3.3432636              -9.2908449
           282              -2.5247157              -3.3432636              -7.9635811
           283              -2.5247157              -3.3432636              -6.6363177
           284              -2.5247157              -3.3432636              -5.3090544
           285              -2.5247157              -3.3432636              -3.9817905
           286              -2.5247157              -3.3432636              -2.6545272
           287              -2.5247157              -3.3432636              -1.3272634
           288              -2.5247157              -3.3432636               0.0000000
           289               0.3865549              -4.1715918              -9.2908449
           290               0.3865549              -4.1715918              -7.9635811
           291               0.3865549              -4.1715918              -6.6363177
           292               0.3865549              -4.1715918              -5.3090544
           293               0.3865549              -4.1715918              -3.9817905
           294               0.3865549              -4.1715918              -2.6545272
           295               0.3865549              -4.1715918              -1.3272634
           296               0.3865549              -4.1715918               0.0000000
           297              -0.3799730              -4.1005621              -9.2908449
           298              -0.3799730              -4.1005621              -7.9635811
           299              -0.3799730              -4.1005621              -6.6363177
           300              -0.3799730              -4.1005621              -5.3090544
           301              -0.3799730              -4.1005621              -3.9817905
           302              -0.3799730              -4.1005621              -2.6545272
           303              -0.3799730              -4.1005621              -1.3272634
           304              -0.3799730              -4.1005621               0.0000000
           305              -1.1465008              -4.0295329              -9.2908449
           306              -1.1465008              -4.0295329              -7.9635811
           307              -1.1465008              -4.0295329              -6.6363177
           308              -1.1465008              -4.0295329              -5.3090544
           309              -1.1465008              -4.0295329              -3.9817905
           310              -1.1465008              -4.0295329              -2.6545272
           311              -1.1465008              -4.0295329              -1.3272634
           312              -1.1465008              -4.0295329               0.0000000
           313               1.8674043              -3.7502537              -9.2908449
           314               1.8674043              -3.7502537              -7.9635811
           315               1.8674043              -3.7502537              -6.6363177
           316               1.8674043              -3.7502537              -5.3090544
           317               1.8674043              -3.7502537              -3.9817905
           318               1.8674043              -3.7502537              -2.6545272
           319               1.8674043              -3.7502537              -1.3272634
           320               1.8674043              -3.7502537               0.0000000
           321               1.1269796              -3.9609227              -9.2908449
           322               1.1269796              -3.9609227              -7.9635811
           323               1.1269796              -3.9609227              -6.6363177
           324               1.1269796              -3.9609227              -5.3090544
           325               1.1269796              -3.9609227              -3.9817905
           326               1.1269796              -3.9609227              -2.6545272
           327               1.1269796              -3.9609227              -1.3272634
           328               1.1269796              -3.9609227               0.0000000
           329               0.3865548              -4.1715918              -9.2908449
           330               0.3865548              -4.1715918              -7.9635811
           331               0.3865548              -4.1715918              -6.6363177
           332               0.3865548              -4.1715918              -5.3090544
           333               0.3865548              -4.1715918              -3.9817905
           334               0.3865548              -4.1715918              -2.6545272
           335               0.3865548              -4.1715918              -1.3272634
           336               0.3865548              -4.1715918               0.0000000
           337               3.0960505              -2.8224230              -9.2908449
           338               3.0960505              -2.8224230              -7.9635811
           339               3.0960505              -2.8224230              -6.6363177
           340               3.0960505              -2.8224230              -5.3090544
           341               3.0960505              -2.8224230              -3.9817905
           342               3.0960505              -2.8224230              -2.6545272
           343               3.0960505              -2.8224230              -1.3272634
           344               3.0960505              -2.8224230               0.0000000
           345               2.4817274              -3.2863383              -9.2908449
           346               2.4817274              -3.2863383              -7.9635811
           347               2.4817274              -3.2863383              -6.6363177
           348               2.4817274              -3.2863383              -5.3090544
           349               2.4817274              -3.2863383              -3.9817905
           350               2.4817274              -3.2863383              -2.6545272
           351               2.4817274              -3.2863383              -1.3272634
           352               2.4817274              -3.2863383               0.0000000
           353               1.8674043              -3.7502537              -9.2908449
           354               1.8674043              -3.7502537              -7.9635811
           355               1.8674043              -3.7502537              -6.6363177
           356               1.8674043              -3.7502537              -5.3090544
           357               1.8674043              -3.7502537              -3.9817905
           358               1.8674043              -3.7502537              -2.6545272
           359               1.8674043              -3.7502537              -1.3272634
           360               1.8674043              -3.7502537               0.0000000
           361               3.9065580              -1.5134085              -9.2908449
           362               3.9065580              -1.5134085              -7.9635811
           363               3.9065580              -1.5134085              -6.6363177
           364               3.9065580              -1.5134085              -5.3090544
           365               3.9065580              -1.5134085              -3.9817905
           366               3.9065580              -1.5134085              -2.6545272
           367               3.9065580              -1.5134085              -1.3272634
           368               3.9065580              -1.5134085               0.0000000
           369               3.5013041              -2.1679158              -9.2908449
           370               3.5013041              -2.1679158              -7.9635811
           371               3.5013041              -2.1679158              -6.6363177
           372               3.5013041              -2.1679158              -5.3090544
           373               3.5013041              -2.1679158              -3.9817905
           374               3.5013041              -2.1679158              -2.6545272
           375               3.5013041              -2.1679158              -1.3272634
           376               3.5013041              -2.1679158               0.0000000
           377               3.0960505              -2.8224230              -9.2908449
           378               3.0960505              -2.8224230              -7.9635811
           379               3.0960505              -2.8224230              -6.6363177
           380               3.0960505              -2.8224230              -5.3090544
           381               3.0960505              -2.8224230              -3.9817905
           382               3.0960505              -2.8224230              -2.6545272
           383               3.0960505              -2.8224230              -1.3272634
           384               3.0960505              -2.8224230               0.0000000
           385               4.1894631               0.0000000              -9.2908449
           386               4.1894631               0.0000000              -7.9635811
           387               4.1894631               0.0000000              -6.6363177
           388               4.1894631               0.0000000              -5.3090544
           389               4.1894631               0.0000000              -3.9817905
           390               4.1894631               0.0000000              -2.6545272
           391               4.1894631               0.0000000              -1.3272634
           392               4.1894631               0.0000000               0.0000000
           393               4.0480108              -0.7567043              -9.2908449
           394               4.0480108              -0.7567043              -7.9635811
           395               4.0480108              -0.7567043              -6.6363177
           396               4.0480108              -0.7567043              -5.3090544
           397               4.0480108              -0.7567043              -3.9817905
           398               4.0480108              -0.7567043              -2.6545272
           399               4.0480108              -0.7567043              -1.3272634
           400               4.0480108              -0.7567043               0.0000000
           401               3.9065580              -1.5134085              -9.2908449
           402               3.9065580              -1.5134085              -7.9635811
           403               3.9065580              -1.5134085              -6.6363177
           404               3.9065580              -1.5134085              -5.3090544
           405               3.9065580              -1.5134085              -3.9817905
           406               3.9065580              -1.5134085              -2.6545272
           407               3.9065580              -1.5134085              -1.3272634
           408               3.9065580              -1.5134085               0.0000000
           409               0.0000000               0.0000000              -9.2908449
           410               0.0000000               0.0000000              -9.2908449
           411               1.3964877               0.0000000              -9.2908449
           412               1.3021860               0.5044695              -9.2908449
           413               2.7929754               0.0000000              -9.2908449
           414               2.6043720               1.0089390              -9.2908449
           415               4.1894631               0.0000000              -9.2908449
           416               3.9065580               1.5134085              -9.2908449
           417               0.0000000               0.0000000              -9.2908449
           418               0.0000000               0.0000000              -9.2908449
           419               1.3021860               0.5044695              -9.2908449
           420               1.0320169               0.9408076              -9.2908449
           421               2.6043720               1.0089390              -9.2908449
           422               2.0640337               1.8816153              -9.2908449
           423               3.9065580               1.5134085              -9.2908449
           424               3.0960505               2.8224230              -9.2908449
           425               0.0000000               0.0000000              -9.2908449
           426               0.0000000               0.0000000              -9.2908449
           427               1.0320169               0.9408076              -9.2908449
           428               0.6224681               1.2500845              -9.2908449
           429               2.0640337               1.8816153              -9.2908449
           430               1.2449362               2.5001690              -9.2908449
           431               3.0960505               2.8224230              -9.2908449
           432               1.8674043               3.7502537              -9.2908449
           433               0.0000000               0.0000000              -9.2908449
           434               0.0000000               0.0000000              -9.2908449
           435               0.6224681               1.2500845              -9.2908449
           436               0.1288517               1.3905306              -9.2908449
           437               1.2449362               2.5001690              -9.2908449
           438               0.2577033               2.7810612              -9.2908449
           439               1.8674043               3.7502537              -9.2908449
           440               0.3865548               4.1715918              -9.2908449
           441               0.0000000               0.0000000              -9.2908449
           442               0.0000000               0.0000000              -9.2908449
           443               0.1288516               1.3905306              -9.2908449
           444              -0.3821670               1.3431777              -9.2908449
           445               0.2577033               2.7810612              -9.2908449
           446              -0.7643340               2.6863554              -9.2908449
           447               0.3865549               4.1715918              -9.2908449
           448              -1.1465009               4.0295329              -9.2908449
           449               0.0000000               0.0000000              -9.2908449
           450               0.0000000               0.0000000              -9.2908449
           451              -0.3821670               1.3431777              -9.2908449
           452              -0.8415719               1.1144212              -9.2908449
           453              -0.7643340               2.6863554              -9.2908449
           454              -1.6831437               2.2288425              -9.2908449
           455              -1.1465009               4.0295329              -9.2908449
           456              -2.5247157               3.3432636              -9.2908449
           457               0.0000000               0.0000000              -9.2908449
           458               0.0000000               0.0000000              -9.2908449
           459              -0.8415719               1.1144212              -9.2908449
           460              -1.1873177               0.7351561              -9.2908449
           461              -1.6831437               2.2288425              -9.2908449
           462              -2.3746355               1.4703121              -9.2908449
           463              -2.5247157               3.3432636              -9.2908449
           464              -3.5619533               2.2054682              -9.2908449
           465               0.0000000               0.0000000              -9.2908449
           466               0.0000000               0.0000000              -9.2908449
           467              -1.1873177               0.7351561              -9.2908449
           468              -1.3727099               0.2566039              -9.2908449
           469              -2.3746355               1.4703121              -9.2908449
           470              -2.7454197               0.5132079              -9.2908449
           471              -3.5619533               2.2054682              -9.2908449
           472              -4.1181297               0.7698119              -9.2908449
           473               0.0000000               0.0000000              -9.2908449
           474               0.0000000               0.0000000              -9.2908449
           475              -1.3727099               0.2566039              -9.2908449
           476              -1.3727099              -0.2566039              -9.2908449
           477              -2.7454197               0.5132079              -9.2908449
           478              -2.7454197              -0.5132079              -9.2908449
           479              -4.1181297               0.7698118              -9.2908449
           480              -4.1181297              -0.7698118              -9.2908449
           481               0.0000000               0.0000000              -9.2908449
           482               0.0000000               0.0000000              -9.2908449
           483              -1.3727099              -0.2566039              -9.2908449
           484              -1.1873177              -0.7351561              -9.2908449
           485              -2.7454197              -0.5132079              -9.2908449
           486              -2.3746355              -1.4703121              -9.2908449
           487              -4.1181297              -0.7698118              -9.2908449
           488              -3.5619533              -2.2054682              -9.2908449
           489               0.0000000               0.0000000              -9.2908449
           490               0.0000000               0.0000000              -9.2908449
           491              -1.1873177              -0.7351561              -9.2908449
           492              -0.8415719              -1.1144212              -9.2908449
           493              -2.3746355              -1.4703121              -9.2908449
           494              -1.6831437              -2.2288425              -9.2908449
           495              -3.5619533              -2.2054682              -9.2908449
           496              -2.5247157              -3.3432636              -9.2908449
           497               0.0000000               0.0000000              -9.2908449
           498               0.0000000               0.0000000              -9.2908449
           499              -0.8415719              -1.1144212              -9.2908449
           500              -0.3821670              -1.3431777              -9.2908449
           501              -1.6831437              -2.2288425              -9.2908449
           502              -0.7643340              -2.6863554              -9.2908449
           503              -2.5247157              -3.3432636              -9.2908449
           504              -1.1465009              -4.0295329              -9.2908449
           505               0.0000000               0.0000000              -9.2908449
           506               0.0000000               0.0000000              -9.2908449
           507              -0.3821670              -1.3431777              -9.2908449
           508               0.1288517              -1.3905306              -9.2908449
           509              -0.7643340              -2.6863554              -9.2908449
           510               0.2577033              -2.7810612              -9.2908449
           511              -1.1465009              -4.0295329              -9.2908449
           512               0.3865548              -4.1715918              -9.2908449
           513               0.0000000               0.0000000              -9.2908449
           514               0.0000000               0.0000000              -9.2908449
           515               0.1288516              -1.3905306              -9.2908449
           516               0.6224681              -1.2500845              -9.2908449
           517               0.2577033              -2.7810612              -9.2908449
           518               1.2449362              -2.5001690              -9.2908449
           519               0.3865549              -4.1715918              -9.2908449
           520               1.8674043              -3.7502537              -9.2908449
           521               0.0000000               0.0000000              -9.2908449
           522               0.0000000               0.0000000              -9.2908449
           523               0.6224681              -1.2500845              -9.2908449
           524               1.0320169              -0.9408076              -9.2908449
           525               1.2449362              -2.5001690              -9.2908449
           526               2.0640337              -1.8816153              -9.2908449
           527               1.8674043              -3.7502537              -9.2908449
           528               3.0960505              -2.8224230              -9.2908449
           529               0.0000000               0.0000000              -9.2908449
           530               0.0000000               0.0000000              -9.2908449
           531               1.0320169              -0.9408076              -9.2908449
           532               1.3021860              -0.5044695              -9.2908449
           533               2.0640337              -1.8816153              -9.2908449
           534               2.6043720              -1.0089390              -9.2908449
           535               3.0960505              -2.8224230              -9.2908449
           536               3.9065580              -1.5134085              -9.2908449
           537               0.0000000               0.0000000              -9.2908449
           538               0.0000000               0.0000000              -9.2908449
           539               1.3021860              -0.5044695              -9.2908449
           540               1.3964877               0.0000000              -9.2908449
           541               2.6043720              -1.0089390              -9.2908449
           542               2.7929754               0.0000000              -9.2908449
           543               3.9065580              -1.5134085              -9.2908449
           544               4.1894631               0.0000000              -9.2908449
             0          0.00          0.00          0.00
               1               2              10               9
               2               3              11              10
               3               4              12              11
               4               5              13              12
               5               6              14              13
               6               7              15              14
               7               8              16              15
               9              10              18              17
              10              11              19              18
              11              12              20              19
              12              13              21              20
              13              14              22              21
              14              15              23              22
              15              16              24              23
              25              26              34              33
              26              27              35              34
              27              28              36              35
              28              29              37              36
              29              30              38              37
              30              31              39              38
              31              32              40              39
              33              34              42              41
              34              35              43              42
              35              36              44              43
              36              37              45              44
              37              38              46              45
              38              39              47              46
              39              40              48              47
              49              50              58              57
              50              51              59              58
              51              52              60              59
              52              53              61              60
              53              54              62              61
              54              55              63              62
              55              56              64              63
              57              58              66              65
              58              59              67              66
              59              60              68              67
              60              61              69              68
              61              62              70              69
              62              63              71              70
              63              64              72              71
              73              74              82              81
              74              75              83              82
              75              76              84              83
              76              77              85              84
              77              78              86              85
              78              79              87              86
              79              80              88              87
              81              82              90              89
              82              83              91              90
              83              84              92              91
              84              85              93              92
              85              86              94              93
              86              87              95              94
              87              88              96              95
              97              98             106             105
              98              99             107             106
              99             100             108             107
             100             101             109             108
             101             102             110             109
             102             103             111             110
             103             104             112             111
             105             106             114             113
             106             107             115             114
             107             108             116             115
             108             109             117             116
             109             110             118             117
             110             111             119             118
             111             112             120             119
             121             122             130             129
             122             123             131             130
             123             124             132             131
             124             125             133             132
             125             126             134             133
             126             127             135             134
             127             128             136             135
             129             130             138             137
             130             131             139             138
             131             132             140             139
             132             133             141             140
             133             134             142             141
             134             135             143             142
             135             136             144             143
             145             146             154             153
             146             147             155             154
             147             148             156             155
             148             149             157             156
             149             150             158             157
             150             151             159             158
             151             152             160             159
             153             154             162             161
             154             155             163             162
             155             156             164             163
             156             157             165             164
             157             158             166             165
             158             159             167             166
             159             160             168             167
             169             170             178             177
             170             171             179             178
             171             172             180             179
             172             173             181             180
             173             174             182             181
             174             175             183             182
             175             176             184             183
             177             178             186             185
             178             179             187             186
             179             180             188             187
             180             181             189             188
             181             182             190             189
             182             183             191             190
             183             184             192             191
             193             194             202             201
             194             195             203             202
             195             196             204             203
             196             197             205             204
             197             198             206             205
             198             199             207             206
             199             200             208             207
             201             202             210             209
             202             203             211             210
             203             204             212             211
             204             205             213             212
             205             206             214             213
             206             207             215             214
             207             208             216             215
             217             218             226             225
             218             219             227             226
             219             220             228             227
             220             221             229             228
             221             222             230             229
             222             223             231             230
             223             224             232             231
             225             226             234             233
             226             227             235             234
             227             228             236             235
             228             229             237             236
             229             230             238             237
             230             231             239             238
             231             232             240             239
             241             242             250             249
             242             243             251             250
             243             244             252             251
             244             245             253             252
             245             246             254             253
             246             247             255             254
             247             248             256             255
             249             250             258             257
             250             251             259             258
             251             252             260             259
             252             253             261             260
             253             254             262             261
             254             255             263             262
             255             256             264             263
             265             266             274             273
             266             267             275             274
             267             268             276             275
             268             269             277             276
             269             270             278             277
             270             271             279             278
             271             272             280             279
             273             274             282             281
             274             275             283             282
             275             276             284             283
             276             277             285             284
             277             278             286             285
             278             279             287             286
             279             280             288             287
             289             290             298             297
             290             291             299             298
             291             292             300             299
             292             293             301             300
             293             294             302             301
             294             295             303             302
             295             296             304             303
             297             298             306             305
             298             299             307             306
             299             300             308             307
             300             301             309             308
             301             302             310             309
             302             303             311             310
             303             304             312             311
             313             314             322             321
             314             315             323             322
             315             316             324             323
             316             317             325             324
             317             318             326             325
             318             319             327             326
             319             320             328             327
             321             322             330             329
             322             323             331             330
             323             324             332             331
             324             325             333             332
             325             326             334             333
             326             327             335             334
             327             328             336             335
             337             338             346             345
             338             339             347             346
             339             340             348             347
             340             341             349             348
             341             342             350             349
             342             343             351             350
             343             344             352             351
             345             346             354             353
             346             347             355             354
             347             348             356             355
             348             349             357             356
             349             350             358             357
             350             351             359             358
             351             352             360             359
             361             362             370             369
             362             363             371             370
             363             364             372             371
             364             365             373             372
             365             366             374             373
             366             367             375             374
             367             368             376             375
             369             370             378             377
             370             371             379             378
             371             372             380             379
             372             373             381             380
             373             374             382             381
             374             375             383             382
             375             376             384             383
             385             386             394             393
             386             387             395             394
             387             388             396             395
             388             389             397             396
             389             390             398             397
             390             391             399             398
             391             392             400             399
             393             394             402             401
             394             395             403             402
             395             396             404             403
             396             397             405             404
             397             398             406             405
             398             399             407             406
             399             400             408             407
             409             410             412             411
             411             412             414             413
             413             414             416             415
             417             418             420             419
             419             420             422             421
             421             422             424             423
             425             426             428             427
             427             428             430             429
             429             430             432             431
             433             434             436             435
             435             436             438             437
             437             438             440             439
             441             442             444             443
             443             444             446             445
             445             446             448             447
             449             450             452             451
             451             452             454             453
             453             454             456             455
             457             458             460             459
             459             460             462             461
             461             462             464             463
             465             466             468             467
             467             468             470             469
             469             470             472             471
             473             474             476             475
             475             476             478             477
             477             478             480             479
             481             482             484             483
             483             484             486             485
             485             486             488             487
             489             490             492             491
             491             492             494             493
             493             494             496             495
             497             498             500             499
             499             500             502             501
             501             502             504             503
             505             506             508             507
             507             508             510             509
             509             510             512             511
             513             514             516             515
             515             516             518             517
             517             518             520             519
             521             522             524             523
             523             524             526             525
             525             526             528             527
             529             530             532             531
             531             532             534             533
             533             534             536             535
             537             538             540             539
             539             540             542             541
             541             542             544             543
          0          0          0          0
