                    2          0
             1               1.5058408               0.5833659              -7.7323422
             2               1.5058408               0.5833659              -6.8731933
             3               1.5058408               0.5833659              -6.0140438
             4               1.5058408               0.5833659              -5.1548948
             5               1.5058408               0.5833659              -4.2957458
             6               1.5058408               0.5833659              -3.4365964
             7               1.5058408               0.5833659              -2.5774474
             8               1.5058408               0.5833659              -1.7182984
             9               1.5058408               0.5833659              -0.8591490
            10               1.5058408               0.5833659               0.0000000
            11               1.6148908               0.0000000              -7.7323422
            12               1.6148908               0.0000000              -6.8731933
            13               1.6148908               0.0000000              -6.0140438
            14               1.6148908               0.0000000              -5.1548948
            15               1.6148908               0.0000000              -4.2957458
            16               1.6148908               0.0000000              -3.4365964
            17               1.6148908               0.0000000              -2.5774474
            18               1.6148908               0.0000000              -1.7182984
            19               1.6148908               0.0000000              -0.8591490
            20               1.6148908               0.0000000               0.0000000
            21               1.1934187               1.0879449              -7.7323422
            22               1.1934187               1.0879449              -6.8731933
            23               1.1934187               1.0879449              -6.0140438
            24               1.1934187               1.0879449              -5.1548948
            25               1.1934187               1.0879449              -4.2957458
            26               1.1934187               1.0879449              -3.4365964
            27               1.1934187               1.0879449              -2.5774474
            28               1.1934187               1.0879449              -1.7182984
            29               1.1934187               1.0879449              -0.8591490
            30               1.1934187               1.0879449               0.0000000
            31               1.5058408               0.5833659              -7.7323422
            32               1.5058408               0.5833659              -6.8731933
            33               1.5058408               0.5833659              -6.0140438
            34               1.5058408               0.5833659              -5.1548948
            35               1.5058408               0.5833659              -4.2957458
            36               1.5058408               0.5833659              -3.4365964
            37               1.5058408               0.5833659              -2.5774474
            38               1.5058408               0.5833659              -1.7182984
            39               1.5058408               0.5833659              -0.8591490
            40               1.5058408               0.5833659               0.0000000
            41               0.7198188               1.4455910              -7.7323422
            42               0.7198188               1.4455910              -6.8731933
            43               0.7198188               1.4455910              -6.0140438
            44               0.7198188               1.4455910              -5.1548948
            45               0.7198188               1.4455910              -4.2957458
            46               0.7198188               1.4455910              -3.4365964
            47               0.7198188               1.4455910              -2.5774474
            48               0.7198188               1.4455910              -1.7182984
            49               0.7198188               1.4455910              -0.8591490
            50               0.7198188               1.4455910               0.0000000
            51               1.1934187               1.0879449              -7.7323422
            52               1.1934187               1.0879449              -6.8731933
            53               1.1934187               1.0879449              -6.0140438
            54               1.1934187               1.0879449              -5.1548948
            55               1.1934187               1.0879449              -4.2957458
            56               1.1934187               1.0879449              -3.4365964
            57               1.1934187               1.0879449              -2.5774474
            58               1.1934187               1.0879449              -1.7182984
            59               1.1934187               1.0879449              -0.8591490
            60               1.1934187               1.0879449               0.0000000
            61               0.1490033               1.6080019              -7.7323422
            62               0.1490033               1.6080019              -6.8731933
            63               0.1490033               1.6080019              -6.0140438
            64               0.1490033               1.6080019              -5.1548948
            65               0.1490033               1.6080019              -4.2957458
            66               0.1490033               1.6080019              -3.4365964
            67               0.1490033               1.6080019              -2.5774474
            68               0.1490033               1.6080019              -1.7182984
            69               0.1490033               1.6080019              -0.8591490
            70               0.1490033               1.6080019               0.0000000
            71               0.7198187               1.4455910              -7.7323422
            72               0.7198187               1.4455910              -6.8731933
            73               0.7198187               1.4455910              -6.0140438
            74               0.7198187               1.4455910              -5.1548948
            75               0.7198187               1.4455910              -4.2957458
            76               0.7198187               1.4455910              -3.4365964
            77               0.7198187               1.4455910              -2.5774474
            78               0.7198187               1.4455910              -1.7182984
            79               0.7198187               1.4455910              -0.8591490
            80               0.7198187               1.4455910               0.0000000
            81              -0.4419359               1.5532434              -7.7323422
            82              -0.4419359               1.5532434              -6.8731933
            83              -0.4419359               1.5532434              -6.0140438
            84              -0.4419359               1.5532434              -5.1548948
            85              -0.4419359               1.5532434              -4.2957458
            86              -0.4419359               1.5532434              -3.4365964
            87              -0.4419359               1.5532434              -2.5774474
            88              -0.4419359               1.5532434              -1.7182984
            89              -0.4419359               1.5532434              -0.8591490
            90              -0.4419359               1.5532434               0.0000000
            91               0.1490033               1.6080019              -7.7323422
            92               0.1490033               1.6080019              -6.8731933
            93               0.1490033               1.6080019              -6.0140438
            94               0.1490033               1.6080019              -5.1548948
            95               0.1490033               1.6080019              -4.2957458
            96               0.1490033               1.6080019              -3.4365964
            97               0.1490033               1.6080019              -2.5774474
            98               0.1490033               1.6080019              -1.7182984
            99               0.1490033               1.6080019              -0.8591490
           100               0.1490033               1.6080019               0.0000000
           101              -0.9731891               1.2887107              -7.7323422
           102              -0.9731891               1.2887107              -6.8731933
           103              -0.9731891               1.2887107              -6.0140438
           104              -0.9731891               1.2887107              -5.1548948
           105              -0.9731891               1.2887107              -4.2957458
           106              -0.9731891               1.2887107              -3.4365964
           107              -0.9731891               1.2887107              -2.5774474
           108              -0.9731891               1.2887107              -1.7182984
           109              -0.9731891               1.2887107              -0.8591490
           110              -0.9731891               1.2887107               0.0000000
           111              -0.4419359               1.5532434              -7.7323422
           112              -0.4419359               1.5532434              -6.8731933
           113              -0.4419359               1.5532434              -6.0140438
           114              -0.4419359               1.5532434              -5.1548948
           115              -0.4419359               1.5532434              -4.2957458
           116              -0.4419359               1.5532434              -3.4365964
           117              -0.4419359               1.5532434              -2.5774474
           118              -0.4419359               1.5532434              -1.7182984
           119              -0.4419359               1.5532434              -0.8591490
           120              -0.4419359               1.5532434               0.0000000
           121              -1.3730078               0.8501305              -7.7323422
           122              -1.3730078               0.8501305              -6.8731933
           123              -1.3730078               0.8501305              -6.0140438
           124              -1.3730078               0.8501305              -5.1548948
           125              -1.3730078               0.8501305              -4.2957458
           126              -1.3730078               0.8501305              -3.4365964
           127              -1.3730078               0.8501305              -2.5774474
           128              -1.3730078               0.8501305              -1.7182984
           129              -1.3730078               0.8501305              -0.8591490
           130              -1.3730078               0.8501305               0.0000000
           131              -0.9731891               1.2887107              -7.7323422
           132              -0.9731891               1.2887107              -6.8731933
           133              -0.9731891               1.2887107              -6.0140438
           134              -0.9731891               1.2887107              -5.1548948
           135              -0.9731891               1.2887107              -4.2957458
           136              -0.9731891               1.2887107              -3.4365964
           137              -0.9731891               1.2887107              -2.5774474
           138              -0.9731891               1.2887107              -1.7182984
           139              -0.9731891               1.2887107              -0.8591490
           140              -0.9731891               1.2887107               0.0000000
           141              -1.5873942               0.2967354              -7.7323422
           142              -1.5873942               0.2967354              -6.8731933
           143              -1.5873942               0.2967354              -6.0140438
           144              -1.5873942               0.2967354              -5.1548948
           145              -1.5873942               0.2967354              -4.2957458
           146              -1.5873942               0.2967354              -3.4365964
           147              -1.5873942               0.2967354              -2.5774474
           148              -1.5873942               0.2967354              -1.7182984
           149              -1.5873942               0.2967354              -0.8591490
           150              -1.5873942               0.2967354               0.0000000
           151              -1.3730078               0.8501305              -7.7323422
           152              -1.3730078               0.8501305              -6.8731933
           153              -1.3730078               0.8501305              -6.0140438
           154              -1.3730078               0.8501305              -5.1548948
           155              -1.3730078               0.8501305              -4.2957458
           156              -1.3730078               0.8501305              -3.4365964
           157              -1.3730078               0.8501305              -2.5774474
           158              -1.3730078               0.8501305              -1.7182984
           159              -1.3730078               0.8501305              -0.8591490
           160              -1.3730078               0.8501305               0.0000000
           161              -1.5873942              -0.2967354              -7.7323422
           162              -1.5873942              -0.2967354              -6.8731933
           163              -1.5873942              -0.2967354              -6.0140438
           164              -1.5873942              -0.2967354              -5.1548948
           165              -1.5873942              -0.2967354              -4.2957458
           166              -1.5873942              -0.2967354              -3.4365964
           167              -1.5873942              -0.2967354              -2.5774474
           168              -1.5873942              -0.2967354              -1.7182984
           169              -1.5873942              -0.2967354              -0.8591490
           170              -1.5873942              -0.2967354               0.0000000
           171              -1.5873942               0.2967354              -7.7323422
           172              -1.5873942               0.2967354              -6.8731933
           173              -1.5873942               0.2967354              -6.0140438
           174              -1.5873942               0.2967354              -5.1548948
           175              -1.5873942               0.2967354              -4.2957458
           176              -1.5873942               0.2967354              -3.4365964
           177              -1.5873942               0.2967354              -2.5774474
           178              -1.5873942               0.2967354              -1.7182984
           179              -1.5873942               0.2967354              -0.8591490
           180              -1.5873942               0.2967354               0.0000000
           181              -1.3730078              -0.8501305              -7.7323422
           182              -1.3730078              -0.8501305              -6.8731933
           183              -1.3730078              -0.8501305              -6.0140438
           184              -1.3730078              -0.8501305              -5.1548948
           185              -1.3730078              -0.8501305              -4.2957458
           186              -1.3730078              -0.8501305              -3.4365964
           187              -1.3730078              -0.8501305              -2.5774474
           188              -1.3730078              -0.8501305              -1.7182984
           189              -1.3730078              -0.8501305              -0.8591490
           190              -1.3730078              -0.8501305               0.0000000
           191              -1.5873942              -0.2967354              -7.7323422
           192              -1.5873942              -0.2967354              -6.8731933
           193              -1.5873942              -0.2967354              -6.0140438
           194              -1.5873942              -0.2967354              -5.1548948
           195              -1.5873942              -0.2967354              -4.2957458
           196              -1.5873942              -0.2967354              -3.4365964
           197              -1.5873942              -0.2967354              -2.5774474
           198              -1.5873942              -0.2967354              -1.7182984
           199              -1.5873942              -0.2967354              -0.8591490
           200              -1.5873942              -0.2967354               0.0000000
           201              -0.9731891              -1.2887107              -7.7323422
           202              -0.9731891              -1.2887107              -6.8731933
           203              -0.9731891              -1.2887107              -6.0140438
           204              -0.9731891              -1.2887107              -5.1548948
           205              -0.9731891              -1.2887107              -4.2957458
           206              -0.9731891              -1.2887107              -3.4365964
           207              -0.9731891              -1.2887107              -2.5774474
           208              -0.9731891              -1.2887107              -1.7182984
           209              -0.9731891              -1.2887107              -0.8591490
           210              -0.9731891              -1.2887107               0.0000000
           211              -1.3730078              -0.8501305              -7.7323422
           212              -1.3730078              -0.8501305              -6.8731933
           213              -1.3730078              -0.8501305              -6.0140438
           214              -1.3730078              -0.8501305              -5.1548948
           215              -1.3730078              -0.8501305              -4.2957458
           216              -1.3730078              -0.8501305              -3.4365964
           217              -1.3730078              -0.8501305              -2.5774474
           218              -1.3730078              -0.8501305              -1.7182984
           219              -1.3730078              -0.8501305              -0.8591490
           220              -1.3730078              -0.8501305               0.0000000
           221              -0.4419359              -1.5532434              -7.7323422
           222              -0.4419359              -1.5532434              -6.8731933
           223              -0.4419359              -1.5532434              -6.0140438
           224              -0.4419359              -1.5532434              -5.1548948
           225              -0.4419359              -1.5532434              -4.2957458
           226              -0.4419359              -1.5532434              -3.4365964
           227              -0.4419359              -1.5532434              -2.5774474
           228              -0.4419359              -1.5532434              -1.7182984
           229              -0.4419359              -1.5532434              -0.8591490
           230              -0.4419359              -1.5532434               0.0000000
           231              -0.9731891              -1.2887107              -7.7323422
           232              -0.9731891              -1.2887107              -6.8731933
           233              -0.9731891              -1.2887107              -6.0140438
           234              -0.9731891              -1.2887107              -5.1548948
           235              -0.9731891              -1.2887107              -4.2957458
           236              -0.9731891              -1.2887107              -3.4365964
           237              -0.9731891              -1.2887107              -2.5774474
           238              -0.9731891              -1.2887107              -1.7182984
           239              -0.9731891              -1.2887107              -0.8591490
           240              -0.9731891              -1.2887107               0.0000000
           241               0.1490033              -1.6080019              -7.7323422
           242               0.1490033              -1.6080019              -6.8731933
           243               0.1490033              -1.6080019              -6.0140438
           244               0.1490033              -1.6080019              -5.1548948
           245               0.1490033              -1.6080019              -4.2957458
           246               0.1490033              -1.6080019              -3.4365964
           247               0.1490033              -1.6080019              -2.5774474
           248               0.1490033              -1.6080019              -1.7182984
           249               0.1490033              -1.6080019              -0.8591490
           250               0.1490033              -1.6080019               0.0000000
           251              -0.4419359              -1.5532434              -7.7323422
           252              -0.4419359              -1.5532434              -6.8731933
           253              -0.4419359              -1.5532434              -6.0140438
           254              -0.4419359              -1.5532434              -5.1548948
           255              -0.4419359              -1.5532434              -4.2957458
           256              -0.4419359              -1.5532434              -3.4365964
           257              -0.4419359              -1.5532434              -2.5774474
           258              -0.4419359              -1.5532434              -1.7182984
           259              -0.4419359              -1.5532434              -0.8591490
           260              -0.4419359              -1.5532434               0.0000000
           261               0.7198188              -1.4455910              -7.7323422
           262               0.7198188              -1.4455910              -6.8731933
           263               0.7198188              -1.4455910              -6.0140438
           264               0.7198188              -1.4455910              -5.1548948
           265               0.7198188              -1.4455910              -4.2957458
           266               0.7198188              -1.4455910              -3.4365964
           267               0.7198188              -1.4455910              -2.5774474
           268               0.7198188              -1.4455910              -1.7182984
           269               0.7198188              -1.4455910              -0.8591490
           270               0.7198188              -1.4455910               0.0000000
           271               0.1490033              -1.6080019              -7.7323422
           272               0.1490033              -1.6080019              -6.8731933
           273               0.1490033              -1.6080019              -6.0140438
           274               0.1490033              -1.6080019              -5.1548948
           275               0.1490033              -1.6080019              -4.2957458
           276               0.1490033              -1.6080019              -3.4365964
           277               0.1490033              -1.6080019              -2.5774474
           278               0.1490033              -1.6080019              -1.7182984
           279               0.1490033              -1.6080019              -0.8591490
           280               0.1490033              -1.6080019               0.0000000
           281               1.1934187              -1.0879449              -7.7323422
           282               1.1934187              -1.0879449              -6.8731933
           283               1.1934187              -1.0879449              -6.0140438
           284               1.1934187              -1.0879449              -5.1548948
           285               1.1934187              -1.0879449              -4.2957458
           286               1.1934187              -1.0879449              -3.4365964
           287               1.1934187              -1.0879449              -2.5774474
           288               1.1934187              -1.0879449              -1.7182984
           289               1.1934187              -1.0879449              -0.8591490
           290               1.1934187              -1.0879449               0.0000000
           291               0.7198188              -1.4455910              -7.7323422
           292               0.7198188              -1.4455910              -6.8731933
           293               0.7198188              -1.4455910              -6.0140438
           294               0.7198188              -1.4455910              -5.1548948
           295               0.7198188              -1.4455910              -4.2957458
           296               0.7198188              -1.4455910              -3.4365964
           297               0.7198188              -1.4455910              -2.5774474
           298               0.7198188              -1.4455910              -1.7182984
           299               0.7198188              -1.4455910              -0.8591490
           300               0.7198188              -1.4455910               0.0000000
           301               1.5058408              -0.5833659              -7.7323422
           302               1.5058408              -0.5833659              -6.8731933
           303               1.5058408              -0.5833659              -6.0140438
           304               1.5058408              -0.5833659              -5.1548948
           305               1.5058408              -0.5833659              -4.2957458
           306               1.5058408              -0.5833659              -3.4365964
           307               1.5058408              -0.5833659              -2.5774474
           308               1.5058408              -0.5833659              -1.7182984
           309               1.5058408              -0.5833659              -0.8591490
           310               1.5058408              -0.5833659               0.0000000
           311               1.1934187              -1.0879449              -7.7323422
           312               1.1934187              -1.0879449              -6.8731933
           313               1.1934187              -1.0879449              -6.0140438
           314               1.1934187              -1.0879449              -5.1548948
           315               1.1934187              -1.0879449              -4.2957458
           316               1.1934187              -1.0879449              -3.4365964
           317               1.1934187              -1.0879449              -2.5774474
           318               1.1934187              -1.0879449              -1.7182984
           319               1.1934187              -1.0879449              -0.8591490
           320               1.1934187              -1.0879449               0.0000000
           321               1.6148908               0.0000000              -7.7323422
           322               1.6148908               0.0000000              -6.8731933
           323               1.6148908               0.0000000              -6.0140438
           324               1.6148908               0.0000000              -5.1548948
           325               1.6148908               0.0000000              -4.2957458
           326               1.6148908               0.0000000              -3.4365964
           327               1.6148908               0.0000000              -2.5774474
           328               1.6148908               0.0000000              -1.7182984
           329               1.6148908               0.0000000              -0.8591490
           330               1.6148908               0.0000000               0.0000000
           331               1.5058408              -0.5833659              -7.7323422
           332               1.5058408              -0.5833659              -6.8731933
           333               1.5058408              -0.5833659              -6.0140438
           334               1.5058408              -0.5833659              -5.1548948
           335               1.5058408              -0.5833659              -4.2957458
           336               1.5058408              -0.5833659              -3.4365964
           337               1.5058408              -0.5833659              -2.5774474
           338               1.5058408              -0.5833659              -1.7182984
           339               1.5058408              -0.5833659              -0.8591490
           340               1.5058408              -0.5833659               0.0000000
           341               0.0000000               0.0000000              -7.7323422
           342               0.0000000               0.0000000              -7.7323422
           343               0.8074454               0.0000000              -7.7323422
           344               0.7529204               0.2916830              -7.7323422
           345               1.6148908               0.0000000              -7.7323422
           346               1.5058408               0.5833659              -7.7323422
           347               0.0000000               0.0000000              -7.7323422
           348               0.0000000               0.0000000              -7.7323422
           349               0.7529204               0.2916830              -7.7323422
           350               0.5967094               0.5439724              -7.7323422
           351               1.5058408               0.5833659              -7.7323422
           352               1.1934187               1.0879449              -7.7323422
           353               0.0000000               0.0000000              -7.7323422
           354               0.0000000               0.0000000              -7.7323422
           355               0.5967094               0.5439724              -7.7323422
           356               0.3599094               0.7227955              -7.7323422
           357               1.1934187               1.0879449              -7.7323422
           358               0.7198188               1.4455910              -7.7323422
           359               0.0000000               0.0000000              -7.7323422
           360               0.0000000               0.0000000              -7.7323422
           361               0.3599094               0.7227955              -7.7323422
           362               0.0745017               0.8040010              -7.7323422
           363               0.7198188               1.4455910              -7.7323422
           364               0.1490033               1.6080019              -7.7323422
           365               0.0000000               0.0000000              -7.7323422
           366               0.0000000               0.0000000              -7.7323422
           367               0.0745016               0.8040010              -7.7323422
           368              -0.2209679               0.7766217              -7.7323422
           369               0.1490033               1.6080019              -7.7323422
           370              -0.4419359               1.5532434              -7.7323422
           371               0.0000000               0.0000000              -7.7323422
           372               0.0000000               0.0000000              -7.7323422
           373              -0.2209679               0.7766217              -7.7323422
           374              -0.4865946               0.6443554              -7.7323422
           375              -0.4419359               1.5532434              -7.7323422
           376              -0.9731891               1.2887107              -7.7323422
           377               0.0000000               0.0000000              -7.7323422
           378               0.0000000               0.0000000              -7.7323422
           379              -0.4865946               0.6443554              -7.7323422
           380              -0.6865039               0.4250652              -7.7323422
           381              -0.9731891               1.2887107              -7.7323422
           382              -1.3730078               0.8501305              -7.7323422
           383               0.0000000               0.0000000              -7.7323422
           384               0.0000000               0.0000000              -7.7323422
           385              -0.6865039               0.4250652              -7.7323422
           386              -0.7936971               0.1483677              -7.7323422
           387              -1.3730078               0.8501305              -7.7323422
           388              -1.5873942               0.2967354              -7.7323422
           389               0.0000000               0.0000000              -7.7323422
           390               0.0000000               0.0000000              -7.7323422
           391              -0.7936971               0.1483677              -7.7323422
           392              -0.7936971              -0.1483677              -7.7323422
           393              -1.5873942               0.2967354              -7.7323422
           394              -1.5873942              -0.2967354              -7.7323422
           395               0.0000000               0.0000000              -7.7323422
           396               0.0000000               0.0000000              -7.7323422
           397              -0.7936971              -0.1483677              -7.7323422
           398              -0.6865039              -0.4250652              -7.7323422
           399              -1.5873942              -0.2967354              -7.7323422
           400              -1.3730078              -0.8501305              -7.7323422
           401               0.0000000               0.0000000              -7.7323422
           402               0.0000000               0.0000000              -7.7323422
           403              -0.6865039              -0.4250652              -7.7323422
           404              -0.4865946              -0.6443554              -7.7323422
           405              -1.3730078              -0.8501305              -7.7323422
           406              -0.9731891              -1.2887107              -7.7323422
           407               0.0000000               0.0000000              -7.7323422
           408               0.0000000               0.0000000              -7.7323422
           409              -0.4865946              -0.6443554              -7.7323422
           410              -0.2209679              -0.7766217              -7.7323422
           411              -0.9731891              -1.2887107              -7.7323422
           412              -0.4419359              -1.5532434              -7.7323422
           413               0.0000000               0.0000000              -7.7323422
           414               0.0000000               0.0000000              -7.7323422
           415              -0.2209679              -0.7766217              -7.7323422
           416               0.0745016              -0.8040010              -7.7323422
           417              -0.4419359              -1.5532434              -7.7323422
           418               0.1490033              -1.6080019              -7.7323422
           419               0.0000000               0.0000000              -7.7323422
           420               0.0000000               0.0000000              -7.7323422
           421               0.0745016              -0.8040010              -7.7323422
           422               0.3599094              -0.7227955              -7.7323422
           423               0.1490033              -1.6080019              -7.7323422
           424               0.7198187              -1.4455910              -7.7323422
           425               0.0000000               0.0000000              -7.7323422
           426               0.0000000               0.0000000              -7.7323422
           427               0.3599094              -0.7227955              -7.7323422
           428               0.5967094              -0.5439724              -7.7323422
           429               0.7198188              -1.4455910              -7.7323422
           430               1.1934187              -1.0879449              -7.7323422
           431               0.0000000               0.0000000              -7.7323422
           432               0.0000000               0.0000000              -7.7323422
           433               0.5967094              -0.5439724              -7.7323422
           434               0.7529204              -0.2916830              -7.7323422
           435               1.1934187              -1.0879449              -7.7323422
           436               1.5058408              -0.5833659              -7.7323422
           437               0.0000000               0.0000000              -7.7323422
           438               0.0000000               0.0000000              -7.7323422
           439               0.7529204              -0.2916830              -7.7323422
           440               0.8074454               0.0000000              -7.7323422
           441               1.5058408              -0.5833659              -7.7323422
           442               1.6148908               0.0000000              -7.7323422
             0          0.00          0.00          0.00
               1               2              12              11
               2               3              13              12
               3               4              14              13
               4               5              15              14
               5               6              16              15
               6               7              17              16
               7               8              18              17
               8               9              19              18
               9              10              20              19
              21              22              32              31
              22              23              33              32
              23              24              34              33
              24              25              35              34
              25              26              36              35
              26              27              37              36
              27              28              38              37
              28              29              39              38
              29              30              40              39
              41              42              52              51
              42              43              53              52
              43              44              54              53
              44              45              55              54
              45              46              56              55
              46              47              57              56
              47              48              58              57
              48              49              59              58
              49              50              60              59
              61              62              72              71
              62              63              73              72
              63              64              74              73
              64              65              75              74
              65              66              76              75
              66              67              77              76
              67              68              78              77
              68              69              79              78
              69              70              80              79
              81              82              92              91
              82              83              93              92
              83              84              94              93
              84              85              95              94
              85              86              96              95
              86              87              97              96
              87              88              98              97
              88              89              99              98
              89              90             100              99
             101             102             112             111
             102             103             113             112
             103             104             114             113
             104             105             115             114
             105             106             116             115
             106             107             117             116
             107             108             118             117
             108             109             119             118
             109             110             120             119
             121             122             132             131
             122             123             133             132
             123             124             134             133
             124             125             135             134
             125             126             136             135
             126             127             137             136
             127             128             138             137
             128             129             139             138
             129             130             140             139
             141             142             152             151
             142             143             153             152
             143             144             154             153
             144             145             155             154
             145             146             156             155
             146             147             157             156
             147             148             158             157
             148             149             159             158
             149             150             160             159
             161             162             172             171
             162             163             173             172
             163             164             174             173
             164             165             175             174
             165             166             176             175
             166             167             177             176
             167             168             178             177
             168             169             179             178
             169             170             180             179
             181             182             192             191
             182             183             193             192
             183             184             194             193
             184             185             195             194
             185             186             196             195
             186             187             197             196
             187             188             198             197
             188             189             199             198
             189             190             200             199
             201             202             212             211
             202             203             213             212
             203             204             214             213
             204             205             215             214
             205             206             216             215
             206             207             217             216
             207             208             218             217
             208             209             219             218
             209             210             220             219
             221             222             232             231
             222             223             233             232
             223             224             234             233
             224             225             235             234
             225             226             236             235
             226             227             237             236
             227             228             238             237
             228             229             239             238
             229             230             240             239
             241             242             252             251
             242             243             253             252
             243             244             254             253
             244             245             255             254
             245             246             256             255
             246             247             257             256
             247             248             258             257
             248             249             259             258
             249             250             260             259
             261             262             272             271
             262             263             273             272
             263             264             274             273
             264             265             275             274
             265             266             276             275
             266             267             277             276
             267             268             278             277
             268             269             279             278
             269             270             280             279
             281             282             292             291
             282             283             293             292
             283             284             294             293
             284             285             295             294
             285             286             296             295
             286             287             297             296
             287             288             298             297
             288             289             299             298
             289             290             300             299
             301             302             312             311
             302             303             313             312
             303             304             314             313
             304             305             315             314
             305             306             316             315
             306             307             317             316
             307             308             318             317
             308             309             319             318
             309             310             320             319
             321             322             332             331
             322             323             333             332
             323             324             334             333
             324             325             335             334
             325             326             336             335
             326             327             337             336
             327             328             338             337
             328             329             339             338
             329             330             340             339
             341             342             344             343
             343             344             346             345
             347             348             350             349
             349             350             352             351
             353             354             356             355
             355             356             358             357
             359             360             362             361
             361             362             364             363
             365             366             368             367
             367             368             370             369
             371             372             374             373
             373             374             376             375
             377             378             380             379
             379             380             382             381
             383             384             386             385
             385             386             388             387
             389             390             392             391
             391             392             394             393
             395             396             398             397
             397             398             400             399
             401             402             404             403
             403             404             406             405
             407             408             410             409
             409             410             412             411
             413             414             416             415
             415             416             418             417
             419             420             422             421
             421             422             424             423
             425             426             428             427
             427             428             430             429
             431             432             434             433
             433             434             436             435
             437             438             440             439
             439             440             442             441
          0          0          0          0
