                    2          0
             1              -2.0289099               4.0468860              -1.7682657
             2              -2.0289099               4.0468860              -1.1788437
             3              -2.0289099               4.0468860              -0.5894219
             4              -2.0289099               4.0468860               0.0000000
             5              -1.3526065               4.0468860              -1.7682657
             6              -1.3526065               4.0468860              -1.1788437
             7              -1.3526065               4.0468860              -0.5894219
             8              -1.3526065               4.0468860               0.0000000
             9              -0.6763033               4.0468860              -1.7682657
            10              -0.6763033               4.0468860              -1.1788437
            11              -0.6763033               4.0468860              -0.5894219
            12              -0.6763033               4.0468860               0.0000000
            13               0.0000000               4.0468860              -1.7682657
            14               0.0000000               4.0468860              -1.1788437
            15               0.0000000               4.0468860              -0.5894219
            16               0.0000000               4.0468860               0.0000000
            17               0.6763034               4.0468860              -1.7682657
            18               0.6763034               4.0468860              -1.1788437
            19               0.6763034               4.0468860              -0.5894219
            20               0.6763034               4.0468860               0.0000000
            21               1.3526065               4.0468860              -1.7682657
            22               1.3526065               4.0468860              -1.1788437
            23               1.3526065               4.0468860              -0.5894219
            24               1.3526065               4.0468860               0.0000000
            25               2.0289099               4.0468860              -1.7682657
            26               2.0289099               4.0468860              -1.1788437
            27               2.0289099               4.0468860              -0.5894219
            28               2.0289099               4.0468860               0.0000000
            29               2.0289099               4.0468860              -1.7682657
            30               2.0289099               4.0468860              -1.1788437
            31               2.0289099               4.0468860              -0.5894219
            32               2.0289099               4.0468860               0.0000000
            33               2.0289099               3.3724051              -1.7682657
            34               2.0289099               3.3724051              -1.1788437
            35               2.0289099               3.3724051              -0.5894219
            36               2.0289099               3.3724051               0.0000000
            37               2.0289099               2.6979241              -1.7682657
            38               2.0289099               2.6979241              -1.1788437
            39               2.0289099               2.6979241              -0.5894219
            40               2.0289099               2.6979241               0.0000000
            41               2.0289099               2.0234430              -1.7682657
            42               2.0289099               2.0234430              -1.1788437
            43               2.0289099               2.0234430              -0.5894219
            44               2.0289099               2.0234430               0.0000000
            45               2.0289099               1.3489621              -1.7682657
            46               2.0289099               1.3489621              -1.1788437
            47               2.0289099               1.3489621              -0.5894219
            48               2.0289099               1.3489621               0.0000000
            49               2.0289099               0.6744809              -1.7682657
            50               2.0289099               0.6744809              -1.1788437
            51               2.0289099               0.6744809              -0.5894219
            52               2.0289099               0.6744809               0.0000000
            53               2.0289099               0.0000000              -1.7682657
            54               2.0289099               0.0000000              -1.1788437
            55               2.0289099               0.0000000              -0.5894219
            56               2.0289099               0.0000000               0.0000000
            57               2.0289099              -0.6744809              -1.7682657
            58               2.0289099              -0.6744809              -1.1788437
            59               2.0289099              -0.6744809              -0.5894219
            60               2.0289099              -0.6744809               0.0000000
            61               2.0289099              -1.3489618              -1.7682657
            62               2.0289099              -1.3489618              -1.1788437
            63               2.0289099              -1.3489618              -0.5894219
            64               2.0289099              -1.3489618               0.0000000
            65               2.0289099              -2.0234432              -1.7682657
            66               2.0289099              -2.0234432              -1.1788437
            67               2.0289099              -2.0234432              -0.5894219
            68               2.0289099              -2.0234432               0.0000000
            69               2.0289099              -2.6979241              -1.7682657
            70               2.0289099              -2.6979241              -1.1788437
            71               2.0289099              -2.6979241              -0.5894219
            72               2.0289099              -2.6979241               0.0000000
            73               2.0289099              -3.3724051              -1.7682657
            74               2.0289099              -3.3724051              -1.1788437
            75               2.0289099              -3.3724051              -0.5894219
            76               2.0289099              -3.3724051               0.0000000
            77               2.0289099              -4.0468860              -1.7682657
            78               2.0289099              -4.0468860              -1.1788437
            79               2.0289099              -4.0468860              -0.5894219
            80               2.0289099              -4.0468860               0.0000000
            81               2.0289099              -4.0468860              -1.7682657
            82               2.0289099              -4.0468860              -1.1788437
            83               2.0289099              -4.0468860              -0.5894219
            84               2.0289099              -4.0468860               0.0000000
            85               1.3526065              -4.0468860              -1.7682657
            86               1.3526065              -4.0468860              -1.1788437
            87               1.3526065              -4.0468860              -0.5894219
            88               1.3526065              -4.0468860               0.0000000
            89               0.6763033              -4.0468860              -1.7682657
            90               0.6763033              -4.0468860              -1.1788437
            91               0.6763033              -4.0468860              -0.5894219
            92               0.6763033              -4.0468860               0.0000000
            93               0.0000000              -4.0468860              -1.7682657
            94               0.0000000              -4.0468860              -1.1788437
            95               0.0000000              -4.0468860              -0.5894219
            96               0.0000000              -4.0468860               0.0000000
            97              -0.6763034              -4.0468860              -1.7682657
            98              -0.6763034              -4.0468860              -1.1788437
            99              -0.6763034              -4.0468860              -0.5894219
           100              -0.6763034              -4.0468860               0.0000000
           101              -1.3526065              -4.0468860              -1.7682657
           102              -1.3526065              -4.0468860              -1.1788437
           103              -1.3526065              -4.0468860              -0.5894219
           104              -1.3526065              -4.0468860               0.0000000
           105              -2.0289099              -4.0468860              -1.7682657
           106              -2.0289099              -4.0468860              -1.1788437
           107              -2.0289099              -4.0468860              -0.5894219
           108              -2.0289099              -4.0468860               0.0000000
           109              -2.0289099              -4.0468860              -1.7682657
           110              -2.0289099              -4.0468860              -1.1788437
           111              -2.0289099              -4.0468860              -0.5894219
           112              -2.0289099              -4.0468860               0.0000000
           113              -2.0289099              -3.3724051              -1.7682657
           114              -2.0289099              -3.3724051              -1.1788437
           115              -2.0289099              -3.3724051              -0.5894219
           116              -2.0289099              -3.3724051               0.0000000
           117              -2.0289099              -2.6979241              -1.7682657
           118              -2.0289099              -2.6979241              -1.1788437
           119              -2.0289099              -2.6979241              -0.5894219
           120              -2.0289099              -2.6979241               0.0000000
           121              -2.0289099              -2.0234430              -1.7682657
           122              -2.0289099              -2.0234430              -1.1788437
           123              -2.0289099              -2.0234430              -0.5894219
           124              -2.0289099              -2.0234430               0.0000000
           125              -2.0289099              -1.3489621              -1.7682657
           126              -2.0289099              -1.3489621              -1.1788437
           127              -2.0289099              -1.3489621              -0.5894219
           128              -2.0289099              -1.3489621               0.0000000
           129              -2.0289099              -0.6744809              -1.7682657
           130              -2.0289099              -0.6744809              -1.1788437
           131              -2.0289099              -0.6744809              -0.5894219
           132              -2.0289099              -0.6744809               0.0000000
           133              -2.0289099               0.0000000              -1.7682657
           134              -2.0289099               0.0000000              -1.1788437
           135              -2.0289099               0.0000000              -0.5894219
           136              -2.0289099               0.0000000               0.0000000
           137              -2.0289099               0.6744809              -1.7682657
           138              -2.0289099               0.6744809              -1.1788437
           139              -2.0289099               0.6744809              -0.5894219
           140              -2.0289099               0.6744809               0.0000000
           141              -2.0289099               1.3489618              -1.7682657
           142              -2.0289099               1.3489618              -1.1788437
           143              -2.0289099               1.3489618              -0.5894219
           144              -2.0289099               1.3489618               0.0000000
           145              -2.0289099               2.0234432              -1.7682657
           146              -2.0289099               2.0234432              -1.1788437
           147              -2.0289099               2.0234432              -0.5894219
           148              -2.0289099               2.0234432               0.0000000
           149              -2.0289099               2.6979241              -1.7682657
           150              -2.0289099               2.6979241              -1.1788437
           151              -2.0289099               2.6979241              -0.5894219
           152              -2.0289099               2.6979241               0.0000000
           153              -2.0289099               3.3724051              -1.7682657
           154              -2.0289099               3.3724051              -1.1788437
           155              -2.0289099               3.3724051              -0.5894219
           156              -2.0289099               3.3724051               0.0000000
           157              -2.0289099               4.0468860              -1.7682657
           158              -2.0289099               4.0468860              -1.1788437
           159              -2.0289099               4.0468860              -0.5894219
           160              -2.0289099               4.0468860               0.0000000
           161               2.0289099              -4.0468860              -1.7682657
           162               1.3526065              -4.0468860              -1.7682657
           163               0.6763033              -4.0468860              -1.7682657
           164               0.0000000              -4.0468860              -1.7682657
           165              -0.6763034              -4.0468860              -1.7682657
           166              -1.3526065              -4.0468860              -1.7682657
           167              -2.0289099              -4.0468860              -1.7682657
           168               2.0289099              -3.3724051              -1.7682657
           169               1.3526065              -3.3724051              -1.7682657
           170               0.6763033              -3.3724051              -1.7682657
           171               0.0000000              -3.3724051              -1.7682657
           172              -0.6763034              -3.3724051              -1.7682657
           173              -1.3526065              -3.3724051              -1.7682657
           174              -2.0289099              -3.3724051              -1.7682657
           175               2.0289099              -2.6979241              -1.7682657
           176               1.3526065              -2.6979241              -1.7682657
           177               0.6763033              -2.6979241              -1.7682657
           178               0.0000000              -2.6979241              -1.7682657
           179              -0.6763034              -2.6979241              -1.7682657
           180              -1.3526065              -2.6979241              -1.7682657
           181              -2.0289099              -2.6979241              -1.7682657
           182               2.0289099              -2.0234430              -1.7682657
           183               1.3526065              -2.0234430              -1.7682657
           184               0.6763033              -2.0234430              -1.7682657
           185               0.0000000              -2.0234430              -1.7682657
           186              -0.6763034              -2.0234430              -1.7682657
           187              -1.3526065              -2.0234430              -1.7682657
           188              -2.0289099              -2.0234430              -1.7682657
           189               2.0289099              -1.3489621              -1.7682657
           190               1.3526065              -1.3489621              -1.7682657
           191               0.6763033              -1.3489621              -1.7682657
           192               0.0000000              -1.3489621              -1.7682657
           193              -0.6763034              -1.3489621              -1.7682657
           194              -1.3526065              -1.3489621              -1.7682657
           195              -2.0289099              -1.3489621              -1.7682657
           196               2.0289099              -0.6744809              -1.7682657
           197               1.3526065              -0.6744809              -1.7682657
           198               0.6763033              -0.6744809              -1.7682657
           199               0.0000000              -0.6744809              -1.7682657
           200              -0.6763034              -0.6744809              -1.7682657
           201              -1.3526065              -0.6744809              -1.7682657
           202              -2.0289099              -0.6744809              -1.7682657
           203               2.0289099               0.0000000              -1.7682657
           204               1.3526065               0.0000000              -1.7682657
           205               0.6763033               0.0000000              -1.7682657
           206               0.0000000               0.0000000              -1.7682657
           207              -0.6763034               0.0000000              -1.7682657
           208              -1.3526065               0.0000000              -1.7682657
           209              -2.0289099               0.0000000              -1.7682657
           210               2.0289099               0.6744809              -1.7682657
           211               1.3526065               0.6744809              -1.7682657
           212               0.6763033               0.6744809              -1.7682657
           213               0.0000000               0.6744809              -1.7682657
           214              -0.6763034               0.6744809              -1.7682657
           215              -1.3526065               0.6744809              -1.7682657
           216              -2.0289099               0.6744809              -1.7682657
           217               2.0289099               1.3489618              -1.7682657
           218               1.3526065               1.3489618              -1.7682657
           219               0.6763033               1.3489618              -1.7682657
           220               0.0000000               1.3489618              -1.7682657
           221              -0.6763034               1.3489618              -1.7682657
           222              -1.3526065               1.3489618              -1.7682657
           223              -2.0289099               1.3489618              -1.7682657
           224               2.0289099               2.0234432              -1.7682657
           225               1.3526065               2.0234432              -1.7682657
           226               0.6763033               2.0234432              -1.7682657
           227               0.0000000               2.0234432              -1.7682657
           228              -0.6763034               2.0234432              -1.7682657
           229              -1.3526065               2.0234432              -1.7682657
           230              -2.0289099               2.0234432              -1.7682657
           231               2.0289099               2.6979241              -1.7682657
           232               1.3526065               2.6979241              -1.7682657
           233               0.6763033               2.6979241              -1.7682657
           234               0.0000000               2.6979241              -1.7682657
           235              -0.6763034               2.6979241              -1.7682657
           236              -1.3526065               2.6979241              -1.7682657
           237              -2.0289099               2.6979241              -1.7682657
           238               2.0289099               3.3724051              -1.7682657
           239               1.3526065               3.3724051              -1.7682657
           240               0.6763033               3.3724051              -1.7682657
           241               0.0000000               3.3724051              -1.7682657
           242              -0.6763034               3.3724051              -1.7682657
           243              -1.3526065               3.3724051              -1.7682657
           244              -2.0289099               3.3724051              -1.7682657
           245               2.0289099               4.0468860              -1.7682657
           246               1.3526065               4.0468860              -1.7682657
           247               0.6763033               4.0468860              -1.7682657
           248               0.0000000               4.0468860              -1.7682657
           249              -0.6763034               4.0468860              -1.7682657
           250              -1.3526065               4.0468860              -1.7682657
           251              -2.0289099               4.0468860              -1.7682657
             0          0.00          0.00          0.00
               1               2               6               5
               2               3               7               6
               3               4               8               7
               5               6              10               9
               6               7              11              10
               7               8              12              11
               9              10              14              13
              10              11              15              14
              11              12              16              15
              13              14              18              17
              14              15              19              18
              15              16              20              19
              17              18              22              21
              18              19              23              22
              19              20              24              23
              21              22              26              25
              22              23              27              26
              23              24              28              27
              29              30              34              33
              30              31              35              34
              31              32              36              35
              33              34              38              37
              34              35              39              38
              35              36              40              39
              37              38              42              41
              38              39              43              42
              39              40              44              43
              41              42              46              45
              42              43              47              46
              43              44              48              47
              45              46              50              49
              46              47              51              50
              47              48              52              51
              49              50              54              53
              50              51              55              54
              51              52              56              55
              53              54              58              57
              54              55              59              58
              55              56              60              59
              57              58              62              61
              58              59              63              62
              59              60              64              63
              61              62              66              65
              62              63              67              66
              63              64              68              67
              65              66              70              69
              66              67              71              70
              67              68              72              71
              69              70              74              73
              70              71              75              74
              71              72              76              75
              73              74              78              77
              74              75              79              78
              75              76              80              79
              81              82              86              85
              82              83              87              86
              83              84              88              87
              85              86              90              89
              86              87              91              90
              87              88              92              91
              89              90              94              93
              90              91              95              94
              91              92              96              95
              93              94              98              97
              94              95              99              98
              95              96             100              99
              97              98             102             101
              98              99             103             102
              99             100             104             103
             101             102             106             105
             102             103             107             106
             103             104             108             107
             109             110             114             113
             110             111             115             114
             111             112             116             115
             113             114             118             117
             114             115             119             118
             115             116             120             119
             117             118             122             121
             118             119             123             122
             119             120             124             123
             121             122             126             125
             122             123             127             126
             123             124             128             127
             125             126             130             129
             126             127             131             130
             127             128             132             131
             129             130             134             133
             130             131             135             134
             131             132             136             135
             133             134             138             137
             134             135             139             138
             135             136             140             139
             137             138             142             141
             138             139             143             142
             139             140             144             143
             141             142             146             145
             142             143             147             146
             143             144             148             147
             145             146             150             149
             146             147             151             150
             147             148             152             151
             149             150             154             153
             150             151             155             154
             151             152             156             155
             153             154             158             157
             154             155             159             158
             155             156             160             159
             161             162             169             168
             162             163             170             169
             163             164             171             170
             164             165             172             171
             165             166             173             172
             166             167             174             173
             168             169             176             175
             169             170             177             176
             170             171             178             177
             171             172             179             178
             172             173             180             179
             173             174             181             180
             175             176             183             182
             176             177             184             183
             177             178             185             184
             178             179             186             185
             179             180             187             186
             180             181             188             187
             182             183             190             189
             183             184             191             190
             184             185             192             191
             185             186             193             192
             186             187             194             193
             187             188             195             194
             189             190             197             196
             190             191             198             197
             191             192             199             198
             192             193             200             199
             193             194             201             200
             194             195             202             201
             196             197             204             203
             197             198             205             204
             198             199             206             205
             199             200             207             206
             200             201             208             207
             201             202             209             208
             203             204             211             210
             204             205             212             211
             205             206             213             212
             206             207             214             213
             207             208             215             214
             208             209             216             215
             210             211             218             217
             211             212             219             218
             212             213             220             219
             213             214             221             220
             214             215             222             221
             215             216             223             222
             217             218             225             224
             218             219             226             225
             219             220             227             226
             220             221             228             227
             221             222             229             228
             222             223             230             229
             224             225             232             231
             225             226             233             232
             226             227             234             233
             227             228             235             234
             228             229             236             235
             229             230             237             236
             231             232             239             238
             232             233             240             239
             233             234             241             240
             234             235             242             241
             235             236             243             242
             236             237             244             243
             238             239             246             245
             239             240             247             246
             240             241             248             247
             241             242             249             248
             242             243             250             249
             243             244             251             250
          0          0          0          0
