                    2          0
             1               3.8622470               1.4962424              -1.7156490
             2               4.0213566               1.5578818              -0.8578245
             3               4.1804657               1.6195211               0.0000000
             4               4.0020952               0.7481212              -1.7156490
             5               4.1669655               0.7789409              -0.8578245
             6               4.3318362               0.8097606               0.0000000
             7               4.1419430               0.0000000              -1.7156490
             8               4.3125749               0.0000000              -0.8578245
             9               4.4832067               0.0000000               0.0000000
            10               2.9560359               1.1451744              -3.1701059
            11               3.4091415               1.3207084              -2.4428775
            12               3.8622470               1.4962424              -1.7156490
            13               3.0630708               0.5725872              -3.1701059
            14               3.5325830               0.6603542              -2.4428775
            15               4.0020952               0.7481212              -1.7156490
            16               3.1701059               0.0000000              -3.1701059
            17               3.6560245               0.0000000              -2.4428775
            18               4.1419430               0.0000000              -1.7156490
            19               1.5997950               0.6197639              -4.1419430
            20               2.2779155               0.8824692              -3.6560245
            21               2.9560359               1.1451744              -3.1701059
            22               1.7156490               0.0000000              -4.1419430
            23               2.4428775               0.0000000              -3.6560245
            24               3.1701059               0.0000000              -3.1701059
            25               0.0000000               0.0000000              -4.4832067
            26               0.7998975               0.3098820              -4.3125749
            27               1.5997950               0.6197639              -4.1419430
            28               0.0000000               0.0000000              -4.4832067
            29               0.8578245               0.0000000              -4.3125749
            30               1.7156490               0.0000000              -4.1419430
            31               3.0609329               2.7904091              -1.7156490
            32               3.1870313               2.9053631              -0.8578245
            33               3.3131299               3.0203171               0.0000000
            34               3.4615898               2.1433258              -1.7156490
            35               3.6041937               2.2316225              -0.8578245
            36               3.7467978               2.3199191               0.0000000
            37               3.8622470               1.4962424              -1.7156490
            38               4.0213566               1.5578818              -0.8578245
            39               4.1804657               1.6195211               0.0000000
            40               2.3427365               2.1356866              -3.1701059
            41               2.7018347               2.4630480              -2.4428775
            42               3.0609329               2.7904091              -1.7156490
            43               2.6493862               1.6404305              -3.1701059
            44               3.0554881               1.8918781              -2.4428775
            45               3.4615898               2.1433258              -1.7156490
            46               2.9560359               1.1451744              -3.1701059
            47               3.4091415               1.3207084              -2.4428775
            48               3.8622470               1.4962424              -1.7156490
            49               1.2678798               1.1558253              -4.1419430
            50               1.8053081               1.6457560              -3.6560245
            51               2.3427365               2.1356866              -3.1701059
            52               1.5997950               0.6197639              -4.1419430
            53               2.2779155               0.8824692              -3.6560245
            54               2.9560359               1.1451744              -3.1701059
            55               0.0000000               0.0000000              -4.4832067
            56               0.6339399               0.5779126              -4.3125749
            57               1.2678798               1.1558253              -4.1419430
            58               0.0000000               0.0000000              -4.4832067
            59               0.7998975               0.3098820              -4.3125749
            60               1.5997950               0.6197639              -4.1419430
            61               1.8462229               3.7077155              -1.7156490
            62               1.9222801               3.8604589              -0.8578245
            63               1.9983373               4.0132022               0.0000000
            64               2.4535780               3.2490623              -1.7156490
            65               2.5546558               3.3829110              -0.8578245
            66               2.6557336               3.5167596               0.0000000
            67               3.0609329               2.7904091              -1.7156490
            68               3.1870313               2.9053631              -0.8578245
            69               3.3131299               3.0203171               0.0000000
            70               1.4130378               2.8377626              -3.1701059
            71               1.6296303               3.2727389              -2.4428775
            72               1.8462229               3.7077155              -1.7156490
            73               1.8778871               2.4867246              -3.1701059
            74               2.1657326               2.8678935              -2.4428775
            75               2.4535780               3.2490623              -1.7156490
            76               2.3427365               2.1356866              -3.1701059
            77               2.7018347               2.4630480              -2.4428775
            78               3.0609329               2.7904091              -1.7156490
            79               0.7647306               1.5357860              -4.1419430
            80               1.0888841               2.1867743              -3.6560245
            81               1.4130378               2.8377626              -3.1701059
            82               1.2678798               1.1558253              -4.1419430
            83               1.8053081               1.6457560              -3.6560245
            84               2.3427365               2.1356866              -3.1701059
            85               0.0000000               0.0000000              -4.4832067
            86               0.3823653               0.7678930              -4.3125749
            87               0.7647306               1.5357860              -4.1419430
            88               0.0000000               0.0000000              -4.4832067
            89               0.6339399               0.5779126              -4.3125749
            90               1.2678798               1.1558253              -4.1419430
            91               0.3821703               4.1242743              -1.7156490
            92               0.3979142               4.2941780              -0.8578245
            93               0.4136581               4.4640822               0.0000000
            94               1.1141965               3.9159949              -1.7156490
            95               1.1600971               4.0773187              -0.8578245
            96               1.2059977               4.2386422               0.0000000
            97               1.8462229               3.7077155              -1.7156490
            98               1.9222801               3.8604589              -0.8578245
            99               1.9983373               4.0132022               0.0000000
           100               0.2925005               3.1565828              -3.1701059
           101               0.3373354               3.6404285              -2.4428775
           102               0.3821703               4.1242743              -1.7156490
           103               0.8527691               2.9971728              -3.1701059
           104               0.9834828               3.4565840              -2.4428775
           105               1.1141965               3.9159949              -1.7156490
           106               1.4130378               2.8377626              -3.1701059
           107               1.6296303               3.2727389              -2.4428775
           108               1.8462229               3.7077155              -1.7156490
           109               0.1583001               1.7083303              -4.1419430
           110               0.2254003               2.4324565              -3.6560245
           111               0.2925005               3.1565828              -3.1701059
           112               0.7647306               1.5357860              -4.1419430
           113               1.0888841               2.1867743              -3.6560245
           114               1.4130378               2.8377626              -3.1701059
           115               0.0000000               0.0000000              -4.4832067
           116               0.0791501               0.8541651              -4.3125749
           117               0.1583001               1.7083303              -4.1419430
           118               0.0000000               0.0000000              -4.4832067
           119               0.3823653               0.7678930              -4.3125749
           120               0.7647306               1.5357860              -4.1419430
           121              -1.1334965               3.9838271              -1.7156490
           122              -1.1801922               4.1479454              -0.8578245
           123              -1.2268878               4.3120632               0.0000000
           124              -0.3756631               4.0540504              -1.7156490
           125              -0.3911390               4.2210617              -0.8578245
           126              -0.4066148               4.3880730               0.0000000
           127               0.3821703               4.1242743              -1.7156490
           128               0.3979142               4.2941780              -0.8578245
           129               0.4136581               4.4640822               0.0000000
           130              -0.8675407               3.0490892              -3.1701059
           131              -1.0005186               3.5164580              -2.4428775
           132              -1.1334965               3.9838271              -1.7156490
           133              -0.2875201               3.1028361              -3.1701059
           134              -0.3315916               3.5784433              -2.4428775
           135              -0.3756631               4.0540504              -1.7156490
           136               0.2925005               3.1565828              -3.1701059
           137               0.3373354               3.6404285              -2.4428775
           138               0.3821703               4.1242743              -1.7156490
           139              -0.4695096               1.6501552              -4.1419430
           140              -0.6685252               2.3496222              -3.6560245
           141              -0.8675407               3.0490892              -3.1701059
           142               0.1583001               1.7083303              -4.1419430
           143               0.2254003               2.4324565              -3.6560245
           144               0.2925005               3.1565828              -3.1701059
           145               0.0000000               0.0000000              -4.4832067
           146              -0.2347548               0.8250776              -4.3125749
           147              -0.4695096               1.6501552              -4.1419430
           148               0.0000000               0.0000000              -4.4832067
           149               0.0791501               0.8541651              -4.3125749
           150               0.1583001               1.7083303              -4.1419430
           151              -2.4960785               3.3053420              -1.7156490
           152              -2.5989070               3.4415092              -0.8578245
           153              -2.7017357               3.5776763               0.0000000
           154              -1.8147875               3.6445847              -1.7156490
           155              -1.8895497               3.7947273              -0.8578245
           156              -1.9643118               3.9448698               0.0000000
           157              -1.1334965               3.9838271              -1.7156490
           158              -1.1801922               4.1479454              -0.8578245
           159              -1.2268878               4.3120632               0.0000000
           160              -1.9104156               2.5297992              -3.1701059
           161              -2.2032471               2.9175706              -2.4428775
           162              -2.4960785               3.3053420              -1.7156490
           163              -1.3889782               2.7894442              -3.1701059
           164              -1.6018829               3.2170143              -2.4428775
           165              -1.8147875               3.6445847              -1.7156490
           166              -0.8675407               3.0490892              -3.1701059
           167              -1.0005186               3.5164580              -2.4428775
           168              -1.1334965               3.9838271              -1.7156490
           169              -1.0339096               1.3691175              -4.1419430
           170              -1.4721626               1.9494584              -3.6560245
           171              -1.9104156               2.5297992              -3.1701059
           172              -0.4695096               1.6501552              -4.1419430
           173              -0.6685252               2.3496222              -3.6560245
           174              -0.8675407               3.0490892              -3.1701059
           175               0.0000000               0.0000000              -4.4832067
           176              -0.5169548               0.6845587              -4.3125749
           177              -1.0339096               1.3691175              -4.1419430
           178               0.0000000               0.0000000              -4.4832067
           179              -0.2347548               0.8250776              -4.3125749
           180              -0.4695096               1.6501552              -4.1419430
           181              -3.5215509               2.1804521              -1.7156490
           182              -3.6666250               2.2702782              -0.8578245
           183              -3.8116994               2.3601043               0.0000000
           184              -3.0088148               2.7428970              -1.7156490
           185              -3.1327662               2.8558936              -0.8578245
           186              -3.2567177               2.9688902               0.0000000
           187              -2.4960785               3.3053420              -1.7156490
           188              -2.5989070               3.4415092              -0.8578245
           189              -2.7017357               3.5776763               0.0000000
           190              -2.6952784               1.6688458              -3.1701059
           191              -3.1084146               1.9246490              -2.4428775
           192              -3.5215509               2.1804521              -1.7156490
           193              -2.3028469               2.0993226              -3.1701059
           194              -2.6558309               2.4211097              -2.4428775
           195              -3.0088148               2.7428970              -1.7156490
           196              -1.9104156               2.5297992              -3.1701059
           197              -2.2032471               2.9175706              -2.4428775
           198              -2.4960785               3.3053420              -1.7156490
           199              -1.4586742               0.9031728              -4.1419430
           200              -2.0769763               1.2860093              -3.6560245
           201              -2.6952784               1.6688458              -3.1701059
           202              -1.0339096               1.3691175              -4.1419430
           203              -1.4721626               1.9494584              -3.6560245
           204              -1.9104156               2.5297992              -3.1701059
           205               0.0000000               0.0000000              -4.4832067
           206              -0.7293371               0.4515864              -4.3125749
           207              -1.4586742               0.9031728              -4.1419430
           208               0.0000000               0.0000000              -4.4832067
           209              -0.5169548               0.6845587              -4.3125749
           210              -1.0339096               1.3691175              -4.1419430
           211              -4.0714188               0.7610800              -1.7156490
           212              -4.2391453               0.7924336              -0.8578245
           213              -4.4068718               0.8237871               0.0000000
           214              -3.7964849               1.4707661              -1.7156490
           215              -3.9528852               1.5313559              -0.8578245
           216              -4.1092854               1.5919456               0.0000000
           217              -3.5215509               2.1804521              -1.7156490
           218              -3.6666250               2.2702782              -0.8578245
           219              -3.8116994               2.3601043               0.0000000
           220              -3.1161289               0.5825054              -3.1701059
           221              -3.5937738               0.6717927              -2.4428775
           222              -4.0714188               0.7610800              -1.7156490
           223              -2.9057035               1.1256757              -3.1701059
           224              -3.3510942               1.2982209              -2.4428775
           225              -3.7964849               1.4707661              -1.7156490
           226              -2.6952784               1.6688459              -3.1701059
           227              -3.1084146               1.9246490              -2.4428775
           228              -3.5215509               2.1804521              -1.7156490
           229              -1.6864368               0.3152497              -4.1419430
           230              -2.4012828               0.4488776              -3.6560245
           231              -3.1161289               0.5825054              -3.1701059
           232              -1.4586742               0.9031727              -4.1419430
           233              -2.0769763               1.2860093              -3.6560245
           234              -2.6952784               1.6688459              -3.1701059
           235               0.0000000               0.0000000              -4.4832067
           236              -0.8432184               0.1576249              -4.3125749
           237              -1.6864368               0.3152497              -4.1419430
           238               0.0000000               0.0000000              -4.4832067
           239              -0.7293371               0.4515864              -4.3125749
           240              -1.4586742               0.9031727              -4.1419430
           241              -4.0714188              -0.7610800              -1.7156490
           242              -4.2391453              -0.7924336              -0.8578245
           243              -4.4068718              -0.8237871               0.0000000
           244              -4.0714188               0.0000000              -1.7156490
           245              -4.2391453               0.0000000              -0.8578245
           246              -4.4068718               0.0000000               0.0000000
           247              -4.0714188               0.7610800              -1.7156490
           248              -4.2391453               0.7924336              -0.8578245
           249              -4.4068718               0.8237871               0.0000000
           250              -3.1161289              -0.5825054              -3.1701059
           251              -3.5937738              -0.6717927              -2.4428775
           252              -4.0714188              -0.7610800              -1.7156490
           253              -3.1161289               0.0000000              -3.1701059
           254              -3.5937738               0.0000000              -2.4428775
           255              -4.0714188               0.0000000              -1.7156490
           256              -3.1161289               0.5825054              -3.1701059
           257              -3.5937738               0.6717927              -2.4428775
           258              -4.0714188               0.7610800              -1.7156490
           259              -1.6864368              -0.3152497              -4.1419430
           260              -2.4012828              -0.4488776              -3.6560245
           261              -3.1161289              -0.5825054              -3.1701059
           262              -1.6864368               0.3152497              -4.1419430
           263              -2.4012828               0.4488776              -3.6560245
           264              -3.1161289               0.5825054              -3.1701059
           265               0.0000000               0.0000000              -4.4832067
           266              -0.8432184              -0.1576249              -4.3125749
           267              -1.6864368              -0.3152497              -4.1419430
           268               0.0000000               0.0000000              -4.4832067
           269              -0.8432184               0.1576249              -4.3125749
           270              -1.6864368               0.3152497              -4.1419430
           271              -3.5215509              -2.1804521              -1.7156490
           272              -3.6666250              -2.2702782              -0.8578245
           273              -3.8116994              -2.3601043               0.0000000
           274              -3.7964849              -1.4707661              -1.7156490
           275              -3.9528852              -1.5313559              -0.8578245
           276              -4.1092854              -1.5919456               0.0000000
           277              -4.0714188              -0.7610800              -1.7156490
           278              -4.2391453              -0.7924336              -0.8578245
           279              -4.4068718              -0.8237871               0.0000000
           280              -2.6952784              -1.6688458              -3.1701059
           281              -3.1084146              -1.9246490              -2.4428775
           282              -3.5215509              -2.1804521              -1.7156490
           283              -2.9057035              -1.1256756              -3.1701059
           284              -3.3510942              -1.2982209              -2.4428775
           285              -3.7964849              -1.4707661              -1.7156490
           286              -3.1161289              -0.5825053              -3.1701059
           287              -3.5937738              -0.6717927              -2.4428775
           288              -4.0714188              -0.7610800              -1.7156490
           289              -1.4586742              -0.9031728              -4.1419430
           290              -2.0769763              -1.2860093              -3.6560245
           291              -2.6952784              -1.6688458              -3.1701059
           292              -1.6864368              -0.3152497              -4.1419430
           293              -2.4012828              -0.4488775              -3.6560245
           294              -3.1161289              -0.5825053              -3.1701059
           295               0.0000000               0.0000000              -4.4832067
           296              -0.7293371              -0.4515864              -4.3125749
           297              -1.4586742              -0.9031728              -4.1419430
           298               0.0000000               0.0000000              -4.4832067
           299              -0.8432184              -0.1576249              -4.3125749
           300              -1.6864368              -0.3152497              -4.1419430
           301              -2.4960785              -3.3053420              -1.7156490
           302              -2.5989070              -3.4415092              -0.8578245
           303              -2.7017357              -3.5776763               0.0000000
           304              -3.0088148              -2.7428970              -1.7156490
           305              -3.1327662              -2.8558936              -0.8578245
           306              -3.2567177              -2.9688902               0.0000000
           307              -3.5215509              -2.1804521              -1.7156490
           308              -3.6666250              -2.2702782              -0.8578245
           309              -3.8116994              -2.3601043               0.0000000
           310              -1.9104156              -2.5297992              -3.1701059
           311              -2.2032471              -2.9175706              -2.4428775
           312              -2.4960785              -3.3053420              -1.7156490
           313              -2.3028469              -2.0993226              -3.1701059
           314              -2.6558309              -2.4211097              -2.4428775
           315              -3.0088148              -2.7428970              -1.7156490
           316              -2.6952784              -1.6688458              -3.1701059
           317              -3.1084146              -1.9246490              -2.4428775
           318              -3.5215509              -2.1804521              -1.7156490
           319              -1.0339096              -1.3691175              -4.1419430
           320              -1.4721626              -1.9494584              -3.6560245
           321              -1.9104156              -2.5297992              -3.1701059
           322              -1.4586742              -0.9031728              -4.1419430
           323              -2.0769763              -1.2860093              -3.6560245
           324              -2.6952784              -1.6688458              -3.1701059
           325               0.0000000               0.0000000              -4.4832067
           326              -0.5169548              -0.6845587              -4.3125749
           327              -1.0339096              -1.3691175              -4.1419430
           328               0.0000000               0.0000000              -4.4832067
           329              -0.7293371              -0.4515864              -4.3125749
           330              -1.4586742              -0.9031728              -4.1419430
           331              -1.1334965              -3.9838271              -1.7156490
           332              -1.1801922              -4.1479454              -0.8578245
           333              -1.2268878              -4.3120632               0.0000000
           334              -1.8147875              -3.6445847              -1.7156490
           335              -1.8895497              -3.7947273              -0.8578245
           336              -1.9643118              -3.9448698               0.0000000
           337              -2.4960785              -3.3053420              -1.7156490
           338              -2.5989070              -3.4415092              -0.8578245
           339              -2.7017357              -3.5776763               0.0000000
           340              -0.8675407              -3.0490892              -3.1701059
           341              -1.0005186              -3.5164580              -2.4428775
           342              -1.1334965              -3.9838271              -1.7156490
           343              -1.3889782              -2.7894442              -3.1701059
           344              -1.6018829              -3.2170143              -2.4428775
           345              -1.8147875              -3.6445847              -1.7156490
           346              -1.9104156              -2.5297992              -3.1701059
           347              -2.2032471              -2.9175706              -2.4428775
           348              -2.4960785              -3.3053420              -1.7156490
           349              -0.4695096              -1.6501552              -4.1419430
           350              -0.6685252              -2.3496222              -3.6560245
           351              -0.8675407              -3.0490892              -3.1701059
           352              -1.0339096              -1.3691175              -4.1419430
           353              -1.4721626              -1.9494584              -3.6560245
           354              -1.9104156              -2.5297992              -3.1701059
           355               0.0000000               0.0000000              -4.4832067
           356              -0.2347548              -0.8250776              -4.3125749
           357              -0.4695096              -1.6501552              -4.1419430
           358               0.0000000               0.0000000              -4.4832067
           359              -0.5169548              -0.6845587              -4.3125749
           360              -1.0339096              -1.3691175              -4.1419430
           361               0.3821703              -4.1242743              -1.7156490
           362               0.3979142              -4.2941780              -0.8578245
           363               0.4136581              -4.4640822               0.0000000
           364              -0.3756631              -4.0540504              -1.7156490
           365              -0.3911390              -4.2210617              -0.8578245
           366              -0.4066149              -4.3880730               0.0000000
           367              -1.1334965              -3.9838271              -1.7156490
           368              -1.1801922              -4.1479454              -0.8578245
           369              -1.2268878              -4.3120632               0.0000000
           370               0.2925005              -3.1565828              -3.1701059
           371               0.3373354              -3.6404285              -2.4428775
           372               0.3821703              -4.1242743              -1.7156490
           373              -0.2875201              -3.1028361              -3.1701059
           374              -0.3315916              -3.5784433              -2.4428775
           375              -0.3756631              -4.0540504              -1.7156490
           376              -0.8675407              -3.0490892              -3.1701059
           377              -1.0005186              -3.5164580              -2.4428775
           378              -1.1334965              -3.9838271              -1.7156490
           379               0.1583001              -1.7083303              -4.1419430
           380               0.2254003              -2.4324565              -3.6560245
           381               0.2925005              -3.1565828              -3.1701059
           382              -0.4695096              -1.6501552              -4.1419430
           383              -0.6685252              -2.3496222              -3.6560245
           384              -0.8675407              -3.0490892              -3.1701059
           385               0.0000000               0.0000000              -4.4832067
           386               0.0791501              -0.8541651              -4.3125749
           387               0.1583001              -1.7083303              -4.1419430
           388               0.0000000               0.0000000              -4.4832067
           389              -0.2347548              -0.8250776              -4.3125749
           390              -0.4695096              -1.6501552              -4.1419430
           391               1.8462229              -3.7077155              -1.7156490
           392               1.9222801              -3.8604589              -0.8578245
           393               1.9983373              -4.0132022               0.0000000
           394               1.1141965              -3.9159949              -1.7156490
           395               1.1600971              -4.0773187              -0.8578245
           396               1.2059977              -4.2386422               0.0000000
           397               0.3821703              -4.1242743              -1.7156490
           398               0.3979142              -4.2941780              -0.8578245
           399               0.4136581              -4.4640822               0.0000000
           400               1.4130378              -2.8377626              -3.1701059
           401               1.6296303              -3.2727389              -2.4428775
           402               1.8462229              -3.7077155              -1.7156490
           403               0.8527691              -2.9971728              -3.1701059
           404               0.9834828              -3.4565840              -2.4428775
           405               1.1141965              -3.9159949              -1.7156490
           406               0.2925005              -3.1565828              -3.1701059
           407               0.3373354              -3.6404285              -2.4428775
           408               0.3821703              -4.1242743              -1.7156490
           409               0.7647306              -1.5357860              -4.1419430
           410               1.0888841              -2.1867743              -3.6560245
           411               1.4130378              -2.8377626              -3.1701059
           412               0.1583001              -1.7083303              -4.1419430
           413               0.2254003              -2.4324565              -3.6560245
           414               0.2925005              -3.1565828              -3.1701059
           415               0.0000000               0.0000000              -4.4832067
           416               0.3823653              -0.7678930              -4.3125749
           417               0.7647306              -1.5357860              -4.1419430
           418               0.0000000               0.0000000              -4.4832067
           419               0.0791501              -0.8541651              -4.3125749
           420               0.1583001              -1.7083303              -4.1419430
           421               3.0609329              -2.7904091              -1.7156490
           422               3.1870313              -2.9053631              -0.8578245
           423               3.3131299              -3.0203171               0.0000000
           424               2.4535780              -3.2490623              -1.7156490
           425               2.5546558              -3.3829110              -0.8578245
           426               2.6557336              -3.5167596               0.0000000
           427               1.8462229              -3.7077155              -1.7156490
           428               1.9222801              -3.8604589              -0.8578245
           429               1.9983373              -4.0132022               0.0000000
           430               2.3427365              -2.1356866              -3.1701059
           431               2.7018347              -2.4630480              -2.4428775
           432               3.0609329              -2.7904091              -1.7156490
           433               1.8778871              -2.4867246              -3.1701059
           434               2.1657326              -2.8678935              -2.4428775
           435               2.4535780              -3.2490623              -1.7156490
           436               1.4130378              -2.8377626              -3.1701059
           437               1.6296303              -3.2727389              -2.4428775
           438               1.8462229              -3.7077155              -1.7156490
           439               1.2678798              -1.1558253              -4.1419430
           440               1.8053081              -1.6457560              -3.6560245
           441               2.3427365              -2.1356866              -3.1701059
           442               0.7647306              -1.5357860              -4.1419430
           443               1.0888841              -2.1867743              -3.6560245
           444               1.4130378              -2.8377626              -3.1701059
           445               0.0000000               0.0000000              -4.4832067
           446               0.6339399              -0.5779126              -4.3125749
           447               1.2678798              -1.1558253              -4.1419430
           448               0.0000000               0.0000000              -4.4832067
           449               0.3823653              -0.7678930              -4.3125749
           450               0.7647306              -1.5357860              -4.1419430
           451               3.8622470              -1.4962424              -1.7156490
           452               4.0213566              -1.5578818              -0.8578245
           453               4.1804657              -1.6195211               0.0000000
           454               3.4615898              -2.1433258              -1.7156490
           455               3.6041937              -2.2316225              -0.8578245
           456               3.7467978              -2.3199191               0.0000000
           457               3.0609329              -2.7904091              -1.7156490
           458               3.1870313              -2.9053631              -0.8578245
           459               3.3131299              -3.0203171               0.0000000
           460               2.9560359              -1.1451744              -3.1701059
           461               3.4091415              -1.3207084              -2.4428775
           462               3.8622470              -1.4962424              -1.7156490
           463               2.6493862              -1.6404305              -3.1701059
           464               3.0554881              -1.8918781              -2.4428775
           465               3.4615898              -2.1433258              -1.7156490
           466               2.3427365              -2.1356866              -3.1701059
           467               2.7018347              -2.4630480              -2.4428775
           468               3.0609329              -2.7904091              -1.7156490
           469               1.5997950              -0.6197639              -4.1419430
           470               2.2779155              -0.8824692              -3.6560245
           471               2.9560359              -1.1451744              -3.1701059
           472               1.2678798              -1.1558253              -4.1419430
           473               1.8053081              -1.6457560              -3.6560245
           474               2.3427365              -2.1356866              -3.1701059
           475               0.0000000               0.0000000              -4.4832067
           476               0.7998975              -0.3098820              -4.3125749
           477               1.5997950              -0.6197639              -4.1419430
           478               0.0000000               0.0000000              -4.4832067
           479               0.6339399              -0.5779126              -4.3125749
           480               1.2678798              -1.1558253              -4.1419430
           481               4.1419430               0.0000000              -1.7156490
           482               4.3125749               0.0000000              -0.8578245
           483               4.4832067               0.0000000               0.0000000
           484               4.0020952              -0.7481212              -1.7156490
           485               4.1669655              -0.7789409              -0.8578245
           486               4.3318362              -0.8097606               0.0000000
           487               3.8622470              -1.4962424              -1.7156490
           488               4.0213566              -1.5578818              -0.8578245
           489               4.1804657              -1.6195211               0.0000000
           490               3.1701059               0.0000000              -3.1701059
           491               3.6560245               0.0000000              -2.4428775
           492               4.1419430               0.0000000              -1.7156490
           493               3.0630708              -0.5725872              -3.1701059
           494               3.5325830              -0.6603542              -2.4428775
           495               4.0020952              -0.7481212              -1.7156490
           496               2.9560359              -1.1451744              -3.1701059
           497               3.4091415              -1.3207084              -2.4428775
           498               3.8622470              -1.4962424              -1.7156490
           499               1.7156490               0.0000000              -4.1419430
           500               2.4428775               0.0000000              -3.6560245
           501               3.1701059               0.0000000              -3.1701059
           502               1.5997950              -0.6197639              -4.1419430
           503               2.2779155              -0.8824692              -3.6560245
           504               2.9560359              -1.1451744              -3.1701059
           505               0.0000000               0.0000000              -4.4832067
           506               0.8578245               0.0000000              -4.3125749
           507               1.7156490               0.0000000              -4.1419430
           508               0.0000000               0.0000000              -4.4832067
           509               0.7998975              -0.3098820              -4.3125749
           510               1.5997950              -0.6197639              -4.1419430
             0          0.00          0.00          0.00
               1               2               5               4
               2               3               6               5
               4               5               8               7
               5               6               9               8
              10              11              14              13
              11              12              15              14
              13              14              17              16
              14              15              18              17
              19              20              23              22
              20              21              24              23
              25              26              29              28
              26              27              30              29
              31              32              35              34
              32              33              36              35
              34              35              38              37
              35              36              39              38
              40              41              44              43
              41              42              45              44
              43              44              47              46
              44              45              48              47
              49              50              53              52
              50              51              54              53
              55              56              59              58
              56              57              60              59
              61              62              65              64
              62              63              66              65
              64              65              68              67
              65              66              69              68
              70              71              74              73
              71              72              75              74
              73              74              77              76
              74              75              78              77
              79              80              83              82
              80              81              84              83
              85              86              89              88
              86              87              90              89
              91              92              95              94
              92              93              96              95
              94              95              98              97
              95              96              99              98
             100             101             104             103
             101             102             105             104
             103             104             107             106
             104             105             108             107
             109             110             113             112
             110             111             114             113
             115             116             119             118
             116             117             120             119
             121             122             125             124
             122             123             126             125
             124             125             128             127
             125             126             129             128
             130             131             134             133
             131             132             135             134
             133             134             137             136
             134             135             138             137
             139             140             143             142
             140             141             144             143
             145             146             149             148
             146             147             150             149
             151             152             155             154
             152             153             156             155
             154             155             158             157
             155             156             159             158
             160             161             164             163
             161             162             165             164
             163             164             167             166
             164             165             168             167
             169             170             173             172
             170             171             174             173
             175             176             179             178
             176             177             180             179
             181             182             185             184
             182             183             186             185
             184             185             188             187
             185             186             189             188
             190             191             194             193
             191             192             195             194
             193             194             197             196
             194             195             198             197
             199             200             203             202
             200             201             204             203
             205             206             209             208
             206             207             210             209
             211             212             215             214
             212             213             216             215
             214             215             218             217
             215             216             219             218
             220             221             224             223
             221             222             225             224
             223             224             227             226
             224             225             228             227
             229             230             233             232
             230             231             234             233
             235             236             239             238
             236             237             240             239
             241             242             245             244
             242             243             246             245
             244             245             248             247
             245             246             249             248
             250             251             254             253
             251             252             255             254
             253             254             257             256
             254             255             258             257
             259             260             263             262
             260             261             264             263
             265             266             269             268
             266             267             270             269
             271             272             275             274
             272             273             276             275
             274             275             278             277
             275             276             279             278
             280             281             284             283
             281             282             285             284
             283             284             287             286
             284             285             288             287
             289             290             293             292
             290             291             294             293
             295             296             299             298
             296             297             300             299
             301             302             305             304
             302             303             306             305
             304             305             308             307
             305             306             309             308
             310             311             314             313
             311             312             315             314
             313             314             317             316
             314             315             318             317
             319             320             323             322
             320             321             324             323
             325             326             329             328
             326             327             330             329
             331             332             335             334
             332             333             336             335
             334             335             338             337
             335             336             339             338
             340             341             344             343
             341             342             345             344
             343             344             347             346
             344             345             348             347
             349             350             353             352
             350             351             354             353
             355             356             359             358
             356             357             360             359
             361             362             365             364
             362             363             366             365
             364             365             368             367
             365             366             369             368
             370             371             374             373
             371             372             375             374
             373             374             377             376
             374             375             378             377
             379             380             383             382
             380             381             384             383
             385             386             389             388
             386             387             390             389
             391             392             395             394
             392             393             396             395
             394             395             398             397
             395             396             399             398
             400             401             404             403
             401             402             405             404
             403             404             407             406
             404             405             408             407
             409             410             413             412
             410             411             414             413
             415             416             419             418
             416             417             420             419
             421             422             425             424
             422             423             426             425
             424             425             428             427
             425             426             429             428
             430             431             434             433
             431             432             435             434
             433             434             437             436
             434             435             438             437
             439             440             443             442
             440             441             444             443
             445             446             449             448
             446             447             450             449
             451             452             455             454
             452             453             456             455
             454             455             458             457
             455             456             459             458
             460             461             464             463
             461             462             465             464
             463             464             467             466
             464             465             468             467
             469             470             473             472
             470             471             474             473
             475             476             479             478
             476             477             480             479
             481             482             485             484
             482             483             486             485
             484             485             488             487
             485             486             489             488
             490             491             494             493
             491             492             495             494
             493             494             497             496
             494             495             498             497
             499             500             503             502
             500             501             504             503
             505             506             509             508
             506             507             510             509
          0          0          0          0
