                    2          0
             1              -2.0526562               3.3143060              -1.7587194
             2              -2.0526562               3.3143060              -1.1724796
             3              -2.0526562               3.3143060              -0.5862398
             4              -2.0526562               3.3143060               0.0000000
             5              -1.4661829               3.3143060              -1.7587194
             6              -1.4661829               3.3143060              -1.1724796
             7              -1.4661829               3.3143060              -0.5862398
             8              -1.4661829               3.3143060               0.0000000
             9              -0.8797098               3.3143060              -1.7587194
            10              -0.8797098               3.3143060              -1.1724796
            11              -0.8797098               3.3143060              -0.5862398
            12              -0.8797098               3.3143060               0.0000000
            13              -0.2932366               3.3143060              -1.7587194
            14              -0.2932366               3.3143060              -1.1724796
            15              -0.2932366               3.3143060              -0.5862398
            16              -0.2932366               3.3143060               0.0000000
            17               0.2932365               3.3143060              -1.7587194
            18               0.2932365               3.3143060              -1.1724796
            19               0.2932365               3.3143060              -0.5862398
            20               0.2932365               3.3143060               0.0000000
            21               0.8797097               3.3143060              -1.7587194
            22               0.8797097               3.3143060              -1.1724796
            23               0.8797097               3.3143060              -0.5862398
            24               0.8797097               3.3143060               0.0000000
            25               1.4661829               3.3143060              -1.7587194
            26               1.4661829               3.3143060              -1.1724796
            27               1.4661829               3.3143060              -0.5862398
            28               1.4661829               3.3143060               0.0000000
            29               2.0526562               3.3143060              -1.7587194
            30               2.0526562               3.3143060              -1.1724796
            31               2.0526562               3.3143060              -0.5862398
            32               2.0526562               3.3143060               0.0000000
            33               2.0526562               3.3143060              -1.7587194
            34               2.0526562               3.3143060              -1.1724796
            35               2.0526562               3.3143060              -0.5862398
            36               2.0526562               3.3143060               0.0000000
            37               2.0526562               2.7117050              -1.7587194
            38               2.0526562               2.7117050              -1.1724796
            39               2.0526562               2.7117050              -0.5862398
            40               2.0526562               2.7117050               0.0000000
            41               2.0526562               2.1091037              -1.7587194
            42               2.0526562               2.1091037              -1.1724796
            43               2.0526562               2.1091037              -0.5862398
            44               2.0526562               2.1091037               0.0000000
            45               2.0526562               1.5065027              -1.7587194
            46               2.0526562               1.5065027              -1.1724796
            47               2.0526562               1.5065027              -0.5862398
            48               2.0526562               1.5065027               0.0000000
            49               2.0526562               0.9039016              -1.7587194
            50               2.0526562               0.9039016              -1.1724796
            51               2.0526562               0.9039016              -0.5862398
            52               2.0526562               0.9039016               0.0000000
            53               2.0526562               0.3013008              -1.7587194
            54               2.0526562               0.3013008              -1.1724796
            55               2.0526562               0.3013008              -0.5862398
            56               2.0526562               0.3013008               0.0000000
            57               2.0526562              -0.3013005              -1.7587194
            58               2.0526562              -0.3013005              -1.1724796
            59               2.0526562              -0.3013005              -0.5862398
            60               2.0526562              -0.3013005               0.0000000
            61               2.0526562              -0.9039018              -1.7587194
            62               2.0526562              -0.9039018              -1.1724796
            63               2.0526562              -0.9039018              -0.5862398
            64               2.0526562              -0.9039018               0.0000000
            65               2.0526562              -1.5065029              -1.7587194
            66               2.0526562              -1.5065029              -1.1724796
            67               2.0526562              -1.5065029              -0.5862398
            68               2.0526562              -1.5065029               0.0000000
            69               2.0526562              -2.1091039              -1.7587194
            70               2.0526562              -2.1091039              -1.1724796
            71               2.0526562              -2.1091039              -0.5862398
            72               2.0526562              -2.1091039               0.0000000
            73               2.0526562              -2.7117045              -1.7587194
            74               2.0526562              -2.7117045              -1.1724796
            75               2.0526562              -2.7117045              -0.5862398
            76               2.0526562              -2.7117045               0.0000000
            77               2.0526562              -3.3143060              -1.7587194
            78               2.0526562              -3.3143060              -1.1724796
            79               2.0526562              -3.3143060              -0.5862398
            80               2.0526562              -3.3143060               0.0000000
            81               2.0526562              -3.3143060              -1.7587194
            82               2.0526562              -3.3143060              -1.1724796
            83               2.0526562              -3.3143060              -0.5862398
            84               2.0526562              -3.3143060               0.0000000
            85               1.4661829              -3.3143060              -1.7587194
            86               1.4661829              -3.3143060              -1.1724796
            87               1.4661829              -3.3143060              -0.5862398
            88               1.4661829              -3.3143060               0.0000000
            89               0.8797098              -3.3143060              -1.7587194
            90               0.8797098              -3.3143060              -1.1724796
            91               0.8797098              -3.3143060              -0.5862398
            92               0.8797098              -3.3143060               0.0000000
            93               0.2932366              -3.3143060              -1.7587194
            94               0.2932366              -3.3143060              -1.1724796
            95               0.2932366              -3.3143060              -0.5862398
            96               0.2932366              -3.3143060               0.0000000
            97              -0.2932365              -3.3143060              -1.7587194
            98              -0.2932365              -3.3143060              -1.1724796
            99              -0.2932365              -3.3143060              -0.5862398
           100              -0.2932365              -3.3143060               0.0000000
           101              -0.8797097              -3.3143060              -1.7587194
           102              -0.8797097              -3.3143060              -1.1724796
           103              -0.8797097              -3.3143060              -0.5862398
           104              -0.8797097              -3.3143060               0.0000000
           105              -1.4661829              -3.3143060              -1.7587194
           106              -1.4661829              -3.3143060              -1.1724796
           107              -1.4661829              -3.3143060              -0.5862398
           108              -1.4661829              -3.3143060               0.0000000
           109              -2.0526562              -3.3143060              -1.7587194
           110              -2.0526562              -3.3143060              -1.1724796
           111              -2.0526562              -3.3143060              -0.5862398
           112              -2.0526562              -3.3143060               0.0000000
           113              -2.0526562              -3.3143060              -1.7587194
           114              -2.0526562              -3.3143060              -1.1724796
           115              -2.0526562              -3.3143060              -0.5862398
           116              -2.0526562              -3.3143060               0.0000000
           117              -2.0526562              -2.7117050              -1.7587194
           118              -2.0526562              -2.7117050              -1.1724796
           119              -2.0526562              -2.7117050              -0.5862398
           120              -2.0526562              -2.7117050               0.0000000
           121              -2.0526562              -2.1091037              -1.7587194
           122              -2.0526562              -2.1091037              -1.1724796
           123              -2.0526562              -2.1091037              -0.5862398
           124              -2.0526562              -2.1091037               0.0000000
           125              -2.0526562              -1.5065027              -1.7587194
           126              -2.0526562              -1.5065027              -1.1724796
           127              -2.0526562              -1.5065027              -0.5862398
           128              -2.0526562              -1.5065027               0.0000000
           129              -2.0526562              -0.9039016              -1.7587194
           130              -2.0526562              -0.9039016              -1.1724796
           131              -2.0526562              -0.9039016              -0.5862398
           132              -2.0526562              -0.9039016               0.0000000
           133              -2.0526562              -0.3013008              -1.7587194
           134              -2.0526562              -0.3013008              -1.1724796
           135              -2.0526562              -0.3013008              -0.5862398
           136              -2.0526562              -0.3013008               0.0000000
           137              -2.0526562               0.3013005              -1.7587194
           138              -2.0526562               0.3013005              -1.1724796
           139              -2.0526562               0.3013005              -0.5862398
           140              -2.0526562               0.3013005               0.0000000
           141              -2.0526562               0.9039018              -1.7587194
           142              -2.0526562               0.9039018              -1.1724796
           143              -2.0526562               0.9039018              -0.5862398
           144              -2.0526562               0.9039018               0.0000000
           145              -2.0526562               1.5065029              -1.7587194
           146              -2.0526562               1.5065029              -1.1724796
           147              -2.0526562               1.5065029              -0.5862398
           148              -2.0526562               1.5065029               0.0000000
           149              -2.0526562               2.1091039              -1.7587194
           150              -2.0526562               2.1091039              -1.1724796
           151              -2.0526562               2.1091039              -0.5862398
           152              -2.0526562               2.1091039               0.0000000
           153              -2.0526562               2.7117045              -1.7587194
           154              -2.0526562               2.7117045              -1.1724796
           155              -2.0526562               2.7117045              -0.5862398
           156              -2.0526562               2.7117045               0.0000000
           157              -2.0526562               3.3143060              -1.7587194
           158              -2.0526562               3.3143060              -1.1724796
           159              -2.0526562               3.3143060              -0.5862398
           160              -2.0526562               3.3143060               0.0000000
           161               2.0526562              -3.3143060              -1.7587194
           162               1.4661829              -3.3143060              -1.7587194
           163               0.8797098              -3.3143060              -1.7587194
           164               0.2932366              -3.3143060              -1.7587194
           165              -0.2932365              -3.3143060              -1.7587194
           166              -0.8797097              -3.3143060              -1.7587194
           167              -1.4661829              -3.3143060              -1.7587194
           168              -2.0526562              -3.3143060              -1.7587194
           169               2.0526562              -2.7117050              -1.7587194
           170               1.4661829              -2.7117050              -1.7587194
           171               0.8797098              -2.7117050              -1.7587194
           172               0.2932366              -2.7117050              -1.7587194
           173              -0.2932365              -2.7117050              -1.7587194
           174              -0.8797097              -2.7117050              -1.7587194
           175              -1.4661829              -2.7117050              -1.7587194
           176              -2.0526562              -2.7117050              -1.7587194
           177               2.0526562              -2.1091037              -1.7587194
           178               1.4661829              -2.1091037              -1.7587194
           179               0.8797098              -2.1091037              -1.7587194
           180               0.2932366              -2.1091037              -1.7587194
           181              -0.2932365              -2.1091037              -1.7587194
           182              -0.8797097              -2.1091037              -1.7587194
           183              -1.4661829              -2.1091037              -1.7587194
           184              -2.0526562              -2.1091037              -1.7587194
           185               2.0526562              -1.5065027              -1.7587194
           186               1.4661829              -1.5065027              -1.7587194
           187               0.8797098              -1.5065027              -1.7587194
           188               0.2932366              -1.5065027              -1.7587194
           189              -0.2932365              -1.5065027              -1.7587194
           190              -0.8797097              -1.5065027              -1.7587194
           191              -1.4661829              -1.5065027              -1.7587194
           192              -2.0526562              -1.5065027              -1.7587194
           193               2.0526562              -0.9039016              -1.7587194
           194               1.4661829              -0.9039016              -1.7587194
           195               0.8797098              -0.9039016              -1.7587194
           196               0.2932366              -0.9039016              -1.7587194
           197              -0.2932365              -0.9039016              -1.7587194
           198              -0.8797097              -0.9039016              -1.7587194
           199              -1.4661829              -0.9039016              -1.7587194
           200              -2.0526562              -0.9039016              -1.7587194
           201               2.0526562              -0.3013008              -1.7587194
           202               1.4661829              -0.3013008              -1.7587194
           203               0.8797098              -0.3013008              -1.7587194
           204               0.2932366              -0.3013008              -1.7587194
           205              -0.2932365              -0.3013008              -1.7587194
           206              -0.8797097              -0.3013008              -1.7587194
           207              -1.4661829              -0.3013008              -1.7587194
           208              -2.0526562              -0.3013008              -1.7587194
           209               2.0526562               0.3013005              -1.7587194
           210               1.4661829               0.3013005              -1.7587194
           211               0.8797098               0.3013005              -1.7587194
           212               0.2932366               0.3013005              -1.7587194
           213              -0.2932365               0.3013005              -1.7587194
           214              -0.8797097               0.3013005              -1.7587194
           215              -1.4661829               0.3013005              -1.7587194
           216              -2.0526562               0.3013005              -1.7587194
           217               2.0526562               0.9039018              -1.7587194
           218               1.4661829               0.9039018              -1.7587194
           219               0.8797098               0.9039018              -1.7587194
           220               0.2932366               0.9039018              -1.7587194
           221              -0.2932365               0.9039018              -1.7587194
           222              -0.8797097               0.9039018              -1.7587194
           223              -1.4661829               0.9039018              -1.7587194
           224              -2.0526562               0.9039018              -1.7587194
           225               2.0526562               1.5065029              -1.7587194
           226               1.4661829               1.5065029              -1.7587194
           227               0.8797098               1.5065029              -1.7587194
           228               0.2932366               1.5065029              -1.7587194
           229              -0.2932365               1.5065029              -1.7587194
           230              -0.8797097               1.5065029              -1.7587194
           231              -1.4661829               1.5065029              -1.7587194
           232              -2.0526562               1.5065029              -1.7587194
           233               2.0526562               2.1091039              -1.7587194
           234               1.4661829               2.1091039              -1.7587194
           235               0.8797098               2.1091039              -1.7587194
           236               0.2932366               2.1091039              -1.7587194
           237              -0.2932365               2.1091039              -1.7587194
           238              -0.8797097               2.1091039              -1.7587194
           239              -1.4661829               2.1091039              -1.7587194
           240              -2.0526562               2.1091039              -1.7587194
           241               2.0526562               2.7117045              -1.7587194
           242               1.4661829               2.7117045              -1.7587194
           243               0.8797098               2.7117045              -1.7587194
           244               0.2932366               2.7117045              -1.7587194
           245              -0.2932365               2.7117045              -1.7587194
           246              -0.8797097               2.7117045              -1.7587194
           247              -1.4661829               2.7117045              -1.7587194
           248              -2.0526562               2.7117045              -1.7587194
           249               2.0526562               3.3143060              -1.7587194
           250               1.4661829               3.3143060              -1.7587194
           251               0.8797098               3.3143060              -1.7587194
           252               0.2932366               3.3143060              -1.7587194
           253              -0.2932365               3.3143060              -1.7587194
           254              -0.8797097               3.3143060              -1.7587194
           255              -1.4661829               3.3143060              -1.7587194
           256              -2.0526562               3.3143060              -1.7587194
             0          0.00          0.00          0.00
               1               2               6               5
               2               3               7               6
               3               4               8               7
               5               6              10               9
               6               7              11              10
               7               8              12              11
               9              10              14              13
              10              11              15              14
              11              12              16              15
              13              14              18              17
              14              15              19              18
              15              16              20              19
              17              18              22              21
              18              19              23              22
              19              20              24              23
              21              22              26              25
              22              23              27              26
              23              24              28              27
              25              26              30              29
              26              27              31              30
              27              28              32              31
              33              34              38              37
              34              35              39              38
              35              36              40              39
              37              38              42              41
              38              39              43              42
              39              40              44              43
              41              42              46              45
              42              43              47              46
              43              44              48              47
              45              46              50              49
              46              47              51              50
              47              48              52              51
              49              50              54              53
              50              51              55              54
              51              52              56              55
              53              54              58              57
              54              55              59              58
              55              56              60              59
              57              58              62              61
              58              59              63              62
              59              60              64              63
              61              62              66              65
              62              63              67              66
              63              64              68              67
              65              66              70              69
              66              67              71              70
              67              68              72              71
              69              70              74              73
              70              71              75              74
              71              72              76              75
              73              74              78              77
              74              75              79              78
              75              76              80              79
              81              82              86              85
              82              83              87              86
              83              84              88              87
              85              86              90              89
              86              87              91              90
              87              88              92              91
              89              90              94              93
              90              91              95              94
              91              92              96              95
              93              94              98              97
              94              95              99              98
              95              96             100              99
              97              98             102             101
              98              99             103             102
              99             100             104             103
             101             102             106             105
             102             103             107             106
             103             104             108             107
             105             106             110             109
             106             107             111             110
             107             108             112             111
             113             114             118             117
             114             115             119             118
             115             116             120             119
             117             118             122             121
             118             119             123             122
             119             120             124             123
             121             122             126             125
             122             123             127             126
             123             124             128             127
             125             126             130             129
             126             127             131             130
             127             128             132             131
             129             130             134             133
             130             131             135             134
             131             132             136             135
             133             134             138             137
             134             135             139             138
             135             136             140             139
             137             138             142             141
             138             139             143             142
             139             140             144             143
             141             142             146             145
             142             143             147             146
             143             144             148             147
             145             146             150             149
             146             147             151             150
             147             148             152             151
             149             150             154             153
             150             151             155             154
             151             152             156             155
             153             154             158             157
             154             155             159             158
             155             156             160             159
             161             162             170             169
             162             163             171             170
             163             164             172             171
             164             165             173             172
             165             166             174             173
             166             167             175             174
             167             168             176             175
             169             170             178             177
             170             171             179             178
             171             172             180             179
             172             173             181             180
             173             174             182             181
             174             175             183             182
             175             176             184             183
             177             178             186             185
             178             179             187             186
             179             180             188             187
             180             181             189             188
             181             182             190             189
             182             183             191             190
             183             184             192             191
             185             186             194             193
             186             187             195             194
             187             188             196             195
             188             189             197             196
             189             190             198             197
             190             191             199             198
             191             192             200             199
             193             194             202             201
             194             195             203             202
             195             196             204             203
             196             197             205             204
             197             198             206             205
             198             199             207             206
             199             200             208             207
             201             202             210             209
             202             203             211             210
             203             204             212             211
             204             205             213             212
             205             206             214             213
             206             207             215             214
             207             208             216             215
             209             210             218             217
             210             211             219             218
             211             212             220             219
             212             213             221             220
             213             214             222             221
             214             215             223             222
             215             216             224             223
             217             218             226             225
             218             219             227             226
             219             220             228             227
             220             221             229             228
             221             222             230             229
             222             223             231             230
             223             224             232             231
             225             226             234             233
             226             227             235             234
             227             228             236             235
             228             229             237             236
             229             230             238             237
             230             231             239             238
             231             232             240             239
             233             234             242             241
             234             235             243             242
             235             236             244             243
             236             237             245             244
             237             238             246             245
             238             239             247             246
             239             240             248             247
             241             242             250             249
             242             243             251             250
             243             244             252             251
             244             245             253             252
             245             246             254             253
             246             247             255             254
             247             248             256             255
          0          0          0          0
