                    2          0
             1              -2.8286684               2.1970119              -3.5598810
             2              -2.8286684               2.1970119              -2.8479047
             3              -2.8286684               2.1970119              -2.1359286
             4              -2.8286684               2.1970119              -1.4239523
             5              -2.8286684               2.1970119              -0.7119763
             6              -2.8286684               2.1970119              -0.0000002
             7              -2.1215012               2.1970119              -3.5598810
             8              -2.1215012               2.1970119              -2.8479047
             9              -2.1215012               2.1970119              -2.1359286
            10              -2.1215012               2.1970119              -1.4239523
            11              -2.1215012               2.1970119              -0.7119763
            12              -2.1215012               2.1970119              -0.0000002
            13              -1.4143342               2.1970119              -3.5598810
            14              -1.4143342               2.1970119              -2.8479047
            15              -1.4143342               2.1970119              -2.1359286
            16              -1.4143342               2.1970119              -1.4239523
            17              -1.4143342               2.1970119              -0.7119763
            18              -1.4143342               2.1970119              -0.0000002
            19              -0.7071671               2.1970119              -3.5598810
            20              -0.7071671               2.1970119              -2.8479047
            21              -0.7071671               2.1970119              -2.1359286
            22              -0.7071671               2.1970119              -1.4239523
            23              -0.7071671               2.1970119              -0.7119763
            24              -0.7071671               2.1970119              -0.0000002
            25               0.0000000               2.1970119              -3.5598810
            26               0.0000000               2.1970119              -2.8479047
            27               0.0000000               2.1970119              -2.1359286
            28               0.0000000               2.1970119              -1.4239523
            29               0.0000000               2.1970119              -0.7119763
            30               0.0000000               2.1970119              -0.0000002
            31               0.7071671               2.1970119              -3.5598810
            32               0.7071671               2.1970119              -2.8479047
            33               0.7071671               2.1970119              -2.1359286
            34               0.7071671               2.1970119              -1.4239523
            35               0.7071671               2.1970119              -0.7119763
            36               0.7071671               2.1970119              -0.0000002
            37               1.4143341               2.1970119              -3.5598810
            38               1.4143341               2.1970119              -2.8479047
            39               1.4143341               2.1970119              -2.1359286
            40               1.4143341               2.1970119              -1.4239523
            41               1.4143341               2.1970119              -0.7119763
            42               1.4143341               2.1970119              -0.0000002
            43               2.1215012               2.1970119              -3.5598810
            44               2.1215012               2.1970119              -2.8479047
            45               2.1215012               2.1970119              -2.1359286
            46               2.1215012               2.1970119              -1.4239523
            47               2.1215012               2.1970119              -0.7119763
            48               2.1215012               2.1970119              -0.0000002
            49               2.8286684               2.1970119              -3.5598810
            50               2.8286684               2.1970119              -2.8479047
            51               2.8286684               2.1970119              -2.1359286
            52               2.8286684               2.1970119              -1.4239523
            53               2.8286684               2.1970119              -0.7119763
            54               2.8286684               2.1970119              -0.0000002
            55               2.8286684               2.1970119              -3.5598810
            56               2.8286684               2.1970119              -2.8479047
            57               2.8286684               2.1970119              -2.1359286
            58               2.8286684               2.1970119              -1.4239523
            59               2.8286684               2.1970119              -0.7119763
            60               2.8286684               2.1970119              -0.0000002
            61               2.8286684               1.4646747              -3.5598810
            62               2.8286684               1.4646747              -2.8479047
            63               2.8286684               1.4646747              -2.1359286
            64               2.8286684               1.4646747              -1.4239523
            65               2.8286684               1.4646747              -0.7119763
            66               2.8286684               1.4646747              -0.0000002
            67               2.8286684               0.7323374              -3.5598810
            68               2.8286684               0.7323374              -2.8479047
            69               2.8286684               0.7323374              -2.1359286
            70               2.8286684               0.7323374              -1.4239523
            71               2.8286684               0.7323374              -0.7119763
            72               2.8286684               0.7323374              -0.0000002
            73               2.8286684               0.0000000              -3.5598810
            74               2.8286684               0.0000000              -2.8479047
            75               2.8286684               0.0000000              -2.1359286
            76               2.8286684               0.0000000              -1.4239523
            77               2.8286684               0.0000000              -0.7119763
            78               2.8286684               0.0000000              -0.0000002
            79               2.8286684              -0.7323372              -3.5598810
            80               2.8286684              -0.7323372              -2.8479047
            81               2.8286684              -0.7323372              -2.1359286
            82               2.8286684              -0.7323372              -1.4239523
            83               2.8286684              -0.7323372              -0.7119763
            84               2.8286684              -0.7323372              -0.0000002
            85               2.8286684              -1.4646747              -3.5598810
            86               2.8286684              -1.4646747              -2.8479047
            87               2.8286684              -1.4646747              -2.1359286
            88               2.8286684              -1.4646747              -1.4239523
            89               2.8286684              -1.4646747              -0.7119763
            90               2.8286684              -1.4646747              -0.0000002
            91               2.8286684              -2.1970119              -3.5598810
            92               2.8286684              -2.1970119              -2.8479047
            93               2.8286684              -2.1970119              -2.1359286
            94               2.8286684              -2.1970119              -1.4239523
            95               2.8286684              -2.1970119              -0.7119763
            96               2.8286684              -2.1970119              -0.0000002
            97               2.8286684              -2.1970119              -3.5598810
            98               2.8286684              -2.1970119              -2.8479047
            99               2.8286684              -2.1970119              -2.1359286
           100               2.8286684              -2.1970119              -1.4239523
           101               2.8286684              -2.1970119              -0.7119763
           102               2.8286684              -2.1970119              -0.0000002
           103               2.1215012              -2.1970119              -3.5598810
           104               2.1215012              -2.1970119              -2.8479047
           105               2.1215012              -2.1970119              -2.1359286
           106               2.1215012              -2.1970119              -1.4239523
           107               2.1215012              -2.1970119              -0.7119763
           108               2.1215012              -2.1970119              -0.0000002
           109               1.4143342              -2.1970119              -3.5598810
           110               1.4143342              -2.1970119              -2.8479047
           111               1.4143342              -2.1970119              -2.1359286
           112               1.4143342              -2.1970119              -1.4239523
           113               1.4143342              -2.1970119              -0.7119763
           114               1.4143342              -2.1970119              -0.0000002
           115               0.7071671              -2.1970119              -3.5598810
           116               0.7071671              -2.1970119              -2.8479047
           117               0.7071671              -2.1970119              -2.1359286
           118               0.7071671              -2.1970119              -1.4239523
           119               0.7071671              -2.1970119              -0.7119763
           120               0.7071671              -2.1970119              -0.0000002
           121               0.0000000              -2.1970119              -3.5598810
           122               0.0000000              -2.1970119              -2.8479047
           123               0.0000000              -2.1970119              -2.1359286
           124               0.0000000              -2.1970119              -1.4239523
           125               0.0000000              -2.1970119              -0.7119763
           126               0.0000000              -2.1970119              -0.0000002
           127              -0.7071671              -2.1970119              -3.5598810
           128              -0.7071671              -2.1970119              -2.8479047
           129              -0.7071671              -2.1970119              -2.1359286
           130              -0.7071671              -2.1970119              -1.4239523
           131              -0.7071671              -2.1970119              -0.7119763
           132              -0.7071671              -2.1970119              -0.0000002
           133              -1.4143341              -2.1970119              -3.5598810
           134              -1.4143341              -2.1970119              -2.8479047
           135              -1.4143341              -2.1970119              -2.1359286
           136              -1.4143341              -2.1970119              -1.4239523
           137              -1.4143341              -2.1970119              -0.7119763
           138              -1.4143341              -2.1970119              -0.0000002
           139              -2.1215012              -2.1970119              -3.5598810
           140              -2.1215012              -2.1970119              -2.8479047
           141              -2.1215012              -2.1970119              -2.1359286
           142              -2.1215012              -2.1970119              -1.4239523
           143              -2.1215012              -2.1970119              -0.7119763
           144              -2.1215012              -2.1970119              -0.0000002
           145              -2.8286684              -2.1970119              -3.5598810
           146              -2.8286684              -2.1970119              -2.8479047
           147              -2.8286684              -2.1970119              -2.1359286
           148              -2.8286684              -2.1970119              -1.4239523
           149              -2.8286684              -2.1970119              -0.7119763
           150              -2.8286684              -2.1970119              -0.0000002
           151              -2.8286684              -2.1970119              -3.5598810
           152              -2.8286684              -2.1970119              -2.8479047
           153              -2.8286684              -2.1970119              -2.1359286
           154              -2.8286684              -2.1970119              -1.4239523
           155              -2.8286684              -2.1970119              -0.7119763
           156              -2.8286684              -2.1970119              -0.0000002
           157              -2.8286684              -1.4646747              -3.5598810
           158              -2.8286684              -1.4646747              -2.8479047
           159              -2.8286684              -1.4646747              -2.1359286
           160              -2.8286684              -1.4646747              -1.4239523
           161              -2.8286684              -1.4646747              -0.7119763
           162              -2.8286684              -1.4646747              -0.0000002
           163              -2.8286684              -0.7323374              -3.5598810
           164              -2.8286684              -0.7323374              -2.8479047
           165              -2.8286684              -0.7323374              -2.1359286
           166              -2.8286684              -0.7323374              -1.4239523
           167              -2.8286684              -0.7323374              -0.7119763
           168              -2.8286684              -0.7323374              -0.0000002
           169              -2.8286684               0.0000000              -3.5598810
           170              -2.8286684               0.0000000              -2.8479047
           171              -2.8286684               0.0000000              -2.1359286
           172              -2.8286684               0.0000000              -1.4239523
           173              -2.8286684               0.0000000              -0.7119763
           174              -2.8286684               0.0000000              -0.0000002
           175              -2.8286684               0.7323372              -3.5598810
           176              -2.8286684               0.7323372              -2.8479047
           177              -2.8286684               0.7323372              -2.1359286
           178              -2.8286684               0.7323372              -1.4239523
           179              -2.8286684               0.7323372              -0.7119763
           180              -2.8286684               0.7323372              -0.0000002
           181              -2.8286684               1.4646747              -3.5598810
           182              -2.8286684               1.4646747              -2.8479047
           183              -2.8286684               1.4646747              -2.1359286
           184              -2.8286684               1.4646747              -1.4239523
           185              -2.8286684               1.4646747              -0.7119763
           186              -2.8286684               1.4646747              -0.0000002
           187              -2.8286684               2.1970119              -3.5598810
           188              -2.8286684               2.1970119              -2.8479047
           189              -2.8286684               2.1970119              -2.1359286
           190              -2.8286684               2.1970119              -1.4239523
           191              -2.8286684               2.1970119              -0.7119763
           192              -2.8286684               2.1970119              -0.0000002
           193               2.8286684              -2.1970119              -3.5598810
           194               2.1215012              -2.1970119              -3.5598810
           195               1.4143342              -2.1970119              -3.5598810
           196               0.7071671              -2.1970119              -3.5598810
           197               0.0000000              -2.1970119              -3.5598810
           198              -0.7071671              -2.1970119              -3.5598810
           199              -1.4143341              -2.1970119              -3.5598810
           200              -2.1215012              -2.1970119              -3.5598810
           201              -2.8286684              -2.1970119              -3.5598810
           202               2.8286684              -1.4646747              -3.5598810
           203               2.1215012              -1.4646747              -3.5598810
           204               1.4143342              -1.4646747              -3.5598810
           205               0.7071671              -1.4646747              -3.5598810
           206               0.0000000              -1.4646747              -3.5598810
           207              -0.7071671              -1.4646747              -3.5598810
           208              -1.4143341              -1.4646747              -3.5598810
           209              -2.1215012              -1.4646747              -3.5598810
           210              -2.8286684              -1.4646747              -3.5598810
           211               2.8286684              -0.7323374              -3.5598810
           212               2.1215012              -0.7323374              -3.5598810
           213               1.4143342              -0.7323374              -3.5598810
           214               0.7071671              -0.7323374              -3.5598810
           215               0.0000000              -0.7323374              -3.5598810
           216              -0.7071671              -0.7323374              -3.5598810
           217              -1.4143341              -0.7323374              -3.5598810
           218              -2.1215012              -0.7323374              -3.5598810
           219              -2.8286684              -0.7323374              -3.5598810
           220               2.8286684               0.0000000              -3.5598810
           221               2.1215012               0.0000000              -3.5598810
           222               1.4143342               0.0000000              -3.5598810
           223               0.7071671               0.0000000              -3.5598810
           224               0.0000000               0.0000000              -3.5598810
           225              -0.7071671               0.0000000              -3.5598810
           226              -1.4143341               0.0000000              -3.5598810
           227              -2.1215012               0.0000000              -3.5598810
           228              -2.8286684               0.0000000              -3.5598810
           229               2.8286684               0.7323372              -3.5598810
           230               2.1215012               0.7323372              -3.5598810
           231               1.4143342               0.7323372              -3.5598810
           232               0.7071671               0.7323372              -3.5598810
           233               0.0000000               0.7323372              -3.5598810
           234              -0.7071671               0.7323372              -3.5598810
           235              -1.4143341               0.7323372              -3.5598810
           236              -2.1215012               0.7323372              -3.5598810
           237              -2.8286684               0.7323372              -3.5598810
           238               2.8286684               1.4646747              -3.5598810
           239               2.1215012               1.4646747              -3.5598810
           240               1.4143342               1.4646747              -3.5598810
           241               0.7071671               1.4646747              -3.5598810
           242               0.0000000               1.4646747              -3.5598810
           243              -0.7071671               1.4646747              -3.5598810
           244              -1.4143341               1.4646747              -3.5598810
           245              -2.1215012               1.4646747              -3.5598810
           246              -2.8286684               1.4646747              -3.5598810
           247               2.8286684               2.1970119              -3.5598810
           248               2.1215012               2.1970119              -3.5598810
           249               1.4143342               2.1970119              -3.5598810
           250               0.7071671               2.1970119              -3.5598810
           251               0.0000000               2.1970119              -3.5598810
           252              -0.7071671               2.1970119              -3.5598810
           253              -1.4143341               2.1970119              -3.5598810
           254              -2.1215012               2.1970119              -3.5598810
           255              -2.8286684               2.1970119              -3.5598810
             0          0.00          0.00          0.00
               1               2               8               7
               2               3               9               8
               3               4              10               9
               4               5              11              10
               5               6              12              11
               7               8              14              13
               8               9              15              14
               9              10              16              15
              10              11              17              16
              11              12              18              17
              13              14              20              19
              14              15              21              20
              15              16              22              21
              16              17              23              22
              17              18              24              23
              19              20              26              25
              20              21              27              26
              21              22              28              27
              22              23              29              28
              23              24              30              29
              25              26              32              31
              26              27              33              32
              27              28              34              33
              28              29              35              34
              29              30              36              35
              31              32              38              37
              32              33              39              38
              33              34              40              39
              34              35              41              40
              35              36              42              41
              37              38              44              43
              38              39              45              44
              39              40              46              45
              40              41              47              46
              41              42              48              47
              43              44              50              49
              44              45              51              50
              45              46              52              51
              46              47              53              52
              47              48              54              53
              55              56              62              61
              56              57              63              62
              57              58              64              63
              58              59              65              64
              59              60              66              65
              61              62              68              67
              62              63              69              68
              63              64              70              69
              64              65              71              70
              65              66              72              71
              67              68              74              73
              68              69              75              74
              69              70              76              75
              70              71              77              76
              71              72              78              77
              73              74              80              79
              74              75              81              80
              75              76              82              81
              76              77              83              82
              77              78              84              83
              79              80              86              85
              80              81              87              86
              81              82              88              87
              82              83              89              88
              83              84              90              89
              85              86              92              91
              86              87              93              92
              87              88              94              93
              88              89              95              94
              89              90              96              95
              97              98             104             103
              98              99             105             104
              99             100             106             105
             100             101             107             106
             101             102             108             107
             103             104             110             109
             104             105             111             110
             105             106             112             111
             106             107             113             112
             107             108             114             113
             109             110             116             115
             110             111             117             116
             111             112             118             117
             112             113             119             118
             113             114             120             119
             115             116             122             121
             116             117             123             122
             117             118             124             123
             118             119             125             124
             119             120             126             125
             121             122             128             127
             122             123             129             128
             123             124             130             129
             124             125             131             130
             125             126             132             131
             127             128             134             133
             128             129             135             134
             129             130             136             135
             130             131             137             136
             131             132             138             137
             133             134             140             139
             134             135             141             140
             135             136             142             141
             136             137             143             142
             137             138             144             143
             139             140             146             145
             140             141             147             146
             141             142             148             147
             142             143             149             148
             143             144             150             149
             151             152             158             157
             152             153             159             158
             153             154             160             159
             154             155             161             160
             155             156             162             161
             157             158             164             163
             158             159             165             164
             159             160             166             165
             160             161             167             166
             161             162             168             167
             163             164             170             169
             164             165             171             170
             165             166             172             171
             166             167             173             172
             167             168             174             173
             169             170             176             175
             170             171             177             176
             171             172             178             177
             172             173             179             178
             173             174             180             179
             175             176             182             181
             176             177             183             182
             177             178             184             183
             178             179             185             184
             179             180             186             185
             181             182             188             187
             182             183             189             188
             183             184             190             189
             184             185             191             190
             185             186             192             191
             193             194             203             202
             194             195             204             203
             195             196             205             204
             196             197             206             205
             197             198             207             206
             198             199             208             207
             199             200             209             208
             200             201             210             209
             202             203             212             211
             203             204             213             212
             204             205             214             213
             205             206             215             214
             206             207             216             215
             207             208             217             216
             208             209             218             217
             209             210             219             218
             211             212             221             220
             212             213             222             221
             213             214             223             222
             214             215             224             223
             215             216             225             224
             216             217             226             225
             217             218             227             226
             218             219             228             227
             220             221             230             229
             221             222             231             230
             222             223             232             231
             223             224             233             232
             224             225             234             233
             225             226             235             234
             226             227             236             235
             227             228             237             236
             229             230             239             238
             230             231             240             239
             231             232             241             240
             232             233             242             241
             233             234             243             242
             234             235             244             243
             235             236             245             244
             236             237             246             245
             238             239             248             247
             239             240             249             248
             240             241             250             249
             241             242             251             250
             242             243             252             251
             243             244             253             252
             244             245             254             253
             245             246             255             254
          0          0          0          0
