                    2          0
             1               4.1645055               1.6133380              -5.5633130
             2               4.1645055               1.6133380              -4.1724849
             3               4.1645055               1.6133380              -2.7816565
             4               4.1645055               1.6133380              -1.3908281
             5               4.1645055               1.6133380               0.0000000
             6               4.3152981               0.8066690              -5.5633130
             7               4.3152981               0.8066690              -4.1724849
             8               4.3152981               0.8066690              -2.7816565
             9               4.3152981               0.8066690              -1.3908281
            10               4.3152981               0.8066690               0.0000000
            11               4.4660907               0.0000000              -5.5633130
            12               4.4660907               0.0000000              -4.1724849
            13               4.4660907               0.0000000              -2.7816565
            14               4.4660907               0.0000000              -1.3908281
            15               4.4660907               0.0000000               0.0000000
            16               3.3004806               3.0087857              -5.5633130
            17               3.3004806               3.0087857              -4.1724849
            18               3.3004806               3.0087857              -2.7816565
            19               3.3004806               3.0087857              -1.3908281
            20               3.3004806               3.0087857               0.0000000
            21               3.7324929               2.3110619              -5.5633130
            22               3.7324929               2.3110619              -4.1724849
            23               3.7324929               2.3110619              -2.7816565
            24               3.7324929               2.3110619              -1.3908281
            25               3.7324929               2.3110619               0.0000000
            26               4.1645055               1.6133380              -5.5633130
            27               4.1645055               1.6133380              -4.1724849
            28               4.1645055               1.6133380              -2.7816565
            29               4.1645055               1.6133380              -1.3908281
            30               4.1645055               1.6133380               0.0000000
            31               1.9907078               3.9978802              -5.5633130
            32               1.9907078               3.9978802              -4.1724849
            33               1.9907078               3.9978802              -2.7816565
            34               1.9907078               3.9978802              -1.3908281
            35               1.9907078               3.9978802               0.0000000
            36               2.6455941               3.5033331              -5.5633130
            37               2.6455941               3.5033331              -4.1724849
            38               2.6455941               3.5033331              -2.7816565
            39               2.6455941               3.5033331              -1.3908281
            40               2.6455941               3.5033331               0.0000000
            41               3.3004806               3.0087857              -5.5633130
            42               3.3004806               3.0087857              -4.1724849
            43               3.3004806               3.0087857              -2.7816565
            44               3.3004806               3.0087857              -1.3908281
            45               3.3004806               3.0087857               0.0000000
            46               0.4120788               4.4470391              -5.5633130
            47               0.4120788               4.4470391              -4.1724849
            48               0.4120788               4.4470391              -2.7816565
            49               0.4120788               4.4470391              -1.3908281
            50               0.4120788               4.4470391               0.0000000
            51               1.2013934               4.2224598              -5.5633130
            52               1.2013934               4.2224598              -4.1724849
            53               1.2013934               4.2224598              -2.7816565
            54               1.2013934               4.2224598              -1.3908281
            55               1.2013934               4.2224598               0.0000000
            56               1.9907079               3.9978802              -5.5633130
            57               1.9907079               3.9978802              -4.1724849
            58               1.9907079               3.9978802              -2.7816565
            59               1.9907079               3.9978802              -1.3908281
            60               1.9907079               3.9978802               0.0000000
            61              -1.2222037               4.2956004              -5.5633130
            62              -1.2222037               4.2956004              -4.1724849
            63              -1.2222037               4.2956004              -2.7816565
            64              -1.2222037               4.2956004              -1.3908281
            65              -1.2222037               4.2956004               0.0000000
            66              -0.4050624               4.3713198              -5.5633130
            67              -0.4050624               4.3713198              -4.1724849
            68              -0.4050624               4.3713198              -2.7816565
            69              -0.4050624               4.3713198              -1.3908281
            70              -0.4050624               4.3713198               0.0000000
            71               0.4120789               4.4470391              -5.5633130
            72               0.4120789               4.4470391              -4.1724849
            73               0.4120789               4.4470391              -2.7816565
            74               0.4120789               4.4470391              -1.3908281
            75               0.4120789               4.4470391               0.0000000
            76              -2.6914208               3.5640171              -5.5633130
            77              -2.6914208               3.5640171              -4.1724849
            78              -2.6914208               3.5640171              -2.7816565
            79              -2.6914208               3.5640171              -1.3908281
            80              -2.6914208               3.5640171               0.0000000
            81              -1.9568123               3.9298086              -5.5633130
            82              -1.9568123               3.9298086              -4.1724849
            83              -1.9568123               3.9298086              -2.7816565
            84              -1.9568123               3.9298086              -1.3908281
            85              -1.9568123               3.9298086               0.0000000
            86              -1.2222037               4.2956004              -5.5633130
            87              -1.2222037               4.2956004              -4.1724849
            88              -1.2222037               4.2956004              -2.7816565
            89              -1.2222037               4.2956004              -1.3908281
            90              -1.2222037               4.2956004               0.0000000
            91              -3.7971466               2.3510938              -5.5633130
            92              -3.7971466               2.3510938              -4.1724849
            93              -3.7971466               2.3510938              -2.7816565
            94              -3.7971466               2.3510938              -1.3908281
            95              -3.7971466               2.3510938               0.0000000
            96              -3.2442837               2.9575553              -5.5633130
            97              -3.2442837               2.9575553              -4.1724849
            98              -3.2442837               2.9575553              -2.7816565
            99              -3.2442837               2.9575553              -1.3908281
           100              -3.2442837               2.9575553               0.0000000
           101              -2.6914208               3.5640171              -5.5633130
           102              -2.6914208               3.5640171              -4.1724849
           103              -2.6914208               3.5640171              -2.7816565
           104              -2.6914208               3.5640171              -1.3908281
           105              -2.6914208               3.5640171               0.0000000
           106              -4.3900466               0.8206420              -5.5633130
           107              -4.3900466               0.8206420              -4.1724849
           108              -4.3900466               0.8206420              -2.7816565
           109              -4.3900466               0.8206420              -1.3908281
           110              -4.3900466               0.8206420               0.0000000
           111              -4.0935965               1.5858679              -5.5633130
           112              -4.0935965               1.5858679              -4.1724849
           113              -4.0935965               1.5858679              -2.7816565
           114              -4.0935965               1.5858679              -1.3908281
           115              -4.0935965               1.5858679               0.0000000
           116              -3.7971466               2.3510938              -5.5633130
           117              -3.7971466               2.3510938              -4.1724849
           118              -3.7971466               2.3510938              -2.7816565
           119              -3.7971466               2.3510938              -1.3908281
           120              -3.7971466               2.3510938               0.0000000
           121              -4.3900466              -0.8206420              -5.5633130
           122              -4.3900466              -0.8206420              -4.1724849
           123              -4.3900466              -0.8206420              -2.7816565
           124              -4.3900466              -0.8206420              -1.3908281
           125              -4.3900466              -0.8206420               0.0000000
           126              -4.3900466               0.0000000              -5.5633130
           127              -4.3900466               0.0000000              -4.1724849
           128              -4.3900466               0.0000000              -2.7816565
           129              -4.3900466               0.0000000              -1.3908281
           130              -4.3900466               0.0000000               0.0000000
           131              -4.3900466               0.8206420              -5.5633130
           132              -4.3900466               0.8206420              -4.1724849
           133              -4.3900466               0.8206420              -2.7816565
           134              -4.3900466               0.8206420              -1.3908281
           135              -4.3900466               0.8206420               0.0000000
           136              -3.7971466              -2.3510938              -5.5633130
           137              -3.7971466              -2.3510938              -4.1724849
           138              -3.7971466              -2.3510938              -2.7816565
           139              -3.7971466              -2.3510938              -1.3908281
           140              -3.7971466              -2.3510938               0.0000000
           141              -4.0935965              -1.5858679              -5.5633130
           142              -4.0935965              -1.5858679              -4.1724849
           143              -4.0935965              -1.5858679              -2.7816565
           144              -4.0935965              -1.5858679              -1.3908281
           145              -4.0935965              -1.5858679               0.0000000
           146              -4.3900466              -0.8206420              -5.5633130
           147              -4.3900466              -0.8206420              -4.1724849
           148              -4.3900466              -0.8206420              -2.7816565
           149              -4.3900466              -0.8206420              -1.3908281
           150              -4.3900466              -0.8206420               0.0000000
           151              -2.6914208              -3.5640171              -5.5633130
           152              -2.6914208              -3.5640171              -4.1724849
           153              -2.6914208              -3.5640171              -2.7816565
           154              -2.6914208              -3.5640171              -1.3908281
           155              -2.6914208              -3.5640171               0.0000000
           156              -3.2442837              -2.9575553              -5.5633130
           157              -3.2442837              -2.9575553              -4.1724849
           158              -3.2442837              -2.9575553              -2.7816565
           159              -3.2442837              -2.9575553              -1.3908281
           160              -3.2442837              -2.9575553               0.0000000
           161              -3.7971466              -2.3510938              -5.5633130
           162              -3.7971466              -2.3510938              -4.1724849
           163              -3.7971466              -2.3510938              -2.7816565
           164              -3.7971466              -2.3510938              -1.3908281
           165              -3.7971466              -2.3510938               0.0000000
           166              -1.2222037              -4.2956004              -5.5633130
           167              -1.2222037              -4.2956004              -4.1724849
           168              -1.2222037              -4.2956004              -2.7816565
           169              -1.2222037              -4.2956004              -1.3908281
           170              -1.2222037              -4.2956004               0.0000000
           171              -1.9568123              -3.9298086              -5.5633130
           172              -1.9568123              -3.9298086              -4.1724849
           173              -1.9568123              -3.9298086              -2.7816565
           174              -1.9568123              -3.9298086              -1.3908281
           175              -1.9568123              -3.9298086               0.0000000
           176              -2.6914208              -3.5640171              -5.5633130
           177              -2.6914208              -3.5640171              -4.1724849
           178              -2.6914208              -3.5640171              -2.7816565
           179              -2.6914208              -3.5640171              -1.3908281
           180              -2.6914208              -3.5640171               0.0000000
           181               0.4120788              -4.4470391              -5.5633130
           182               0.4120788              -4.4470391              -4.1724849
           183               0.4120788              -4.4470391              -2.7816565
           184               0.4120788              -4.4470391              -1.3908281
           185               0.4120788              -4.4470391               0.0000000
           186              -0.4050625              -4.3713198              -5.5633130
           187              -0.4050625              -4.3713198              -4.1724849
           188              -0.4050625              -4.3713198              -2.7816565
           189              -0.4050625              -4.3713198              -1.3908281
           190              -0.4050625              -4.3713198               0.0000000
           191              -1.2222037              -4.2956004              -5.5633130
           192              -1.2222037              -4.2956004              -4.1724849
           193              -1.2222037              -4.2956004              -2.7816565
           194              -1.2222037              -4.2956004              -1.3908281
           195              -1.2222037              -4.2956004               0.0000000
           196               1.9907078              -3.9978802              -5.5633130
           197               1.9907078              -3.9978802              -4.1724849
           198               1.9907078              -3.9978802              -2.7816565
           199               1.9907078              -3.9978802              -1.3908281
           200               1.9907078              -3.9978802               0.0000000
           201               1.2013932              -4.2224598              -5.5633130
           202               1.2013932              -4.2224598              -4.1724849
           203               1.2013932              -4.2224598              -2.7816565
           204               1.2013932              -4.2224598              -1.3908281
           205               1.2013932              -4.2224598               0.0000000
           206               0.4120787              -4.4470391              -5.5633130
           207               0.4120787              -4.4470391              -4.1724849
           208               0.4120787              -4.4470391              -2.7816565
           209               0.4120787              -4.4470391              -1.3908281
           210               0.4120787              -4.4470391               0.0000000
           211               3.3004806              -3.0087857              -5.5633130
           212               3.3004806              -3.0087857              -4.1724849
           213               3.3004806              -3.0087857              -2.7816565
           214               3.3004806              -3.0087857              -1.3908281
           215               3.3004806              -3.0087857               0.0000000
           216               2.6455941              -3.5033331              -5.5633130
           217               2.6455941              -3.5033331              -4.1724849
           218               2.6455941              -3.5033331              -2.7816565
           219               2.6455941              -3.5033331              -1.3908281
           220               2.6455941              -3.5033331               0.0000000
           221               1.9907078              -3.9978802              -5.5633130
           222               1.9907078              -3.9978802              -4.1724849
           223               1.9907078              -3.9978802              -2.7816565
           224               1.9907078              -3.9978802              -1.3908281
           225               1.9907078              -3.9978802               0.0000000
           226               4.1645055              -1.6133380              -5.5633130
           227               4.1645055              -1.6133380              -4.1724849
           228               4.1645055              -1.6133380              -2.7816565
           229               4.1645055              -1.6133380              -1.3908281
           230               4.1645055              -1.6133380               0.0000000
           231               3.7324929              -2.3110619              -5.5633130
           232               3.7324929              -2.3110619              -4.1724849
           233               3.7324929              -2.3110619              -2.7816565
           234               3.7324929              -2.3110619              -1.3908281
           235               3.7324929              -2.3110619               0.0000000
           236               3.3004806              -3.0087857              -5.5633130
           237               3.3004806              -3.0087857              -4.1724849
           238               3.3004806              -3.0087857              -2.7816565
           239               3.3004806              -3.0087857              -1.3908281
           240               3.3004806              -3.0087857               0.0000000
           241               4.4660907               0.0000000              -5.5633130
           242               4.4660907               0.0000000              -4.1724849
           243               4.4660907               0.0000000              -2.7816565
           244               4.4660907               0.0000000              -1.3908281
           245               4.4660907               0.0000000               0.0000000
           246               4.3152981              -0.8066690              -5.5633130
           247               4.3152981              -0.8066690              -4.1724849
           248               4.3152981              -0.8066690              -2.7816565
           249               4.3152981              -0.8066690              -1.3908281
           250               4.3152981              -0.8066690               0.0000000
           251               4.1645055              -1.6133380              -5.5633130
           252               4.1645055              -1.6133380              -4.1724849
           253               4.1645055              -1.6133380              -2.7816565
           254               4.1645055              -1.6133380              -1.3908281
           255               4.1645055              -1.6133380               0.0000000
           256               0.0000000               0.0000000              -5.5633130
           257               0.0000000               0.0000000              -5.5633130
           258               1.4886969               0.0000000              -5.5633130
           259               1.3881685               0.5377793              -5.5633130
           260               2.9773939               0.0000000              -5.5633130
           261               2.7763369               1.0755587              -5.5633130
           262               4.4660907               0.0000000              -5.5633130
           263               4.1645055               1.6133380              -5.5633130
           264               0.0000000               0.0000000              -5.5633130
           265               0.0000000               0.0000000              -5.5633130
           266               1.3881685               0.5377793              -5.5633130
           267               1.1001602               1.0029286              -5.5633130
           268               2.7763369               1.0755587              -5.5633130
           269               2.2003205               2.0058572              -5.5633130
           270               4.1645055               1.6133380              -5.5633130
           271               3.3004806               3.0087860              -5.5633130
           272               0.0000000               0.0000000              -5.5633130
           273               0.0000000               0.0000000              -5.5633130
           274               1.1001602               1.0029286              -5.5633130
           275               0.6635693               1.3326267              -5.5633130
           276               2.2003205               2.0058572              -5.5633130
           277               1.3271385               2.6652534              -5.5633130
           278               3.3004806               3.0087860              -5.5633130
           279               1.9907078               3.9978802              -5.5633130
           280               0.0000000               0.0000000              -5.5633130
           281               0.0000000               0.0000000              -5.5633130
           282               0.6635693               1.3326267              -5.5633130
           283               0.1373596               1.4823464              -5.5633130
           284               1.3271385               2.6652534              -5.5633130
           285               0.2747192               2.9646928              -5.5633130
           286               1.9907078               3.9978802              -5.5633130
           287               0.4120787               4.4470391              -5.5633130
           288               0.0000000               0.0000000              -5.5633130
           289               0.0000000               0.0000000              -5.5633130
           290               0.1373596               1.4823464              -5.5633130
           291              -0.4074012               1.4318668              -5.5633130
           292               0.2747192               2.9646928              -5.5633130
           293              -0.8148024               2.8637335              -5.5633130
           294               0.4120788               4.4470391              -5.5633130
           295              -1.2222037               4.2956004              -5.5633130
           296               0.0000000               0.0000000              -5.5633130
           297               0.0000000               0.0000000              -5.5633130
           298              -0.4074012               1.4318668              -5.5633130
           299              -0.8971403               1.1880057              -5.5633130
           300              -0.8148025               2.8637335              -5.5633130
           301              -1.7942805               2.3760114              -5.5633130
           302              -1.2222037               4.2956004              -5.5633130
           303              -2.6914208               3.5640171              -5.5633130
           304               0.0000000               0.0000000              -5.5633130
           305               0.0000000               0.0000000              -5.5633130
           306              -0.8971403               1.1880057              -5.5633130
           307              -1.2657155               0.7836979              -5.5633130
           308              -1.7942805               2.3760114              -5.5633130
           309              -2.5314310               1.5673958              -5.5633130
           310              -2.6914208               3.5640171              -5.5633130
           311              -3.7971466               2.3510938              -5.5633130
           312               0.0000000               0.0000000              -5.5633130
           313               0.0000000               0.0000000              -5.5633130
           314              -1.2657155               0.7836979              -5.5633130
           315              -1.4633489               0.2735474              -5.5633130
           316              -2.5314310               1.5673958              -5.5633130
           317              -2.9266977               0.5470947              -5.5633130
           318              -3.7971466               2.3510938              -5.5633130
           319              -4.3900466               0.8206420              -5.5633130
           320               0.0000000               0.0000000              -5.5633130
           321               0.0000000               0.0000000              -5.5633130
           322              -1.4633489               0.2735473              -5.5633130
           323              -1.4633489              -0.2735473              -5.5633130
           324              -2.9266977               0.5470946              -5.5633130
           325              -2.9266977              -0.5470946              -5.5633130
           326              -4.3900466               0.8206420              -5.5633130
           327              -4.3900466              -0.8206420              -5.5633130
           328               0.0000000               0.0000000              -5.5633130
           329               0.0000000               0.0000000              -5.5633130
           330              -1.4633489              -0.2735473              -5.5633130
           331              -1.2657155              -0.7836978              -5.5633130
           332              -2.9266977              -0.5470946              -5.5633130
           333              -2.5314310              -1.5673957              -5.5633130
           334              -4.3900466              -0.8206420              -5.5633130
           335              -3.7971466              -2.3510938              -5.5633130
           336               0.0000000               0.0000000              -5.5633130
           337               0.0000000               0.0000000              -5.5633130
           338              -1.2657155              -0.7836979              -5.5633130
           339              -0.8971403              -1.1880057              -5.5633130
           340              -2.5314310              -1.5673958              -5.5633130
           341              -1.7942805              -2.3760114              -5.5633130
           342              -3.7971466              -2.3510938              -5.5633130
           343              -2.6914208              -3.5640171              -5.5633130
           344               0.0000000               0.0000000              -5.5633130
           345               0.0000000               0.0000000              -5.5633130
           346              -0.8971403              -1.1880057              -5.5633130
           347              -0.4074012              -1.4318668              -5.5633130
           348              -1.7942805              -2.3760114              -5.5633130
           349              -0.8148025              -2.8637335              -5.5633130
           350              -2.6914208              -3.5640171              -5.5633130
           351              -1.2222037              -4.2956004              -5.5633130
           352               0.0000000               0.0000000              -5.5633130
           353               0.0000000               0.0000000              -5.5633130
           354              -0.4074012              -1.4318668              -5.5633130
           355               0.1373596              -1.4823464              -5.5633130
           356              -0.8148025              -2.8637335              -5.5633130
           357               0.2747192              -2.9646928              -5.5633130
           358              -1.2222037              -4.2956004              -5.5633130
           359               0.4120787              -4.4470391              -5.5633130
           360               0.0000000               0.0000000              -5.5633130
           361               0.0000000               0.0000000              -5.5633130
           362               0.1373596              -1.4823464              -5.5633130
           363               0.6635693              -1.3326267              -5.5633130
           364               0.2747192              -2.9646928              -5.5633130
           365               1.3271385              -2.6652534              -5.5633130
           366               0.4120788              -4.4470391              -5.5633130
           367               1.9907078              -3.9978802              -5.5633130
           368               0.0000000               0.0000000              -5.5633130
           369               0.0000000               0.0000000              -5.5633130
           370               0.6635693              -1.3326267              -5.5633130
           371               1.1001602              -1.0029286              -5.5633130
           372               1.3271385              -2.6652534              -5.5633130
           373               2.2003205              -2.0058572              -5.5633130
           374               1.9907078              -3.9978802              -5.5633130
           375               3.3004806              -3.0087860              -5.5633130
           376               0.0000000               0.0000000              -5.5633130
           377               0.0000000               0.0000000              -5.5633130
           378               1.1001602              -1.0029286              -5.5633130
           379               1.3881685              -0.5377793              -5.5633130
           380               2.2003205              -2.0058572              -5.5633130
           381               2.7763369              -1.0755587              -5.5633130
           382               3.3004806              -3.0087860              -5.5633130
           383               4.1645055              -1.6133380              -5.5633130
           384               0.0000000               0.0000000              -5.5633130
           385               0.0000000               0.0000000              -5.5633130
           386               1.3881685              -0.5377793              -5.5633130
           387               1.4886969               0.0000000              -5.5633130
           388               2.7763369              -1.0755587              -5.5633130
           389               2.9773939               0.0000000              -5.5633130
           390               4.1645055              -1.6133380              -5.5633130
           391               4.4660907               0.0000000              -5.5633130
             0          0.00          0.00          0.00
               1               2               7               6
               2               3               8               7
               3               4               9               8
               4               5              10               9
               6               7              12              11
               7               8              13              12
               8               9              14              13
               9              10              15              14
              16              17              22              21
              17              18              23              22
              18              19              24              23
              19              20              25              24
              21              22              27              26
              22              23              28              27
              23              24              29              28
              24              25              30              29
              31              32              37              36
              32              33              38              37
              33              34              39              38
              34              35              40              39
              36              37              42              41
              37              38              43              42
              38              39              44              43
              39              40              45              44
              46              47              52              51
              47              48              53              52
              48              49              54              53
              49              50              55              54
              51              52              57              56
              52              53              58              57
              53              54              59              58
              54              55              60              59
              61              62              67              66
              62              63              68              67
              63              64              69              68
              64              65              70              69
              66              67              72              71
              67              68              73              72
              68              69              74              73
              69              70              75              74
              76              77              82              81
              77              78              83              82
              78              79              84              83
              79              80              85              84
              81              82              87              86
              82              83              88              87
              83              84              89              88
              84              85              90              89
              91              92              97              96
              92              93              98              97
              93              94              99              98
              94              95             100              99
              96              97             102             101
              97              98             103             102
              98              99             104             103
              99             100             105             104
             106             107             112             111
             107             108             113             112
             108             109             114             113
             109             110             115             114
             111             112             117             116
             112             113             118             117
             113             114             119             118
             114             115             120             119
             121             122             127             126
             122             123             128             127
             123             124             129             128
             124             125             130             129
             126             127             132             131
             127             128             133             132
             128             129             134             133
             129             130             135             134
             136             137             142             141
             137             138             143             142
             138             139             144             143
             139             140             145             144
             141             142             147             146
             142             143             148             147
             143             144             149             148
             144             145             150             149
             151             152             157             156
             152             153             158             157
             153             154             159             158
             154             155             160             159
             156             157             162             161
             157             158             163             162
             158             159             164             163
             159             160             165             164
             166             167             172             171
             167             168             173             172
             168             169             174             173
             169             170             175             174
             171             172             177             176
             172             173             178             177
             173             174             179             178
             174             175             180             179
             181             182             187             186
             182             183             188             187
             183             184             189             188
             184             185             190             189
             186             187             192             191
             187             188             193             192
             188             189             194             193
             189             190             195             194
             196             197             202             201
             197             198             203             202
             198             199             204             203
             199             200             205             204
             201             202             207             206
             202             203             208             207
             203             204             209             208
             204             205             210             209
             211             212             217             216
             212             213             218             217
             213             214             219             218
             214             215             220             219
             216             217             222             221
             217             218             223             222
             218             219             224             223
             219             220             225             224
             226             227             232             231
             227             228             233             232
             228             229             234             233
             229             230             235             234
             231             232             237             236
             232             233             238             237
             233             234             239             238
             234             235             240             239
             241             242             247             246
             242             243             248             247
             243             244             249             248
             244             245             250             249
             246             247             252             251
             247             248             253             252
             248             249             254             253
             249             250             255             254
             256             257             259             258
             258             259             261             260
             260             261             263             262
             264             265             267             266
             266             267             269             268
             268             269             271             270
             272             273             275             274
             274             275             277             276
             276             277             279             278
             280             281             283             282
             282             283             285             284
             284             285             287             286
             288             289             291             290
             290             291             293             292
             292             293             295             294
             296             297             299             298
             298             299             301             300
             300             301             303             302
             304             305             307             306
             306             307             309             308
             308             309             311             310
             312             313             315             314
             314             315             317             316
             316             317             319             318
             320             321             323             322
             322             323             325             324
             324             325             327             326
             328             329             331             330
             330             331             333             332
             332             333             335             334
             336             337             339             338
             338             339             341             340
             340             341             343             342
             344             345             347             346
             346             347             349             348
             348             349             351             350
             352             353             355             354
             354             355             357             356
             356             357             359             358
             360             361             363             362
             362             363             365             364
             364             365             367             366
             368             369             371             370
             370             371             373             372
             372             373             375             374
             376             377             379             378
             378             379             381             380
             380             381             383             382
             384             385             387             386
             386             387             389             388
             388             389             391             390
          0          0          0          0
