                    2          0
             1               3.2891006               1.2742044              -5.6391273
             2               3.2891006               1.2742044              -4.5113020
             3               3.2891006               1.2742044              -3.3834763
             4               3.2891006               1.2742044              -2.2556510
             5               3.2891006               1.2742044              -1.1278253
             6               3.2891006               1.2742044               0.0000000
             7               3.4081957               0.6371022              -5.6391273
             8               3.4081957               0.6371022              -4.5113020
             9               3.4081957               0.6371022              -3.3834763
            10               3.4081957               0.6371022              -2.2556510
            11               3.4081957               0.6371022              -1.1278253
            12               3.4081957               0.6371022               0.0000000
            13               3.5272908               0.0000000              -5.6391273
            14               3.5272908               0.0000000              -4.5113020
            15               3.5272908               0.0000000              -3.3834763
            16               3.5272908               0.0000000              -2.2556510
            17               3.5272908               0.0000000              -1.1278253
            18               3.5272908               0.0000000               0.0000000
            19               2.6066992               2.3763204              -5.6391273
            20               2.6066992               2.3763204              -4.5113020
            21               2.6066992               2.3763204              -3.3834763
            22               2.6066992               2.3763204              -2.2556510
            23               2.6066992               2.3763204              -1.1278253
            24               2.6066992               2.3763204               0.0000000
            25               2.9478998               1.8252623              -5.6391273
            26               2.9478998               1.8252623              -4.5113020
            27               2.9478998               1.8252623              -3.3834763
            28               2.9478998               1.8252623              -2.2556510
            29               2.9478998               1.8252623              -1.1278253
            30               2.9478998               1.8252623               0.0000000
            31               3.2891006               1.2742044              -5.6391273
            32               3.2891006               1.2742044              -4.5113020
            33               3.2891006               1.2742044              -3.3834763
            34               3.2891006               1.2742044              -2.2556510
            35               3.2891006               1.2742044              -1.1278253
            36               3.2891006               1.2742044               0.0000000
            37               1.5722488               3.1575012              -5.6391273
            38               1.5722488               3.1575012              -4.5113020
            39               1.5722488               3.1575012              -3.3834763
            40               1.5722488               3.1575012              -2.2556510
            41               1.5722488               3.1575012              -1.1278253
            42               1.5722488               3.1575012               0.0000000
            43               2.0894740               2.7669108              -5.6391273
            44               2.0894740               2.7669108              -4.5113020
            45               2.0894740               2.7669108              -3.3834763
            46               2.0894740               2.7669108              -2.2556510
            47               2.0894740               2.7669108              -1.1278253
            48               2.0894740               2.7669108               0.0000000
            49               2.6066992               2.3763204              -5.6391273
            50               2.6066992               2.3763204              -4.5113020
            51               2.6066992               2.3763204              -3.3834763
            52               2.6066992               2.3763204              -2.2556510
            53               2.6066992               2.3763204              -1.1278253
            54               2.6066992               2.3763204               0.0000000
            55               0.3254573               3.5122440              -5.6391273
            56               0.3254573               3.5122440              -4.5113020
            57               0.3254573               3.5122440              -3.3834763
            58               0.3254573               3.5122440              -2.2556510
            59               0.3254573               3.5122440              -1.1278253
            60               0.3254573               3.5122440               0.0000000
            61               0.9488530               3.3348727              -5.6391273
            62               0.9488530               3.3348727              -4.5113020
            63               0.9488530               3.3348727              -3.3834763
            64               0.9488530               3.3348727              -2.2556510
            65               0.9488530               3.3348727              -1.1278253
            66               0.9488530               3.3348727               0.0000000
            67               1.5722488               3.1575012              -5.6391273
            68               1.5722488               3.1575012              -4.5113020
            69               1.5722488               3.1575012              -3.3834763
            70               1.5722488               3.1575012              -2.2556510
            71               1.5722488               3.1575012              -1.1278253
            72               1.5722488               3.1575012               0.0000000
            73              -0.9652889               3.3926387              -5.6391273
            74              -0.9652889               3.3926387              -4.5113020
            75              -0.9652889               3.3926387              -3.3834763
            76              -0.9652889               3.3926387              -2.2556510
            77              -0.9652889               3.3926387              -1.1278253
            78              -0.9652889               3.3926387               0.0000000
            79              -0.3199158               3.4524412              -5.6391273
            80              -0.3199158               3.4524412              -4.5113020
            81              -0.3199158               3.4524412              -3.3834763
            82              -0.3199158               3.4524412              -2.2556510
            83              -0.3199158               3.4524412              -1.1278253
            84              -0.3199158               3.4524412               0.0000000
            85               0.3254573               3.5122440              -5.6391273
            86               0.3254573               3.5122440              -4.5113020
            87               0.3254573               3.5122440              -3.3834763
            88               0.3254573               3.5122440              -2.2556510
            89               0.3254573               3.5122440              -1.1278253
            90               0.3254573               3.5122440               0.0000000
            91              -2.1256676               2.8148389              -5.6391273
            92              -2.1256676               2.8148389              -4.5113020
            93              -2.1256676               2.8148389              -3.3834763
            94              -2.1256676               2.8148389              -2.2556510
            95              -2.1256676               2.8148389              -1.1278253
            96              -2.1256676               2.8148389               0.0000000
            97              -1.5454782               3.1037388              -5.6391273
            98              -1.5454782               3.1037388              -4.5113020
            99              -1.5454782               3.1037388              -3.3834763
           100              -1.5454782               3.1037388              -2.2556510
           101              -1.5454782               3.1037388              -1.1278253
           102              -1.5454782               3.1037388               0.0000000
           103              -0.9652889               3.3926387              -5.6391273
           104              -0.9652889               3.3926387              -4.5113020
           105              -0.9652889               3.3926387              -3.3834763
           106              -0.9652889               3.3926387              -2.2556510
           107              -0.9652889               3.3926387              -1.1278253
           108              -0.9652889               3.3926387               0.0000000
           109              -2.9989631               1.8568794              -5.6391273
           110              -2.9989631               1.8568794              -4.5113020
           111              -2.9989631               1.8568794              -3.3834763
           112              -2.9989631               1.8568794              -2.2556510
           113              -2.9989631               1.8568794              -1.1278253
           114              -2.9989631               1.8568794               0.0000000
           115              -2.5623155               2.3358591              -5.6391273
           116              -2.5623155               2.3358591              -4.5113020
           117              -2.5623155               2.3358591              -3.3834763
           118              -2.5623155               2.3358591              -2.2556510
           119              -2.5623155               2.3358591              -1.1278253
           120              -2.5623155               2.3358591               0.0000000
           121              -2.1256676               2.8148389              -5.6391273
           122              -2.1256676               2.8148389              -4.5113020
           123              -2.1256676               2.8148389              -3.3834763
           124              -2.1256676               2.8148389              -2.2556510
           125              -2.1256676               2.8148389              -1.1278253
           126              -2.1256676               2.8148389               0.0000000
           127              -3.4672320               0.6481380              -5.6391273
           128              -3.4672320               0.6481380              -4.5113020
           129              -3.4672320               0.6481380              -3.3834763
           130              -3.4672320               0.6481380              -2.2556510
           131              -3.4672320               0.6481380              -1.1278253
           132              -3.4672320               0.6481380               0.0000000
           133              -3.2330976               1.2525086              -5.6391273
           134              -3.2330976               1.2525086              -4.5113020
           135              -3.2330976               1.2525086              -3.3834763
           136              -3.2330976               1.2525086              -2.2556510
           137              -3.2330976               1.2525086              -1.1278253
           138              -3.2330976               1.2525086               0.0000000
           139              -2.9989631               1.8568795              -5.6391273
           140              -2.9989631               1.8568795              -4.5113020
           141              -2.9989631               1.8568795              -3.3834763
           142              -2.9989631               1.8568795              -2.2556510
           143              -2.9989631               1.8568795              -1.1278253
           144              -2.9989631               1.8568795               0.0000000
           145              -3.4672320              -0.6481380              -5.6391273
           146              -3.4672320              -0.6481380              -4.5113020
           147              -3.4672320              -0.6481380              -3.3834763
           148              -3.4672320              -0.6481380              -2.2556510
           149              -3.4672320              -0.6481380              -1.1278253
           150              -3.4672320              -0.6481380               0.0000000
           151              -3.4672320               0.0000000              -5.6391273
           152              -3.4672320               0.0000000              -4.5113020
           153              -3.4672320               0.0000000              -3.3834763
           154              -3.4672320               0.0000000              -2.2556510
           155              -3.4672320               0.0000000              -1.1278253
           156              -3.4672320               0.0000000               0.0000000
           157              -3.4672320               0.6481380              -5.6391273
           158              -3.4672320               0.6481380              -4.5113020
           159              -3.4672320               0.6481380              -3.3834763
           160              -3.4672320               0.6481380              -2.2556510
           161              -3.4672320               0.6481380              -1.1278253
           162              -3.4672320               0.6481380               0.0000000
           163              -2.9989631              -1.8568794              -5.6391273
           164              -2.9989631              -1.8568794              -4.5113020
           165              -2.9989631              -1.8568794              -3.3834763
           166              -2.9989631              -1.8568794              -2.2556510
           167              -2.9989631              -1.8568794              -1.1278253
           168              -2.9989631              -1.8568794               0.0000000
           169              -3.2330976              -1.2525086              -5.6391273
           170              -3.2330976              -1.2525086              -4.5113020
           171              -3.2330976              -1.2525086              -3.3834763
           172              -3.2330976              -1.2525086              -2.2556510
           173              -3.2330976              -1.2525086              -1.1278253
           174              -3.2330976              -1.2525086               0.0000000
           175              -3.4672320              -0.6481379              -5.6391273
           176              -3.4672320              -0.6481379              -4.5113020
           177              -3.4672320              -0.6481379              -3.3834763
           178              -3.4672320              -0.6481379              -2.2556510
           179              -3.4672320              -0.6481379              -1.1278253
           180              -3.4672320              -0.6481379               0.0000000
           181              -2.1256676              -2.8148389              -5.6391273
           182              -2.1256676              -2.8148389              -4.5113020
           183              -2.1256676              -2.8148389              -3.3834763
           184              -2.1256676              -2.8148389              -2.2556510
           185              -2.1256676              -2.8148389              -1.1278253
           186              -2.1256676              -2.8148389               0.0000000
           187              -2.5623155              -2.3358591              -5.6391273
           188              -2.5623155              -2.3358591              -4.5113020
           189              -2.5623155              -2.3358591              -3.3834763
           190              -2.5623155              -2.3358591              -2.2556510
           191              -2.5623155              -2.3358591              -1.1278253
           192              -2.5623155              -2.3358591               0.0000000
           193              -2.9989631              -1.8568794              -5.6391273
           194              -2.9989631              -1.8568794              -4.5113020
           195              -2.9989631              -1.8568794              -3.3834763
           196              -2.9989631              -1.8568794              -2.2556510
           197              -2.9989631              -1.8568794              -1.1278253
           198              -2.9989631              -1.8568794               0.0000000
           199              -0.9652889              -3.3926387              -5.6391273
           200              -0.9652889              -3.3926387              -4.5113020
           201              -0.9652889              -3.3926387              -3.3834763
           202              -0.9652889              -3.3926387              -2.2556510
           203              -0.9652889              -3.3926387              -1.1278253
           204              -0.9652889              -3.3926387               0.0000000
           205              -1.5454782              -3.1037388              -5.6391273
           206              -1.5454782              -3.1037388              -4.5113020
           207              -1.5454782              -3.1037388              -3.3834763
           208              -1.5454782              -3.1037388              -2.2556510
           209              -1.5454782              -3.1037388              -1.1278253
           210              -1.5454782              -3.1037388               0.0000000
           211              -2.1256676              -2.8148389              -5.6391273
           212              -2.1256676              -2.8148389              -4.5113020
           213              -2.1256676              -2.8148389              -3.3834763
           214              -2.1256676              -2.8148389              -2.2556510
           215              -2.1256676              -2.8148389              -1.1278253
           216              -2.1256676              -2.8148389               0.0000000
           217               0.3254573              -3.5122440              -5.6391273
           218               0.3254573              -3.5122440              -4.5113020
           219               0.3254573              -3.5122440              -3.3834763
           220               0.3254573              -3.5122440              -2.2556510
           221               0.3254573              -3.5122440              -1.1278253
           222               0.3254573              -3.5122440               0.0000000
           223              -0.3199158              -3.4524412              -5.6391273
           224              -0.3199158              -3.4524412              -4.5113020
           225              -0.3199158              -3.4524412              -3.3834763
           226              -0.3199158              -3.4524412              -2.2556510
           227              -0.3199158              -3.4524412              -1.1278253
           228              -0.3199158              -3.4524412               0.0000000
           229              -0.9652889              -3.3926387              -5.6391273
           230              -0.9652889              -3.3926387              -4.5113020
           231              -0.9652889              -3.3926387              -3.3834763
           232              -0.9652889              -3.3926387              -2.2556510
           233              -0.9652889              -3.3926387              -1.1278253
           234              -0.9652889              -3.3926387               0.0000000
           235               1.5722488              -3.1575012              -5.6391273
           236               1.5722488              -3.1575012              -4.5113020
           237               1.5722488              -3.1575012              -3.3834763
           238               1.5722488              -3.1575012              -2.2556510
           239               1.5722488              -3.1575012              -1.1278253
           240               1.5722488              -3.1575012               0.0000000
           241               0.9488531              -3.3348727              -5.6391273
           242               0.9488531              -3.3348727              -4.5113020
           243               0.9488531              -3.3348727              -3.3834763
           244               0.9488531              -3.3348727              -2.2556510
           245               0.9488531              -3.3348727              -1.1278253
           246               0.9488531              -3.3348727               0.0000000
           247               0.3254573              -3.5122440              -5.6391273
           248               0.3254573              -3.5122440              -4.5113020
           249               0.3254573              -3.5122440              -3.3834763
           250               0.3254573              -3.5122440              -2.2556510
           251               0.3254573              -3.5122440              -1.1278253
           252               0.3254573              -3.5122440               0.0000000
           253               2.6066992              -2.3763204              -5.6391273
           254               2.6066992              -2.3763204              -4.5113020
           255               2.6066992              -2.3763204              -3.3834763
           256               2.6066992              -2.3763204              -2.2556510
           257               2.6066992              -2.3763204              -1.1278253
           258               2.6066992              -2.3763204               0.0000000
           259               2.0894740              -2.7669108              -5.6391273
           260               2.0894740              -2.7669108              -4.5113020
           261               2.0894740              -2.7669108              -3.3834763
           262               2.0894740              -2.7669108              -2.2556510
           263               2.0894740              -2.7669108              -1.1278253
           264               2.0894740              -2.7669108               0.0000000
           265               1.5722488              -3.1575012              -5.6391273
           266               1.5722488              -3.1575012              -4.5113020
           267               1.5722488              -3.1575012              -3.3834763
           268               1.5722488              -3.1575012              -2.2556510
           269               1.5722488              -3.1575012              -1.1278253
           270               1.5722488              -3.1575012               0.0000000
           271               3.2891006              -1.2742044              -5.6391273
           272               3.2891006              -1.2742044              -4.5113020
           273               3.2891006              -1.2742044              -3.3834763
           274               3.2891006              -1.2742044              -2.2556510
           275               3.2891006              -1.2742044              -1.1278253
           276               3.2891006              -1.2742044               0.0000000
           277               2.9478998              -1.8252623              -5.6391273
           278               2.9478998              -1.8252623              -4.5113020
           279               2.9478998              -1.8252623              -3.3834763
           280               2.9478998              -1.8252623              -2.2556510
           281               2.9478998              -1.8252623              -1.1278253
           282               2.9478998              -1.8252623               0.0000000
           283               2.6066992              -2.3763204              -5.6391273
           284               2.6066992              -2.3763204              -4.5113020
           285               2.6066992              -2.3763204              -3.3834763
           286               2.6066992              -2.3763204              -2.2556510
           287               2.6066992              -2.3763204              -1.1278253
           288               2.6066992              -2.3763204               0.0000000
           289               3.5272908               0.0000000              -5.6391273
           290               3.5272908               0.0000000              -4.5113020
           291               3.5272908               0.0000000              -3.3834763
           292               3.5272908               0.0000000              -2.2556510
           293               3.5272908               0.0000000              -1.1278253
           294               3.5272908               0.0000000               0.0000000
           295               3.4081957              -0.6371022              -5.6391273
           296               3.4081957              -0.6371022              -4.5113020
           297               3.4081957              -0.6371022              -3.3834763
           298               3.4081957              -0.6371022              -2.2556510
           299               3.4081957              -0.6371022              -1.1278253
           300               3.4081957              -0.6371022               0.0000000
           301               3.2891006              -1.2742044              -5.6391273
           302               3.2891006              -1.2742044              -4.5113020
           303               3.2891006              -1.2742044              -3.3834763
           304               3.2891006              -1.2742044              -2.2556510
           305               3.2891006              -1.2742044              -1.1278253
           306               3.2891006              -1.2742044               0.0000000
           307               0.0000000               0.0000000              -5.6391273
           308               0.0000000               0.0000000              -5.6391273
           309               0.8818227               0.0000000              -5.6391273
           310               0.8222752               0.3185511              -5.6391273
           311               1.7636454               0.0000000              -5.6391273
           312               1.6445503               0.6371022              -5.6391273
           313               2.6454682               0.0000000              -5.6391273
           314               2.4668255               0.9556533              -5.6391273
           315               3.5272908               0.0000000              -5.6391273
           316               3.2891006               1.2742044              -5.6391273
           317               0.0000000               0.0000000              -5.6391273
           318               0.0000000               0.0000000              -5.6391273
           319               0.8222752               0.3185511              -5.6391273
           320               0.6516748               0.5940801              -5.6391273
           321               1.6445503               0.6371022              -5.6391273
           322               1.3033496               1.1881602              -5.6391273
           323               2.4668255               0.9556533              -5.6391273
           324               1.9550245               1.7822403              -5.6391273
           325               3.2891006               1.2742044              -5.6391273
           326               2.6066992               2.3763204              -5.6391273
           327               0.0000000               0.0000000              -5.6391273
           328               0.0000000               0.0000000              -5.6391273
           329               0.6516748               0.5940801              -5.6391273
           330               0.3930622               0.7893753              -5.6391273
           331               1.3033496               1.1881602              -5.6391273
           332               0.7861244               1.5787506              -5.6391273
           333               1.9550245               1.7822403              -5.6391273
           334               1.1791866               2.3681259              -5.6391273
           335               2.6066992               2.3763204              -5.6391273
           336               1.5722488               3.1575012              -5.6391273
           337               0.0000000               0.0000000              -5.6391273
           338               0.0000000               0.0000000              -5.6391273
           339               0.3930622               0.7893753              -5.6391273
           340               0.0813643               0.8780610              -5.6391273
           341               0.7861244               1.5787506              -5.6391273
           342               0.1627287               1.7561220              -5.6391273
           343               1.1791866               2.3681259              -5.6391273
           344               0.2440929               2.6341829              -5.6391273
           345               1.5722488               3.1575012              -5.6391273
           346               0.3254573               3.5122440              -5.6391273
           347               0.0000000               0.0000000              -5.6391273
           348               0.0000000               0.0000000              -5.6391273
           349               0.0813643               0.8780610              -5.6391273
           350              -0.2413222               0.8481597              -5.6391273
           351               0.1627287               1.7561220              -5.6391273
           352              -0.4826444               1.6963193              -5.6391273
           353               0.2440930               2.6341829              -5.6391273
           354              -0.7239667               2.5444789              -5.6391273
           355               0.3254573               3.5122440              -5.6391273
           356              -0.9652889               3.3926387              -5.6391273
           357               0.0000000               0.0000000              -5.6391273
           358               0.0000000               0.0000000              -5.6391273
           359              -0.2413222               0.8481597              -5.6391273
           360              -0.5314169               0.7037097              -5.6391273
           361              -0.4826444               1.6963193              -5.6391273
           362              -1.0628338               1.4074194              -5.6391273
           363              -0.7239667               2.5444789              -5.6391273
           364              -1.5942507               2.1111293              -5.6391273
           365              -0.9652889               3.3926387              -5.6391273
           366              -2.1256676               2.8148389              -5.6391273
           367               0.0000000               0.0000000              -5.6391273
           368               0.0000000               0.0000000              -5.6391273
           369              -0.5314169               0.7037097              -5.6391273
           370              -0.7497408               0.4642198              -5.6391273
           371              -1.0628338               1.4074194              -5.6391273
           372              -1.4994816               0.9284397              -5.6391273
           373              -1.5942507               2.1111293              -5.6391273
           374              -2.2492223               1.3926595              -5.6391273
           375              -2.1256676               2.8148389              -5.6391273
           376              -2.9989631               1.8568794              -5.6391273
           377               0.0000000               0.0000000              -5.6391273
           378               0.0000000               0.0000000              -5.6391273
           379              -0.7497408               0.4642198              -5.6391273
           380              -0.8668080               0.1620345              -5.6391273
           381              -1.4994816               0.9284397              -5.6391273
           382              -1.7336160               0.3240690              -5.6391273
           383              -2.2492223               1.3926595              -5.6391273
           384              -2.6004241               0.4861035              -5.6391273
           385              -2.9989631               1.8568794              -5.6391273
           386              -3.4672320               0.6481379              -5.6391273
           387               0.0000000               0.0000000              -5.6391273
           388               0.0000000               0.0000000              -5.6391273
           389              -0.8668080               0.1620345              -5.6391273
           390              -0.8668080              -0.1620345              -5.6391273
           391              -1.7336160               0.3240690              -5.6391273
           392              -1.7336160              -0.3240690              -5.6391273
           393              -2.6004241               0.4861035              -5.6391273
           394              -2.6004241              -0.4861035              -5.6391273
           395              -3.4672320               0.6481380              -5.6391273
           396              -3.4672320              -0.6481380              -5.6391273
           397               0.0000000               0.0000000              -5.6391273
           398               0.0000000               0.0000000              -5.6391273
           399              -0.8668080              -0.1620345              -5.6391273
           400              -0.7497408              -0.4642199              -5.6391273
           401              -1.7336160              -0.3240690              -5.6391273
           402              -1.4994816              -0.9284397              -5.6391273
           403              -2.6004241              -0.4861035              -5.6391273
           404              -2.2492223              -1.3926595              -5.6391273
           405              -3.4672320              -0.6481380              -5.6391273
           406              -2.9989631              -1.8568795              -5.6391273
           407               0.0000000               0.0000000              -5.6391273
           408               0.0000000               0.0000000              -5.6391273
           409              -0.7497408              -0.4642198              -5.6391273
           410              -0.5314169              -0.7037097              -5.6391273
           411              -1.4994816              -0.9284397              -5.6391273
           412              -1.0628338              -1.4074194              -5.6391273
           413              -2.2492223              -1.3926595              -5.6391273
           414              -1.5942507              -2.1111293              -5.6391273
           415              -2.9989631              -1.8568794              -5.6391273
           416              -2.1256676              -2.8148389              -5.6391273
           417               0.0000000               0.0000000              -5.6391273
           418               0.0000000               0.0000000              -5.6391273
           419              -0.5314169              -0.7037097              -5.6391273
           420              -0.2413222              -0.8481597              -5.6391273
           421              -1.0628338              -1.4074194              -5.6391273
           422              -0.4826444              -1.6963193              -5.6391273
           423              -1.5942507              -2.1111293              -5.6391273
           424              -0.7239667              -2.5444789              -5.6391273
           425              -2.1256676              -2.8148389              -5.6391273
           426              -0.9652889              -3.3926387              -5.6391273
           427               0.0000000               0.0000000              -5.6391273
           428               0.0000000               0.0000000              -5.6391273
           429              -0.2413222              -0.8481597              -5.6391273
           430               0.0813643              -0.8780610              -5.6391273
           431              -0.4826444              -1.6963193              -5.6391273
           432               0.1627287              -1.7561220              -5.6391273
           433              -0.7239667              -2.5444789              -5.6391273
           434               0.2440930              -2.6341829              -5.6391273
           435              -0.9652889              -3.3926387              -5.6391273
           436               0.3254573              -3.5122440              -5.6391273
           437               0.0000000               0.0000000              -5.6391273
           438               0.0000000               0.0000000              -5.6391273
           439               0.0813643              -0.8780610              -5.6391273
           440               0.3930622              -0.7893753              -5.6391273
           441               0.1627287              -1.7561220              -5.6391273
           442               0.7861244              -1.5787506              -5.6391273
           443               0.2440930              -2.6341829              -5.6391273
           444               1.1791866              -2.3681259              -5.6391273
           445               0.3254573              -3.5122440              -5.6391273
           446               1.5722488              -3.1575012              -5.6391273
           447               0.0000000               0.0000000              -5.6391273
           448               0.0000000               0.0000000              -5.6391273
           449               0.3930622              -0.7893753              -5.6391273
           450               0.6516748              -0.5940801              -5.6391273
           451               0.7861244              -1.5787506              -5.6391273
           452               1.3033496              -1.1881602              -5.6391273
           453               1.1791866              -2.3681259              -5.6391273
           454               1.9550245              -1.7822403              -5.6391273
           455               1.5722488              -3.1575012              -5.6391273
           456               2.6066992              -2.3763204              -5.6391273
           457               0.0000000               0.0000000              -5.6391273
           458               0.0000000               0.0000000              -5.6391273
           459               0.6516748              -0.5940801              -5.6391273
           460               0.8222752              -0.3185511              -5.6391273
           461               1.3033496              -1.1881602              -5.6391273
           462               1.6445503              -0.6371022              -5.6391273
           463               1.9550245              -1.7822403              -5.6391273
           464               2.4668255              -0.9556533              -5.6391273
           465               2.6066992              -2.3763204              -5.6391273
           466               3.2891006              -1.2742044              -5.6391273
           467               0.0000000               0.0000000              -5.6391273
           468               0.0000000               0.0000000              -5.6391273
           469               0.8222752              -0.3185511              -5.6391273
           470               0.8818227               0.0000000              -5.6391273
           471               1.6445503              -0.6371022              -5.6391273
           472               1.7636454               0.0000000              -5.6391273
           473               2.4668255              -0.9556533              -5.6391273
           474               2.6454682               0.0000000              -5.6391273
           475               3.2891006              -1.2742044              -5.6391273
           476               3.5272908               0.0000000              -5.6391273
             0          0.00          0.00          0.00
               1               2               8               7
               2               3               9               8
               3               4              10               9
               4               5              11              10
               5               6              12              11
               7               8              14              13
               8               9              15              14
               9              10              16              15
              10              11              17              16
              11              12              18              17
              19              20              26              25
              20              21              27              26
              21              22              28              27
              22              23              29              28
              23              24              30              29
              25              26              32              31
              26              27              33              32
              27              28              34              33
              28              29              35              34
              29              30              36              35
              37              38              44              43
              38              39              45              44
              39              40              46              45
              40              41              47              46
              41              42              48              47
              43              44              50              49
              44              45              51              50
              45              46              52              51
              46              47              53              52
              47              48              54              53
              55              56              62              61
              56              57              63              62
              57              58              64              63
              58              59              65              64
              59              60              66              65
              61              62              68              67
              62              63              69              68
              63              64              70              69
              64              65              71              70
              65              66              72              71
              73              74              80              79
              74              75              81              80
              75              76              82              81
              76              77              83              82
              77              78              84              83
              79              80              86              85
              80              81              87              86
              81              82              88              87
              82              83              89              88
              83              84              90              89
              91              92              98              97
              92              93              99              98
              93              94             100              99
              94              95             101             100
              95              96             102             101
              97              98             104             103
              98              99             105             104
              99             100             106             105
             100             101             107             106
             101             102             108             107
             109             110             116             115
             110             111             117             116
             111             112             118             117
             112             113             119             118
             113             114             120             119
             115             116             122             121
             116             117             123             122
             117             118             124             123
             118             119             125             124
             119             120             126             125
             127             128             134             133
             128             129             135             134
             129             130             136             135
             130             131             137             136
             131             132             138             137
             133             134             140             139
             134             135             141             140
             135             136             142             141
             136             137             143             142
             137             138             144             143
             145             146             152             151
             146             147             153             152
             147             148             154             153
             148             149             155             154
             149             150             156             155
             151             152             158             157
             152             153             159             158
             153             154             160             159
             154             155             161             160
             155             156             162             161
             163             164             170             169
             164             165             171             170
             165             166             172             171
             166             167             173             172
             167             168             174             173
             169             170             176             175
             170             171             177             176
             171             172             178             177
             172             173             179             178
             173             174             180             179
             181             182             188             187
             182             183             189             188
             183             184             190             189
             184             185             191             190
             185             186             192             191
             187             188             194             193
             188             189             195             194
             189             190             196             195
             190             191             197             196
             191             192             198             197
             199             200             206             205
             200             201             207             206
             201             202             208             207
             202             203             209             208
             203             204             210             209
             205             206             212             211
             206             207             213             212
             207             208             214             213
             208             209             215             214
             209             210             216             215
             217             218             224             223
             218             219             225             224
             219             220             226             225
             220             221             227             226
             221             222             228             227
             223             224             230             229
             224             225             231             230
             225             226             232             231
             226             227             233             232
             227             228             234             233
             235             236             242             241
             236             237             243             242
             237             238             244             243
             238             239             245             244
             239             240             246             245
             241             242             248             247
             242             243             249             248
             243             244             250             249
             244             245             251             250
             245             246             252             251
             253             254             260             259
             254             255             261             260
             255             256             262             261
             256             257             263             262
             257             258             264             263
             259             260             266             265
             260             261             267             266
             261             262             268             267
             262             263             269             268
             263             264             270             269
             271             272             278             277
             272             273             279             278
             273             274             280             279
             274             275             281             280
             275             276             282             281
             277             278             284             283
             278             279             285             284
             279             280             286             285
             280             281             287             286
             281             282             288             287
             289             290             296             295
             290             291             297             296
             291             292             298             297
             292             293             299             298
             293             294             300             299
             295             296             302             301
             296             297             303             302
             297             298             304             303
             298             299             305             304
             299             300             306             305
             307             308             310             309
             309             310             312             311
             311             312             314             313
             313             314             316             315
             317             318             320             319
             319             320             322             321
             321             322             324             323
             323             324             326             325
             327             328             330             329
             329             330             332             331
             331             332             334             333
             333             334             336             335
             337             338             340             339
             339             340             342             341
             341             342             344             343
             343             344             346             345
             347             348             350             349
             349             350             352             351
             351             352             354             353
             353             354             356             355
             357             358             360             359
             359             360             362             361
             361             362             364             363
             363             364             366             365
             367             368             370             369
             369             370             372             371
             371             372             374             373
             373             374             376             375
             377             378             380             379
             379             380             382             381
             381             382             384             383
             383             384             386             385
             387             388             390             389
             389             390             392             391
             391             392             394             393
             393             394             396             395
             397             398             400             399
             399             400             402             401
             401             402             404             403
             403             404             406             405
             407             408             410             409
             409             410             412             411
             411             412             414             413
             413             414             416             415
             417             418             420             419
             419             420             422             421
             421             422             424             423
             423             424             426             425
             427             428             430             429
             429             430             432             431
             431             432             434             433
             433             434             436             435
             437             438             440             439
             439             440             442             441
             441             442             444             443
             443             444             446             445
             447             448             450             449
             449             450             452             451
             451             452             454             453
             453             454             456             455
             457             458             460             459
             459             460             462             461
             461             462             464             463
             463             464             466             465
             467             468             470             469
             469             470             472             471
             471             472             474             473
             473             474             476             475
          0          0          0          0
