                    2          0
             1               0.0000000               4.4407520              -6.7686849
             2              -0.4605490               4.4407520              -6.0166087
             3              -0.9210980               4.4407520              -5.2645326
             4              -1.3816469               4.4407520              -4.5124564
             5              -1.8421960               4.4407520              -3.7603805
             6              -2.3027449               4.4407520              -3.0083041
             7              -2.7632937               4.4407520              -2.2562280
             8              -3.2238429               4.4407520              -1.5041523
             9              -3.6843920               4.4407520              -0.7520761
            10              -4.1449409               4.4407520               0.0000000
            11               0.0000000               4.4407520              -6.7686849
            12               0.4605490               4.4407520              -6.0166087
            13               0.9210980               4.4407520              -5.2645326
            14               1.3816469               4.4407520              -4.5124564
            15               1.8421960               4.4407520              -3.7603805
            16               2.3027449               4.4407520              -3.0083041
            17               2.7632937               4.4407520              -2.2562280
            18               3.2238429               4.4407520              -1.5041523
            19               3.6843920               4.4407520              -0.7520761
            20               4.1449409               4.4407520               0.0000000
            21               0.0000000               4.4407520              -6.7686849
            22               0.4605490               4.4407520              -6.0166087
            23               0.9210980               4.4407520              -5.2645326
            24               1.3816469               4.4407520              -4.5124564
            25               1.8421960               4.4407520              -3.7603805
            26               2.3027449               4.4407520              -3.0083041
            27               2.7632937               4.4407520              -2.2562280
            28               3.2238429               4.4407520              -1.5041523
            29               3.6843920               4.4407520              -0.7520761
            30               4.1449409               4.4407520               0.0000000
            31               0.0000000               3.5526016              -6.7686849
            32               0.4605490               3.5526016              -6.0166087
            33               0.9210980               3.5526016              -5.2645326
            34               1.3816469               3.5526016              -4.5124564
            35               1.8421960               3.5526016              -3.7603805
            36               2.3027449               3.5526016              -3.0083041
            37               2.7632937               3.5526016              -2.2562280
            38               3.2238429               3.5526016              -1.5041523
            39               3.6843920               3.5526016              -0.7520761
            40               4.1449409               3.5526016               0.0000000
            41               0.0000000               2.6644511              -6.7686849
            42               0.4605490               2.6644511              -6.0166087
            43               0.9210980               2.6644511              -5.2645326
            44               1.3816469               2.6644511              -4.5124564
            45               1.8421960               2.6644511              -3.7603805
            46               2.3027449               2.6644511              -3.0083041
            47               2.7632937               2.6644511              -2.2562280
            48               3.2238429               2.6644511              -1.5041523
            49               3.6843920               2.6644511              -0.7520761
            50               4.1449409               2.6644511               0.0000000
            51               0.0000000               1.7763009              -6.7686849
            52               0.4605490               1.7763009              -6.0166087
            53               0.9210980               1.7763009              -5.2645326
            54               1.3816469               1.7763009              -4.5124564
            55               1.8421960               1.7763009              -3.7603805
            56               2.3027449               1.7763009              -3.0083041
            57               2.7632937               1.7763009              -2.2562280
            58               3.2238429               1.7763009              -1.5041523
            59               3.6843920               1.7763009              -0.7520761
            60               4.1449409               1.7763009               0.0000000
            61               0.0000000               0.8881505              -6.7686849
            62               0.4605490               0.8881505              -6.0166087
            63               0.9210980               0.8881505              -5.2645326
            64               1.3816469               0.8881505              -4.5124564
            65               1.8421960               0.8881505              -3.7603805
            66               2.3027449               0.8881505              -3.0083041
            67               2.7632937               0.8881505              -2.2562280
            68               3.2238429               0.8881505              -1.5041523
            69               3.6843920               0.8881505              -0.7520761
            70               4.1449409               0.8881505               0.0000000
            71               0.0000000               0.0000000              -6.7686849
            72               0.4605490               0.0000000              -6.0166087
            73               0.9210980               0.0000000              -5.2645326
            74               1.3816469               0.0000000              -4.5124564
            75               1.8421960               0.0000000              -3.7603805
            76               2.3027449               0.0000000              -3.0083041
            77               2.7632937               0.0000000              -2.2562280
            78               3.2238429               0.0000000              -1.5041523
            79               3.6843920               0.0000000              -0.7520761
            80               4.1449409               0.0000000               0.0000000
            81               0.0000000              -0.8881502              -6.7686849
            82               0.4605490              -0.8881502              -6.0166087
            83               0.9210980              -0.8881502              -5.2645326
            84               1.3816469              -0.8881502              -4.5124564
            85               1.8421960              -0.8881502              -3.7603805
            86               2.3027449              -0.8881502              -3.0083041
            87               2.7632937              -0.8881502              -2.2562280
            88               3.2238429              -0.8881502              -1.5041523
            89               3.6843920              -0.8881502              -0.7520761
            90               4.1449409              -0.8881502               0.0000000
            91               0.0000000              -1.7763009              -6.7686849
            92               0.4605490              -1.7763009              -6.0166087
            93               0.9210980              -1.7763009              -5.2645326
            94               1.3816469              -1.7763009              -4.5124564
            95               1.8421960              -1.7763009              -3.7603805
            96               2.3027449              -1.7763009              -3.0083041
            97               2.7632937              -1.7763009              -2.2562280
            98               3.2238429              -1.7763009              -1.5041523
            99               3.6843920              -1.7763009              -0.7520761
           100               4.1449409              -1.7763009               0.0000000
           101               0.0000000              -2.6644511              -6.7686849
           102               0.4605490              -2.6644511              -6.0166087
           103               0.9210980              -2.6644511              -5.2645326
           104               1.3816469              -2.6644511              -4.5124564
           105               1.8421960              -2.6644511              -3.7603805
           106               2.3027449              -2.6644511              -3.0083041
           107               2.7632937              -2.6644511              -2.2562280
           108               3.2238429              -2.6644511              -1.5041523
           109               3.6843920              -2.6644511              -0.7520761
           110               4.1449409              -2.6644511               0.0000000
           111               0.0000000              -3.5526013              -6.7686849
           112               0.4605490              -3.5526013              -6.0166087
           113               0.9210980              -3.5526013              -5.2645326
           114               1.3816469              -3.5526013              -4.5124564
           115               1.8421960              -3.5526013              -3.7603805
           116               2.3027449              -3.5526013              -3.0083041
           117               2.7632937              -3.5526013              -2.2562280
           118               3.2238429              -3.5526013              -1.5041523
           119               3.6843920              -3.5526013              -0.7520761
           120               4.1449409              -3.5526013               0.0000000
           121               0.0000000              -4.4407520              -6.7686849
           122               0.4605490              -4.4407520              -6.0166087
           123               0.9210980              -4.4407520              -5.2645326
           124               1.3816469              -4.4407520              -4.5124564
           125               1.8421960              -4.4407520              -3.7603805
           126               2.3027449              -4.4407520              -3.0083041
           127               2.7632937              -4.4407520              -2.2562280
           128               3.2238429              -4.4407520              -1.5041523
           129               3.6843920              -4.4407520              -0.7520761
           130               4.1449409              -4.4407520               0.0000000
           131               0.0000000              -4.4407520              -6.7686849
           132               0.4605490              -4.4407520              -6.0166087
           133               0.9210980              -4.4407520              -5.2645326
           134               1.3816469              -4.4407520              -4.5124564
           135               1.8421960              -4.4407520              -3.7603805
           136               2.3027449              -4.4407520              -3.0083041
           137               2.7632937              -4.4407520              -2.2562280
           138               3.2238429              -4.4407520              -1.5041523
           139               3.6843920              -4.4407520              -0.7520761
           140               4.1449409              -4.4407520               0.0000000
           141               0.0000000              -4.4407520              -6.7686849
           142              -0.4605490              -4.4407520              -6.0166087
           143              -0.9210980              -4.4407520              -5.2645326
           144              -1.3816469              -4.4407520              -4.5124564
           145              -1.8421960              -4.4407520              -3.7603805
           146              -2.3027449              -4.4407520              -3.0083041
           147              -2.7632937              -4.4407520              -2.2562280
           148              -3.2238429              -4.4407520              -1.5041523
           149              -3.6843920              -4.4407520              -0.7520761
           150              -4.1449409              -4.4407520               0.0000000
           151               0.0000000              -4.4407520              -6.7686849
           152              -0.4605490              -4.4407520              -6.0166087
           153              -0.9210980              -4.4407520              -5.2645326
           154              -1.3816469              -4.4407520              -4.5124564
           155              -1.8421960              -4.4407520              -3.7603805
           156              -2.3027449              -4.4407520              -3.0083041
           157              -2.7632937              -4.4407520              -2.2562280
           158              -3.2238429              -4.4407520              -1.5041523
           159              -3.6843920              -4.4407520              -0.7520761
           160              -4.1449409              -4.4407520               0.0000000
           161               0.0000000              -3.5526016              -6.7686849
           162              -0.4605490              -3.5526016              -6.0166087
           163              -0.9210980              -3.5526016              -5.2645326
           164              -1.3816469              -3.5526016              -4.5124564
           165              -1.8421960              -3.5526016              -3.7603805
           166              -2.3027449              -3.5526016              -3.0083041
           167              -2.7632937              -3.5526016              -2.2562280
           168              -3.2238429              -3.5526016              -1.5041523
           169              -3.6843920              -3.5526016              -0.7520761
           170              -4.1449409              -3.5526016               0.0000000
           171               0.0000000              -2.6644511              -6.7686849
           172              -0.4605490              -2.6644511              -6.0166087
           173              -0.9210980              -2.6644511              -5.2645326
           174              -1.3816469              -2.6644511              -4.5124564
           175              -1.8421960              -2.6644511              -3.7603805
           176              -2.3027449              -2.6644511              -3.0083041
           177              -2.7632937              -2.6644511              -2.2562280
           178              -3.2238429              -2.6644511              -1.5041523
           179              -3.6843920              -2.6644511              -0.7520761
           180              -4.1449409              -2.6644511               0.0000000
           181               0.0000000              -1.7763009              -6.7686849
           182              -0.4605490              -1.7763009              -6.0166087
           183              -0.9210980              -1.7763009              -5.2645326
           184              -1.3816469              -1.7763009              -4.5124564
           185              -1.8421960              -1.7763009              -3.7603805
           186              -2.3027449              -1.7763009              -3.0083041
           187              -2.7632937              -1.7763009              -2.2562280
           188              -3.2238429              -1.7763009              -1.5041523
           189              -3.6843920              -1.7763009              -0.7520761
           190              -4.1449409              -1.7763009               0.0000000
           191               0.0000000              -0.8881505              -6.7686849
           192              -0.4605490              -0.8881505              -6.0166087
           193              -0.9210980              -0.8881505              -5.2645326
           194              -1.3816469              -0.8881505              -4.5124564
           195              -1.8421960              -0.8881505              -3.7603805
           196              -2.3027449              -0.8881505              -3.0083041
           197              -2.7632937              -0.8881505              -2.2562280
           198              -3.2238429              -0.8881505              -1.5041523
           199              -3.6843920              -0.8881505              -0.7520761
           200              -4.1449409              -0.8881505               0.0000000
           201               0.0000000               0.0000000              -6.7686849
           202              -0.4605490               0.0000000              -6.0166087
           203              -0.9210980               0.0000000              -5.2645326
           204              -1.3816469               0.0000000              -4.5124564
           205              -1.8421960               0.0000000              -3.7603805
           206              -2.3027449               0.0000000              -3.0083041
           207              -2.7632937               0.0000000              -2.2562280
           208              -3.2238429               0.0000000              -1.5041523
           209              -3.6843920               0.0000000              -0.7520761
           210              -4.1449409               0.0000000               0.0000000
           211               0.0000000               0.8881502              -6.7686849
           212              -0.4605490               0.8881502              -6.0166087
           213              -0.9210980               0.8881502              -5.2645326
           214              -1.3816469               0.8881502              -4.5124564
           215              -1.8421960               0.8881502              -3.7603805
           216              -2.3027449               0.8881502              -3.0083041
           217              -2.7632937               0.8881502              -2.2562280
           218              -3.2238429               0.8881502              -1.5041523
           219              -3.6843920               0.8881502              -0.7520761
           220              -4.1449409               0.8881502               0.0000000
           221               0.0000000               1.7763009              -6.7686849
           222              -0.4605490               1.7763009              -6.0166087
           223              -0.9210980               1.7763009              -5.2645326
           224              -1.3816469               1.7763009              -4.5124564
           225              -1.8421960               1.7763009              -3.7603805
           226              -2.3027449               1.7763009              -3.0083041
           227              -2.7632937               1.7763009              -2.2562280
           228              -3.2238429               1.7763009              -1.5041523
           229              -3.6843920               1.7763009              -0.7520761
           230              -4.1449409               1.7763009               0.0000000
           231               0.0000000               2.6644511              -6.7686849
           232              -0.4605490               2.6644511              -6.0166087
           233              -0.9210980               2.6644511              -5.2645326
           234              -1.3816469               2.6644511              -4.5124564
           235              -1.8421960               2.6644511              -3.7603805
           236              -2.3027449               2.6644511              -3.0083041
           237              -2.7632937               2.6644511              -2.2562280
           238              -3.2238429               2.6644511              -1.5041523
           239              -3.6843920               2.6644511              -0.7520761
           240              -4.1449409               2.6644511               0.0000000
           241               0.0000000               3.5526013              -6.7686849
           242              -0.4605490               3.5526013              -6.0166087
           243              -0.9210980               3.5526013              -5.2645326
           244              -1.3816469               3.5526013              -4.5124564
           245              -1.8421960               3.5526013              -3.7603805
           246              -2.3027449               3.5526013              -3.0083041
           247              -2.7632937               3.5526013              -2.2562280
           248              -3.2238429               3.5526013              -1.5041523
           249              -3.6843920               3.5526013              -0.7520761
           250              -4.1449409               3.5526013               0.0000000
           251               0.0000000               4.4407520              -6.7686849
           252              -0.4605490               4.4407520              -6.0166087
           253              -0.9210980               4.4407520              -5.2645326
           254              -1.3816469               4.4407520              -4.5124564
           255              -1.8421960               4.4407520              -3.7603805
           256              -2.3027449               4.4407520              -3.0083041
           257              -2.7632937               4.4407520              -2.2562280
           258              -3.2238429               4.4407520              -1.5041523
           259              -3.6843920               4.4407520              -0.7520761
           260              -4.1449409               4.4407520               0.0000000
             0          0.00          0.00          0.00
               1               2              12              11
               2               3              13              12
               3               4              14              13
               4               5              15              14
               5               6              16              15
               6               7              17              16
               7               8              18              17
               8               9              19              18
               9              10              20              19
              21              22              32              31
              22              23              33              32
              23              24              34              33
              24              25              35              34
              25              26              36              35
              26              27              37              36
              27              28              38              37
              28              29              39              38
              29              30              40              39
              31              32              42              41
              32              33              43              42
              33              34              44              43
              34              35              45              44
              35              36              46              45
              36              37              47              46
              37              38              48              47
              38              39              49              48
              39              40              50              49
              41              42              52              51
              42              43              53              52
              43              44              54              53
              44              45              55              54
              45              46              56              55
              46              47              57              56
              47              48              58              57
              48              49              59              58
              49              50              60              59
              51              52              62              61
              52              53              63              62
              53              54              64              63
              54              55              65              64
              55              56              66              65
              56              57              67              66
              57              58              68              67
              58              59              69              68
              59              60              70              69
              61              62              72              71
              62              63              73              72
              63              64              74              73
              64              65              75              74
              65              66              76              75
              66              67              77              76
              67              68              78              77
              68              69              79              78
              69              70              80              79
              71              72              82              81
              72              73              83              82
              73              74              84              83
              74              75              85              84
              75              76              86              85
              76              77              87              86
              77              78              88              87
              78              79              89              88
              79              80              90              89
              81              82              92              91
              82              83              93              92
              83              84              94              93
              84              85              95              94
              85              86              96              95
              86              87              97              96
              87              88              98              97
              88              89              99              98
              89              90             100              99
              91              92             102             101
              92              93             103             102
              93              94             104             103
              94              95             105             104
              95              96             106             105
              96              97             107             106
              97              98             108             107
              98              99             109             108
              99             100             110             109
             101             102             112             111
             102             103             113             112
             103             104             114             113
             104             105             115             114
             105             106             116             115
             106             107             117             116
             107             108             118             117
             108             109             119             118
             109             110             120             119
             111             112             122             121
             112             113             123             122
             113             114             124             123
             114             115             125             124
             115             116             126             125
             116             117             127             126
             117             118             128             127
             118             119             129             128
             119             120             130             129
             131             132             142             141
             132             133             143             142
             133             134             144             143
             134             135             145             144
             135             136             146             145
             136             137             147             146
             137             138             148             147
             138             139             149             148
             139             140             150             149
             151             152             162             161
             152             153             163             162
             153             154             164             163
             154             155             165             164
             155             156             166             165
             156             157             167             166
             157             158             168             167
             158             159             169             168
             159             160             170             169
             161             162             172             171
             162             163             173             172
             163             164             174             173
             164             165             175             174
             165             166             176             175
             166             167             177             176
             167             168             178             177
             168             169             179             178
             169             170             180             179
             171             172             182             181
             172             173             183             182
             173             174             184             183
             174             175             185             184
             175             176             186             185
             176             177             187             186
             177             178             188             187
             178             179             189             188
             179             180             190             189
             181             182             192             191
             182             183             193             192
             183             184             194             193
             184             185             195             194
             185             186             196             195
             186             187             197             196
             187             188             198             197
             188             189             199             198
             189             190             200             199
             191             192             202             201
             192             193             203             202
             193             194             204             203
             194             195             205             204
             195             196             206             205
             196             197             207             206
             197             198             208             207
             198             199             209             208
             199             200             210             209
             201             202             212             211
             202             203             213             212
             203             204             214             213
             204             205             215             214
             205             206             216             215
             206             207             217             216
             207             208             218             217
             208             209             219             218
             209             210             220             219
             211             212             222             221
             212             213             223             222
             213             214             224             223
             214             215             225             224
             215             216             226             225
             216             217             227             226
             217             218             228             227
             218             219             229             228
             219             220             230             229
             221             222             232             231
             222             223             233             232
             223             224             234             233
             224             225             235             234
             225             226             236             235
             226             227             237             236
             227             228             238             237
             228             229             239             238
             229             230             240             239
             231             232             242             241
             232             233             243             242
             233             234             244             243
             234             235             245             244
             235             236             246             245
             236             237             247             246
             237             238             248             247
             238             239             249             248
             239             240             250             249
             241             242             252             251
             242             243             253             252
             243             244             254             253
             244             245             255             254
             245             246             256             255
             246             247             257             256
             247             248             258             257
             248             249             259             258
             249             250             260             259
          0          0          0          0
