                    2          0
             1               3.4278553               1.3279582              -6.9113235
             2               3.4278553               1.3279582              -5.5290589
             3               3.4278553               1.3279582              -4.1467943
             4               3.4278553               1.3279582              -2.7645292
             5               3.4278553               1.3279582              -1.3822646
             6               3.4278553               1.3279582               0.0000000
             7               3.6760938               0.0000000              -6.9113235
             8               3.6760938               0.0000000              -5.5290589
             9               3.6760938               0.0000000              -4.1467943
            10               3.6760938               0.0000000              -2.7645292
            11               3.6760938               0.0000000              -1.3822646
            12               3.6760938               0.0000000               0.0000000
            13               2.7166660               2.4765682              -6.9113235
            14               2.7166660               2.4765682              -5.5290589
            15               2.7166660               2.4765682              -4.1467943
            16               2.7166660               2.4765682              -2.7645292
            17               2.7166660               2.4765682              -1.3822646
            18               2.7166660               2.4765682               0.0000000
            19               3.4278553               1.3279582              -6.9113235
            20               3.4278553               1.3279582              -5.5290589
            21               3.4278553               1.3279582              -4.1467943
            22               3.4278553               1.3279582              -2.7645292
            23               3.4278553               1.3279582              -1.3822646
            24               3.4278553               1.3279582               0.0000000
            25               1.6385760               3.2907040              -6.9113235
            26               1.6385760               3.2907040              -5.5290589
            27               1.6385760               3.2907040              -4.1467943
            28               1.6385760               3.2907040              -2.7645292
            29               1.6385760               3.2907040              -1.3822646
            30               1.6385760               3.2907040               0.0000000
            31               2.7166660               2.4765682              -6.9113235
            32               2.7166660               2.4765682              -5.5290589
            33               2.7166660               2.4765682              -4.1467943
            34               2.7166660               2.4765682              -2.7645292
            35               2.7166660               2.4765682              -1.3822646
            36               2.7166660               2.4765682               0.0000000
            37               0.3391871               3.6604121              -6.9113235
            38               0.3391871               3.6604121              -5.5290589
            39               0.3391871               3.6604121              -4.1467943
            40               0.3391871               3.6604121              -2.7645292
            41               0.3391871               3.6604121              -1.3822646
            42               0.3391871               3.6604121               0.0000000
            43               1.6385760               3.2907040              -6.9113235
            44               1.6385760               3.2907040              -5.5290589
            45               1.6385760               3.2907040              -4.1467943
            46               1.6385760               3.2907040              -2.7645292
            47               1.6385760               3.2907040              -1.3822646
            48               1.6385760               3.2907040               0.0000000
            49              -1.0060108               3.5357611              -6.9113235
            50              -1.0060108               3.5357611              -5.5290589
            51              -1.0060108               3.5357611              -4.1467943
            52              -1.0060108               3.5357611              -2.7645292
            53              -1.0060108               3.5357611              -1.3822646
            54              -1.0060108               3.5357611               0.0000000
            55               0.3391871               3.6604121              -6.9113235
            56               0.3391871               3.6604121              -5.5290589
            57               0.3391871               3.6604121              -4.1467943
            58               0.3391871               3.6604121              -2.7645292
            59               0.3391871               3.6604121              -1.3822646
            60               0.3391871               3.6604121               0.0000000
            61              -2.2153413               2.9335861              -6.9113235
            62              -2.2153413               2.9335861              -5.5290589
            63              -2.2153413               2.9335861              -4.1467943
            64              -2.2153413               2.9335861              -2.7645292
            65              -2.2153413               2.9335861              -1.3822646
            66              -2.2153413               2.9335861               0.0000000
            67              -1.0060108               3.5357611              -6.9113235
            68              -1.0060108               3.5357611              -5.5290589
            69              -1.0060108               3.5357611              -4.1467943
            70              -1.0060108               3.5357611              -2.7645292
            71              -1.0060108               3.5357611              -1.3822646
            72              -1.0060108               3.5357611               0.0000000
            73              -3.1254778               1.9352140              -6.9113235
            74              -3.1254778               1.9352140              -5.5290589
            75              -3.1254778               1.9352140              -4.1467943
            76              -3.1254778               1.9352140              -2.7645292
            77              -3.1254778               1.9352140              -1.3822646
            78              -3.1254778               1.9352140               0.0000000
            79              -2.2153413               2.9335861              -6.9113235
            80              -2.2153413               2.9335861              -5.5290589
            81              -2.2153413               2.9335861              -4.1467943
            82              -2.2153413               2.9335861              -2.7645292
            83              -2.2153413               2.9335861              -1.3822646
            84              -2.2153413               2.9335861               0.0000000
            85              -3.6135013               0.6754804              -6.9113235
            86              -3.6135013               0.6754804              -5.5290589
            87              -3.6135013               0.6754804              -4.1467943
            88              -3.6135013               0.6754804              -2.7645292
            89              -3.6135013               0.6754804              -1.3822646
            90              -3.6135013               0.6754804               0.0000000
            91              -3.1254778               1.9352140              -6.9113235
            92              -3.1254778               1.9352140              -5.5290589
            93              -3.1254778               1.9352140              -4.1467943
            94              -3.1254778               1.9352140              -2.7645292
            95              -3.1254778               1.9352140              -1.3822646
            96              -3.1254778               1.9352140               0.0000000
            97              -3.6135013              -0.6754804              -6.9113235
            98              -3.6135013              -0.6754804              -5.5290589
            99              -3.6135013              -0.6754804              -4.1467943
           100              -3.6135013              -0.6754804              -2.7645292
           101              -3.6135013              -0.6754804              -1.3822646
           102              -3.6135013              -0.6754804               0.0000000
           103              -3.6135013               0.6754804              -6.9113235
           104              -3.6135013               0.6754804              -5.5290589
           105              -3.6135013               0.6754804              -4.1467943
           106              -3.6135013               0.6754804              -2.7645292
           107              -3.6135013               0.6754804              -1.3822646
           108              -3.6135013               0.6754804               0.0000000
           109              -3.1254778              -1.9352140              -6.9113235
           110              -3.1254778              -1.9352140              -5.5290589
           111              -3.1254778              -1.9352140              -4.1467943
           112              -3.1254778              -1.9352140              -2.7645292
           113              -3.1254778              -1.9352140              -1.3822646
           114              -3.1254778              -1.9352140               0.0000000
           115              -3.6135013              -0.6754804              -6.9113235
           116              -3.6135013              -0.6754804              -5.5290589
           117              -3.6135013              -0.6754804              -4.1467943
           118              -3.6135013              -0.6754804              -2.7645292
           119              -3.6135013              -0.6754804              -1.3822646
           120              -3.6135013              -0.6754804               0.0000000
           121              -2.2153413              -2.9335861              -6.9113235
           122              -2.2153413              -2.9335861              -5.5290589
           123              -2.2153413              -2.9335861              -4.1467943
           124              -2.2153413              -2.9335861              -2.7645292
           125              -2.2153413              -2.9335861              -1.3822646
           126              -2.2153413              -2.9335861               0.0000000
           127              -3.1254778              -1.9352140              -6.9113235
           128              -3.1254778              -1.9352140              -5.5290589
           129              -3.1254778              -1.9352140              -4.1467943
           130              -3.1254778              -1.9352140              -2.7645292
           131              -3.1254778              -1.9352140              -1.3822646
           132              -3.1254778              -1.9352140               0.0000000
           133              -1.0060108              -3.5357611              -6.9113235
           134              -1.0060108              -3.5357611              -5.5290589
           135              -1.0060108              -3.5357611              -4.1467943
           136              -1.0060108              -3.5357611              -2.7645292
           137              -1.0060108              -3.5357611              -1.3822646
           138              -1.0060108              -3.5357611               0.0000000
           139              -2.2153413              -2.9335861              -6.9113235
           140              -2.2153413              -2.9335861              -5.5290589
           141              -2.2153413              -2.9335861              -4.1467943
           142              -2.2153413              -2.9335861              -2.7645292
           143              -2.2153413              -2.9335861              -1.3822646
           144              -2.2153413              -2.9335861               0.0000000
           145               0.3391871              -3.6604121              -6.9113235
           146               0.3391871              -3.6604121              -5.5290589
           147               0.3391871              -3.6604121              -4.1467943
           148               0.3391871              -3.6604121              -2.7645292
           149               0.3391871              -3.6604121              -1.3822646
           150               0.3391871              -3.6604121               0.0000000
           151              -1.0060108              -3.5357611              -6.9113235
           152              -1.0060108              -3.5357611              -5.5290589
           153              -1.0060108              -3.5357611              -4.1467943
           154              -1.0060108              -3.5357611              -2.7645292
           155              -1.0060108              -3.5357611              -1.3822646
           156              -1.0060108              -3.5357611               0.0000000
           157               1.6385760              -3.2907040              -6.9113235
           158               1.6385760              -3.2907040              -5.5290589
           159               1.6385760              -3.2907040              -4.1467943
           160               1.6385760              -3.2907040              -2.7645292
           161               1.6385760              -3.2907040              -1.3822646
           162               1.6385760              -3.2907040               0.0000000
           163               0.3391871              -3.6604121              -6.9113235
           164               0.3391871              -3.6604121              -5.5290589
           165               0.3391871              -3.6604121              -4.1467943
           166               0.3391871              -3.6604121              -2.7645292
           167               0.3391871              -3.6604121              -1.3822646
           168               0.3391871              -3.6604121               0.0000000
           169               2.7166660              -2.4765682              -6.9113235
           170               2.7166660              -2.4765682              -5.5290589
           171               2.7166660              -2.4765682              -4.1467943
           172               2.7166660              -2.4765682              -2.7645292
           173               2.7166660              -2.4765682              -1.3822646
           174               2.7166660              -2.4765682               0.0000000
           175               1.6385760              -3.2907040              -6.9113235
           176               1.6385760              -3.2907040              -5.5290589
           177               1.6385760              -3.2907040              -4.1467943
           178               1.6385760              -3.2907040              -2.7645292
           179               1.6385760              -3.2907040              -1.3822646
           180               1.6385760              -3.2907040               0.0000000
           181               3.4278553              -1.3279582              -6.9113235
           182               3.4278553              -1.3279582              -5.5290589
           183               3.4278553              -1.3279582              -4.1467943
           184               3.4278553              -1.3279582              -2.7645292
           185               3.4278553              -1.3279582              -1.3822646
           186               3.4278553              -1.3279582               0.0000000
           187               2.7166660              -2.4765682              -6.9113235
           188               2.7166660              -2.4765682              -5.5290589
           189               2.7166660              -2.4765682              -4.1467943
           190               2.7166660              -2.4765682              -2.7645292
           191               2.7166660              -2.4765682              -1.3822646
           192               2.7166660              -2.4765682               0.0000000
           193               3.6760938               0.0000000              -6.9113235
           194               3.6760938               0.0000000              -5.5290589
           195               3.6760938               0.0000000              -4.1467943
           196               3.6760938               0.0000000              -2.7645292
           197               3.6760938               0.0000000              -1.3822646
           198               3.6760938               0.0000000               0.0000000
           199               3.4278553              -1.3279582              -6.9113235
           200               3.4278553              -1.3279582              -5.5290589
           201               3.4278553              -1.3279582              -4.1467943
           202               3.4278553              -1.3279582              -2.7645292
           203               3.4278553              -1.3279582              -1.3822646
           204               3.4278553              -1.3279582               0.0000000
           205               0.0000000               0.0000000              -6.9113235
           206               0.0000000               0.0000000              -6.9113235
           207               1.2253646               0.0000000              -6.9113235
           208               1.1426184               0.4426527              -6.9113235
           209               2.4507291               0.0000000              -6.9113235
           210               2.2852368               0.8853055              -6.9113235
           211               3.6760938               0.0000000              -6.9113235
           212               3.4278553               1.3279582              -6.9113235
           213               0.0000000               0.0000000              -6.9113235
           214               0.0000000               0.0000000              -6.9113235
           215               1.1426184               0.4426527              -6.9113235
           216               0.9055553               0.8255227              -6.9113235
           217               2.2852368               0.8853055              -6.9113235
           218               1.8111106               1.6510454              -6.9113235
           219               3.4278553               1.3279582              -6.9113235
           220               2.7166660               2.4765682              -6.9113235
           221               0.0000000               0.0000000              -6.9113235
           222               0.0000000               0.0000000              -6.9113235
           223               0.9055553               0.8255227              -6.9113235
           224               0.5461920               1.0969013              -6.9113235
           225               1.8111106               1.6510454              -6.9113235
           226               1.0923840               2.1938026              -6.9113235
           227               2.7166660               2.4765682              -6.9113235
           228               1.6385760               3.2907040              -6.9113235
           229               0.0000000               0.0000000              -6.9113235
           230               0.0000000               0.0000000              -6.9113235
           231               0.5461920               1.0969013              -6.9113235
           232               0.1130624               1.2201374              -6.9113235
           233               1.0923840               2.1938026              -6.9113235
           234               0.2261247               2.4402747              -6.9113235
           235               1.6385760               3.2907040              -6.9113235
           236               0.3391870               3.6604121              -6.9113235
           237               0.0000000               0.0000000              -6.9113235
           238               0.0000000               0.0000000              -6.9113235
           239               0.1130624               1.2201374              -6.9113235
           240              -0.3353369               1.1785871              -6.9113235
           241               0.2261247               2.4402747              -6.9113235
           242              -0.6706738               2.3571742              -6.9113235
           243               0.3391871               3.6604121              -6.9113235
           244              -1.0060108               3.5357611              -6.9113235
           245               0.0000000               0.0000000              -6.9113235
           246               0.0000000               0.0000000              -6.9113235
           247              -0.3353369               1.1785871              -6.9113235
           248              -0.7384471               0.9778621              -6.9113235
           249              -0.6706738               2.3571742              -6.9113235
           250              -1.4768943               1.9557241              -6.9113235
           251              -1.0060108               3.5357611              -6.9113235
           252              -2.2153413               2.9335861              -6.9113235
           253               0.0000000               0.0000000              -6.9113235
           254               0.0000000               0.0000000              -6.9113235
           255              -0.7384471               0.9778621              -6.9113235
           256              -1.0418259               0.6450713              -6.9113235
           257              -1.4768943               1.9557241              -6.9113235
           258              -2.0836518               1.2901427              -6.9113235
           259              -2.2153413               2.9335861              -6.9113235
           260              -3.1254778               1.9352140              -6.9113235
           261               0.0000000               0.0000000              -6.9113235
           262               0.0000000               0.0000000              -6.9113235
           263              -1.0418259               0.6450713              -6.9113235
           264              -1.2045004               0.2251601              -6.9113235
           265              -2.0836518               1.2901427              -6.9113235
           266              -2.4090009               0.4503202              -6.9113235
           267              -3.1254778               1.9352140              -6.9113235
           268              -3.6135013               0.6754804              -6.9113235
           269               0.0000000               0.0000000              -6.9113235
           270               0.0000000               0.0000000              -6.9113235
           271              -1.2045004               0.2251601              -6.9113235
           272              -1.2045004              -0.2251601              -6.9113235
           273              -2.4090009               0.4503203              -6.9113235
           274              -2.4090009              -0.4503203              -6.9113235
           275              -3.6135013               0.6754804              -6.9113235
           276              -3.6135013              -0.6754804              -6.9113235
           277               0.0000000               0.0000000              -6.9113235
           278               0.0000000               0.0000000              -6.9113235
           279              -1.2045004              -0.2251601              -6.9113235
           280              -1.0418259              -0.6450713              -6.9113235
           281              -2.4090009              -0.4503203              -6.9113235
           282              -2.0836518              -1.2901427              -6.9113235
           283              -3.6135013              -0.6754804              -6.9113235
           284              -3.1254778              -1.9352140              -6.9113235
           285               0.0000000               0.0000000              -6.9113235
           286               0.0000000               0.0000000              -6.9113235
           287              -1.0418259              -0.6450713              -6.9113235
           288              -0.7384471              -0.9778621              -6.9113235
           289              -2.0836518              -1.2901427              -6.9113235
           290              -1.4768943              -1.9557241              -6.9113235
           291              -3.1254778              -1.9352140              -6.9113235
           292              -2.2153413              -2.9335861              -6.9113235
           293               0.0000000               0.0000000              -6.9113235
           294               0.0000000               0.0000000              -6.9113235
           295              -0.7384471              -0.9778621              -6.9113235
           296              -0.3353369              -1.1785871              -6.9113235
           297              -1.4768943              -1.9557241              -6.9113235
           298              -0.6706738              -2.3571742              -6.9113235
           299              -2.2153413              -2.9335861              -6.9113235
           300              -1.0060108              -3.5357611              -6.9113235
           301               0.0000000               0.0000000              -6.9113235
           302               0.0000000               0.0000000              -6.9113235
           303              -0.3353369              -1.1785871              -6.9113235
           304               0.1130624              -1.2201374              -6.9113235
           305              -0.6706738              -2.3571742              -6.9113235
           306               0.2261247              -2.4402747              -6.9113235
           307              -1.0060108              -3.5357611              -6.9113235
           308               0.3391870              -3.6604121              -6.9113235
           309               0.0000000               0.0000000              -6.9113235
           310               0.0000000               0.0000000              -6.9113235
           311               0.1130624              -1.2201374              -6.9113235
           312               0.5461920              -1.0969013              -6.9113235
           313               0.2261247              -2.4402747              -6.9113235
           314               1.0923840              -2.1938026              -6.9113235
           315               0.3391871              -3.6604121              -6.9113235
           316               1.6385760              -3.2907040              -6.9113235
           317               0.0000000               0.0000000              -6.9113235
           318               0.0000000               0.0000000              -6.9113235
           319               0.5461920              -1.0969013              -6.9113235
           320               0.9055553              -0.8255227              -6.9113235
           321               1.0923840              -2.1938026              -6.9113235
           322               1.8111106              -1.6510454              -6.9113235
           323               1.6385760              -3.2907040              -6.9113235
           324               2.7166660              -2.4765682              -6.9113235
           325               0.0000000               0.0000000              -6.9113235
           326               0.0000000               0.0000000              -6.9113235
           327               0.9055553              -0.8255227              -6.9113235
           328               1.1426184              -0.4426527              -6.9113235
           329               1.8111106              -1.6510454              -6.9113235
           330               2.2852368              -0.8853055              -6.9113235
           331               2.7166660              -2.4765682              -6.9113235
           332               3.4278553              -1.3279582              -6.9113235
           333               0.0000000               0.0000000              -6.9113235
           334               0.0000000               0.0000000              -6.9113235
           335               1.1426184              -0.4426527              -6.9113235
           336               1.2253646               0.0000000              -6.9113235
           337               2.2852368              -0.8853055              -6.9113235
           338               2.4507291               0.0000000              -6.9113235
           339               3.4278553              -1.3279582              -6.9113235
           340               3.6760938               0.0000000              -6.9113235
             0          0.00          0.00          0.00
               1               2               8               7
               2               3               9               8
               3               4              10               9
               4               5              11              10
               5               6              12              11
              13              14              20              19
              14              15              21              20
              15              16              22              21
              16              17              23              22
              17              18              24              23
              25              26              32              31
              26              27              33              32
              27              28              34              33
              28              29              35              34
              29              30              36              35
              37              38              44              43
              38              39              45              44
              39              40              46              45
              40              41              47              46
              41              42              48              47
              49              50              56              55
              50              51              57              56
              51              52              58              57
              52              53              59              58
              53              54              60              59
              61              62              68              67
              62              63              69              68
              63              64              70              69
              64              65              71              70
              65              66              72              71
              73              74              80              79
              74              75              81              80
              75              76              82              81
              76              77              83              82
              77              78              84              83
              85              86              92              91
              86              87              93              92
              87              88              94              93
              88              89              95              94
              89              90              96              95
              97              98             104             103
              98              99             105             104
              99             100             106             105
             100             101             107             106
             101             102             108             107
             109             110             116             115
             110             111             117             116
             111             112             118             117
             112             113             119             118
             113             114             120             119
             121             122             128             127
             122             123             129             128
             123             124             130             129
             124             125             131             130
             125             126             132             131
             133             134             140             139
             134             135             141             140
             135             136             142             141
             136             137             143             142
             137             138             144             143
             145             146             152             151
             146             147             153             152
             147             148             154             153
             148             149             155             154
             149             150             156             155
             157             158             164             163
             158             159             165             164
             159             160             166             165
             160             161             167             166
             161             162             168             167
             169             170             176             175
             170             171             177             176
             171             172             178             177
             172             173             179             178
             173             174             180             179
             181             182             188             187
             182             183             189             188
             183             184             190             189
             184             185             191             190
             185             186             192             191
             193             194             200             199
             194             195             201             200
             195             196             202             201
             196             197             203             202
             197             198             204             203
             205             206             208             207
             207             208             210             209
             209             210             212             211
             213             214             216             215
             215             216             218             217
             217             218             220             219
             221             222             224             223
             223             224             226             225
             225             226             228             227
             229             230             232             231
             231             232             234             233
             233             234             236             235
             237             238             240             239
             239             240             242             241
             241             242             244             243
             245             246             248             247
             247             248             250             249
             249             250             252             251
             253             254             256             255
             255             256             258             257
             257             258             260             259
             261             262             264             263
             263             264             266             265
             265             266             268             267
             269             270             272             271
             271             272             274             273
             273             274             276             275
             277             278             280             279
             279             280             282             281
             281             282             284             283
             285             286             288             287
             287             288             290             289
             289             290             292             291
             293             294             296             295
             295             296             298             297
             297             298             300             299
             301             302             304             303
             303             304             306             305
             305             306             308             307
             309             310             312             311
             311             312             314             313
             313             314             316             315
             317             318             320             319
             319             320             322             321
             321             322             324             323
             325             326             328             327
             327             328             330             329
             329             330             332             331
             333             334             336             335
             335             336             338             337
             337             338             340             339
          0          0          0          0
