                    2          0
             1               0.0000000               4.5241327              -6.4597454
             2              -0.2528858               4.5241327              -5.6522770
             3              -0.5057716               4.5241327              -4.8448091
             4              -0.7586573               4.5241327              -4.0373411
             5              -1.0115432               4.5241327              -3.2298727
             6              -1.2644290               4.5241327              -2.4224043
             7              -1.5173147               4.5241327              -1.6149364
             8              -1.7702005               4.5241327              -0.8074684
             9              -2.0230863               4.5241327               0.0000000
            10               0.0000000               4.5241327              -6.4597454
            11               0.2528858               4.5241327              -5.6522770
            12               0.5057716               4.5241327              -4.8448091
            13               0.7586573               4.5241327              -4.0373411
            14               1.0115432               4.5241327              -3.2298727
            15               1.2644290               4.5241327              -2.4224043
            16               1.5173147               4.5241327              -1.6149364
            17               1.7702005               4.5241327              -0.8074684
            18               2.0230863               4.5241327               0.0000000
            19               0.0000000               4.5241327              -6.4597454
            20               0.2528858               4.5241327              -5.6522770
            21               0.5057716               4.5241327              -4.8448091
            22               0.7586573               4.5241327              -4.0373411
            23               1.0115432               4.5241327              -3.2298727
            24               1.2644290               4.5241327              -2.4224043
            25               1.5173147               4.5241327              -1.6149364
            26               1.7702005               4.5241327              -0.8074684
            27               2.0230863               4.5241327               0.0000000
            28               0.0000000               3.7015631              -6.4597454
            29               0.2528858               3.7015631              -5.6522770
            30               0.5057716               3.7015631              -4.8448091
            31               0.7586573               3.7015631              -4.0373411
            32               1.0115432               3.7015631              -3.2298727
            33               1.2644290               3.7015631              -2.4224043
            34               1.5173147               3.7015631              -1.6149364
            35               1.7702005               3.7015631              -0.8074684
            36               2.0230863               3.7015631               0.0000000
            37               0.0000000               2.8789935              -6.4597454
            38               0.2528858               2.8789935              -5.6522770
            39               0.5057716               2.8789935              -4.8448091
            40               0.7586573               2.8789935              -4.0373411
            41               1.0115432               2.8789935              -3.2298727
            42               1.2644290               2.8789935              -2.4224043
            43               1.5173147               2.8789935              -1.6149364
            44               1.7702005               2.8789935              -0.8074684
            45               2.0230863               2.8789935               0.0000000
            46               0.0000000               2.0564239              -6.4597454
            47               0.2528858               2.0564239              -5.6522770
            48               0.5057716               2.0564239              -4.8448091
            49               0.7586573               2.0564239              -4.0373411
            50               1.0115432               2.0564239              -3.2298727
            51               1.2644290               2.0564239              -2.4224043
            52               1.5173147               2.0564239              -1.6149364
            53               1.7702005               2.0564239              -0.8074684
            54               2.0230863               2.0564239               0.0000000
            55               0.0000000               1.2338543              -6.4597454
            56               0.2528858               1.2338543              -5.6522770
            57               0.5057716               1.2338543              -4.8448091
            58               0.7586573               1.2338543              -4.0373411
            59               1.0115432               1.2338543              -3.2298727
            60               1.2644290               1.2338543              -2.4224043
            61               1.5173147               1.2338543              -1.6149364
            62               1.7702005               1.2338543              -0.8074684
            63               2.0230863               1.2338543               0.0000000
            64               0.0000000               0.4112849              -6.4597454
            65               0.2528858               0.4112849              -5.6522770
            66               0.5057716               0.4112849              -4.8448091
            67               0.7586573               0.4112849              -4.0373411
            68               1.0115432               0.4112849              -3.2298727
            69               1.2644290               0.4112849              -2.4224043
            70               1.5173147               0.4112849              -1.6149364
            71               1.7702005               0.4112849              -0.8074684
            72               2.0230863               0.4112849               0.0000000
            73               0.0000000              -0.4112849              -6.4597454
            74               0.2528858              -0.4112849              -5.6522770
            75               0.5057716              -0.4112849              -4.8448091
            76               0.7586573              -0.4112849              -4.0373411
            77               1.0115432              -0.4112849              -3.2298727
            78               1.2644290              -0.4112849              -2.4224043
            79               1.5173147              -0.4112849              -1.6149364
            80               1.7702005              -0.4112849              -0.8074684
            81               2.0230863              -0.4112849               0.0000000
            82               0.0000000              -1.2338548              -6.4597454
            83               0.2528858              -1.2338548              -5.6522770
            84               0.5057716              -1.2338548              -4.8448091
            85               0.7586573              -1.2338548              -4.0373411
            86               1.0115432              -1.2338548              -3.2298727
            87               1.2644290              -1.2338548              -2.4224043
            88               1.5173147              -1.2338548              -1.6149364
            89               1.7702005              -1.2338548              -0.8074684
            90               2.0230863              -1.2338548               0.0000000
            91               0.0000000              -2.0564241              -6.4597454
            92               0.2528858              -2.0564241              -5.6522770
            93               0.5057716              -2.0564241              -4.8448091
            94               0.7586573              -2.0564241              -4.0373411
            95               1.0115432              -2.0564241              -3.2298727
            96               1.2644290              -2.0564241              -2.4224043
            97               1.5173147              -2.0564241              -1.6149364
            98               1.7702005              -2.0564241              -0.8074684
            99               2.0230863              -2.0564241               0.0000000
           100               0.0000000              -2.8789935              -6.4597454
           101               0.2528858              -2.8789935              -5.6522770
           102               0.5057716              -2.8789935              -4.8448091
           103               0.7586573              -2.8789935              -4.0373411
           104               1.0115432              -2.8789935              -3.2298727
           105               1.2644290              -2.8789935              -2.4224043
           106               1.5173147              -2.8789935              -1.6149364
           107               1.7702005              -2.8789935              -0.8074684
           108               2.0230863              -2.8789935               0.0000000
           109               0.0000000              -3.7015629              -6.4597454
           110               0.2528858              -3.7015629              -5.6522770
           111               0.5057716              -3.7015629              -4.8448091
           112               0.7586573              -3.7015629              -4.0373411
           113               1.0115432              -3.7015629              -3.2298727
           114               1.2644290              -3.7015629              -2.4224043
           115               1.5173147              -3.7015629              -1.6149364
           116               1.7702005              -3.7015629              -0.8074684
           117               2.0230863              -3.7015629               0.0000000
           118               0.0000000              -4.5241327              -6.4597454
           119               0.2528858              -4.5241327              -5.6522770
           120               0.5057716              -4.5241327              -4.8448091
           121               0.7586573              -4.5241327              -4.0373411
           122               1.0115432              -4.5241327              -3.2298727
           123               1.2644290              -4.5241327              -2.4224043
           124               1.5173147              -4.5241327              -1.6149364
           125               1.7702005              -4.5241327              -0.8074684
           126               2.0230863              -4.5241327               0.0000000
           127               0.0000000              -4.5241327              -6.4597454
           128               0.2528858              -4.5241327              -5.6522770
           129               0.5057716              -4.5241327              -4.8448091
           130               0.7586573              -4.5241327              -4.0373411
           131               1.0115432              -4.5241327              -3.2298727
           132               1.2644290              -4.5241327              -2.4224043
           133               1.5173147              -4.5241327              -1.6149364
           134               1.7702005              -4.5241327              -0.8074684
           135               2.0230863              -4.5241327               0.0000000
           136               0.0000000              -4.5241327              -6.4597454
           137              -0.2528858              -4.5241327              -5.6522770
           138              -0.5057716              -4.5241327              -4.8448091
           139              -0.7586573              -4.5241327              -4.0373411
           140              -1.0115432              -4.5241327              -3.2298727
           141              -1.2644290              -4.5241327              -2.4224043
           142              -1.5173147              -4.5241327              -1.6149364
           143              -1.7702005              -4.5241327              -0.8074684
           144              -2.0230863              -4.5241327               0.0000000
           145               0.0000000              -4.5241327              -6.4597454
           146              -0.2528858              -4.5241327              -5.6522770
           147              -0.5057716              -4.5241327              -4.8448091
           148              -0.7586573              -4.5241327              -4.0373411
           149              -1.0115432              -4.5241327              -3.2298727
           150              -1.2644290              -4.5241327              -2.4224043
           151              -1.5173147              -4.5241327              -1.6149364
           152              -1.7702005              -4.5241327              -0.8074684
           153              -2.0230863              -4.5241327               0.0000000
           154               0.0000000              -3.7015631              -6.4597454
           155              -0.2528858              -3.7015631              -5.6522770
           156              -0.5057716              -3.7015631              -4.8448091
           157              -0.7586573              -3.7015631              -4.0373411
           158              -1.0115432              -3.7015631              -3.2298727
           159              -1.2644290              -3.7015631              -2.4224043
           160              -1.5173147              -3.7015631              -1.6149364
           161              -1.7702005              -3.7015631              -0.8074684
           162              -2.0230863              -3.7015631               0.0000000
           163               0.0000000              -2.8789935              -6.4597454
           164              -0.2528858              -2.8789935              -5.6522770
           165              -0.5057716              -2.8789935              -4.8448091
           166              -0.7586573              -2.8789935              -4.0373411
           167              -1.0115432              -2.8789935              -3.2298727
           168              -1.2644290              -2.8789935              -2.4224043
           169              -1.5173147              -2.8789935              -1.6149364
           170              -1.7702005              -2.8789935              -0.8074684
           171              -2.0230863              -2.8789935               0.0000000
           172               0.0000000              -2.0564239              -6.4597454
           173              -0.2528858              -2.0564239              -5.6522770
           174              -0.5057716              -2.0564239              -4.8448091
           175              -0.7586573              -2.0564239              -4.0373411
           176              -1.0115432              -2.0564239              -3.2298727
           177              -1.2644290              -2.0564239              -2.4224043
           178              -1.5173147              -2.0564239              -1.6149364
           179              -1.7702005              -2.0564239              -0.8074684
           180              -2.0230863              -2.0564239               0.0000000
           181               0.0000000              -1.2338543              -6.4597454
           182              -0.2528858              -1.2338543              -5.6522770
           183              -0.5057716              -1.2338543              -4.8448091
           184              -0.7586573              -1.2338543              -4.0373411
           185              -1.0115432              -1.2338543              -3.2298727
           186              -1.2644290              -1.2338543              -2.4224043
           187              -1.5173147              -1.2338543              -1.6149364
           188              -1.7702005              -1.2338543              -0.8074684
           189              -2.0230863              -1.2338543               0.0000000
           190               0.0000000              -0.4112849              -6.4597454
           191              -0.2528858              -0.4112849              -5.6522770
           192              -0.5057716              -0.4112849              -4.8448091
           193              -0.7586573              -0.4112849              -4.0373411
           194              -1.0115432              -0.4112849              -3.2298727
           195              -1.2644290              -0.4112849              -2.4224043
           196              -1.5173147              -0.4112849              -1.6149364
           197              -1.7702005              -0.4112849              -0.8074684
           198              -2.0230863              -0.4112849               0.0000000
           199               0.0000000               0.4112849              -6.4597454
           200              -0.2528858               0.4112849              -5.6522770
           201              -0.5057716               0.4112849              -4.8448091
           202              -0.7586573               0.4112849              -4.0373411
           203              -1.0115432               0.4112849              -3.2298727
           204              -1.2644290               0.4112849              -2.4224043
           205              -1.5173147               0.4112849              -1.6149364
           206              -1.7702005               0.4112849              -0.8074684
           207              -2.0230863               0.4112849               0.0000000
           208               0.0000000               1.2338548              -6.4597454
           209              -0.2528858               1.2338548              -5.6522770
           210              -0.5057716               1.2338548              -4.8448091
           211              -0.7586573               1.2338548              -4.0373411
           212              -1.0115432               1.2338548              -3.2298727
           213              -1.2644290               1.2338548              -2.4224043
           214              -1.5173147               1.2338548              -1.6149364
           215              -1.7702005               1.2338548              -0.8074684
           216              -2.0230863               1.2338548               0.0000000
           217               0.0000000               2.0564241              -6.4597454
           218              -0.2528858               2.0564241              -5.6522770
           219              -0.5057716               2.0564241              -4.8448091
           220              -0.7586573               2.0564241              -4.0373411
           221              -1.0115432               2.0564241              -3.2298727
           222              -1.2644290               2.0564241              -2.4224043
           223              -1.5173147               2.0564241              -1.6149364
           224              -1.7702005               2.0564241              -0.8074684
           225              -2.0230863               2.0564241               0.0000000
           226               0.0000000               2.8789935              -6.4597454
           227              -0.2528858               2.8789935              -5.6522770
           228              -0.5057716               2.8789935              -4.8448091
           229              -0.7586573               2.8789935              -4.0373411
           230              -1.0115432               2.8789935              -3.2298727
           231              -1.2644290               2.8789935              -2.4224043
           232              -1.5173147               2.8789935              -1.6149364
           233              -1.7702005               2.8789935              -0.8074684
           234              -2.0230863               2.8789935               0.0000000
           235               0.0000000               3.7015629              -6.4597454
           236              -0.2528858               3.7015629              -5.6522770
           237              -0.5057716               3.7015629              -4.8448091
           238              -0.7586573               3.7015629              -4.0373411
           239              -1.0115432               3.7015629              -3.2298727
           240              -1.2644290               3.7015629              -2.4224043
           241              -1.5173147               3.7015629              -1.6149364
           242              -1.7702005               3.7015629              -0.8074684
           243              -2.0230863               3.7015629               0.0000000
           244               0.0000000               4.5241327              -6.4597454
           245              -0.2528858               4.5241327              -5.6522770
           246              -0.5057716               4.5241327              -4.8448091
           247              -0.7586573               4.5241327              -4.0373411
           248              -1.0115432               4.5241327              -3.2298727
           249              -1.2644290               4.5241327              -2.4224043
           250              -1.5173147               4.5241327              -1.6149364
           251              -1.7702005               4.5241327              -0.8074684
           252              -2.0230863               4.5241327               0.0000000
             0          0.00          0.00          0.00
               1               2              11              10
               2               3              12              11
               3               4              13              12
               4               5              14              13
               5               6              15              14
               6               7              16              15
               7               8              17              16
               8               9              18              17
              19              20              29              28
              20              21              30              29
              21              22              31              30
              22              23              32              31
              23              24              33              32
              24              25              34              33
              25              26              35              34
              26              27              36              35
              28              29              38              37
              29              30              39              38
              30              31              40              39
              31              32              41              40
              32              33              42              41
              33              34              43              42
              34              35              44              43
              35              36              45              44
              37              38              47              46
              38              39              48              47
              39              40              49              48
              40              41              50              49
              41              42              51              50
              42              43              52              51
              43              44              53              52
              44              45              54              53
              46              47              56              55
              47              48              57              56
              48              49              58              57
              49              50              59              58
              50              51              60              59
              51              52              61              60
              52              53              62              61
              53              54              63              62
              55              56              65              64
              56              57              66              65
              57              58              67              66
              58              59              68              67
              59              60              69              68
              60              61              70              69
              61              62              71              70
              62              63              72              71
              64              65              74              73
              65              66              75              74
              66              67              76              75
              67              68              77              76
              68              69              78              77
              69              70              79              78
              70              71              80              79
              71              72              81              80
              73              74              83              82
              74              75              84              83
              75              76              85              84
              76              77              86              85
              77              78              87              86
              78              79              88              87
              79              80              89              88
              80              81              90              89
              82              83              92              91
              83              84              93              92
              84              85              94              93
              85              86              95              94
              86              87              96              95
              87              88              97              96
              88              89              98              97
              89              90              99              98
              91              92             101             100
              92              93             102             101
              93              94             103             102
              94              95             104             103
              95              96             105             104
              96              97             106             105
              97              98             107             106
              98              99             108             107
             100             101             110             109
             101             102             111             110
             102             103             112             111
             103             104             113             112
             104             105             114             113
             105             106             115             114
             106             107             116             115
             107             108             117             116
             109             110             119             118
             110             111             120             119
             111             112             121             120
             112             113             122             121
             113             114             123             122
             114             115             124             123
             115             116             125             124
             116             117             126             125
             127             128             137             136
             128             129             138             137
             129             130             139             138
             130             131             140             139
             131             132             141             140
             132             133             142             141
             133             134             143             142
             134             135             144             143
             145             146             155             154
             146             147             156             155
             147             148             157             156
             148             149             158             157
             149             150             159             158
             150             151             160             159
             151             152             161             160
             152             153             162             161
             154             155             164             163
             155             156             165             164
             156             157             166             165
             157             158             167             166
             158             159             168             167
             159             160             169             168
             160             161             170             169
             161             162             171             170
             163             164             173             172
             164             165             174             173
             165             166             175             174
             166             167             176             175
             167             168             177             176
             168             169             178             177
             169             170             179             178
             170             171             180             179
             172             173             182             181
             173             174             183             182
             174             175             184             183
             175             176             185             184
             176             177             186             185
             177             178             187             186
             178             179             188             187
             179             180             189             188
             181             182             191             190
             182             183             192             191
             183             184             193             192
             184             185             194             193
             185             186             195             194
             186             187             196             195
             187             188             197             196
             188             189             198             197
             190             191             200             199
             191             192             201             200
             192             193             202             201
             193             194             203             202
             194             195             204             203
             195             196             205             204
             196             197             206             205
             197             198             207             206
             199             200             209             208
             200             201             210             209
             201             202             211             210
             202             203             212             211
             203             204             213             212
             204             205             214             213
             205             206             215             214
             206             207             216             215
             208             209             218             217
             209             210             219             218
             210             211             220             219
             211             212             221             220
             212             213             222             221
             213             214             223             222
             214             215             224             223
             215             216             225             224
             217             218             227             226
             218             219             228             227
             219             220             229             228
             220             221             230             229
             221             222             231             230
             222             223             232             231
             223             224             233             232
             224             225             234             233
             226             227             236             235
             227             228             237             236
             228             229             238             237
             229             230             239             238
             230             231             240             239
             231             232             241             240
             232             233             242             241
             233             234             243             242
             235             236             245             244
             236             237             246             245
             237             238             247             246
             238             239             248             247
             239             240             249             248
             240             241             250             249
             241             242             251             250
             242             243             252             251
          0          0          0          0
