                    2          0
             1               0.0000000               1.6572150              -4.3148422
             2              -0.4108936               1.6572150              -3.9552720
             3              -0.8217871               1.6572150              -3.5957019
             4              -1.2326807               1.6572150              -3.2361317
             5              -1.6435742               1.6572150              -2.8765616
             6              -2.0544679               1.6572150              -2.5169911
             7              -2.4653614               1.6572150              -2.1574211
             8              -2.8762550               1.6572150              -1.7978508
             9              -3.2871485               1.6572150              -1.4382808
            10              -3.6980419               1.6572150              -1.0787106
            11              -4.1089358               1.6572150              -0.7191403
            12              -4.5198293               1.6572150              -0.3595703
            13              -4.9307227               1.6572150               0.0000000
            14               0.0000000               1.6572150              -4.3148422
            15               0.4108936               1.6572150              -3.9552720
            16               0.8217871               1.6572150              -3.5957019
            17               1.2326807               1.6572150              -3.2361317
            18               1.6435742               1.6572150              -2.8765616
            19               2.0544679               1.6572150              -2.5169911
            20               2.4653614               1.6572150              -2.1574211
            21               2.8762550               1.6572150              -1.7978508
            22               3.2871485               1.6572150              -1.4382808
            23               3.6980419               1.6572150              -1.0787106
            24               4.1089358               1.6572150              -0.7191403
            25               4.5198293               1.6572150              -0.3595703
            26               4.9307227               1.6572150               0.0000000
            27               0.0000000               1.6572150              -4.3148422
            28               0.4108936               1.6572150              -3.9552720
            29               0.8217871               1.6572150              -3.5957019
            30               1.2326807               1.6572150              -3.2361317
            31               1.6435742               1.6572150              -2.8765616
            32               2.0544679               1.6572150              -2.5169911
            33               2.4653614               1.6572150              -2.1574211
            34               2.8762550               1.6572150              -1.7978508
            35               3.2871485               1.6572150              -1.4382808
            36               3.6980419               1.6572150              -1.0787106
            37               4.1089358               1.6572150              -0.7191403
            38               4.5198293               1.6572150              -0.3595703
            39               4.9307227               1.6572150               0.0000000
            40               0.0000000               1.1837250              -4.3148422
            41               0.4108936               1.1837250              -3.9552720
            42               0.8217871               1.1837250              -3.5957019
            43               1.2326807               1.1837250              -3.2361317
            44               1.6435742               1.1837250              -2.8765616
            45               2.0544679               1.1837250              -2.5169911
            46               2.4653614               1.1837250              -2.1574211
            47               2.8762550               1.1837250              -1.7978508
            48               3.2871485               1.1837250              -1.4382808
            49               3.6980419               1.1837250              -1.0787106
            50               4.1089358               1.1837250              -0.7191403
            51               4.5198293               1.1837250              -0.3595703
            52               4.9307227               1.1837250               0.0000000
            53               0.0000000               0.7102350              -4.3148422
            54               0.4108936               0.7102350              -3.9552720
            55               0.8217871               0.7102350              -3.5957019
            56               1.2326807               0.7102350              -3.2361317
            57               1.6435742               0.7102350              -2.8765616
            58               2.0544679               0.7102350              -2.5169911
            59               2.4653614               0.7102350              -2.1574211
            60               2.8762550               0.7102350              -1.7978508
            61               3.2871485               0.7102350              -1.4382808
            62               3.6980419               0.7102350              -1.0787106
            63               4.1089358               0.7102350              -0.7191403
            64               4.5198293               0.7102350              -0.3595703
            65               4.9307227               0.7102350               0.0000000
            66               0.0000000               0.2367450              -4.3148422
            67               0.4108936               0.2367450              -3.9552720
            68               0.8217871               0.2367450              -3.5957019
            69               1.2326807               0.2367450              -3.2361317
            70               1.6435742               0.2367450              -2.8765616
            71               2.0544679               0.2367450              -2.5169911
            72               2.4653614               0.2367450              -2.1574211
            73               2.8762550               0.2367450              -1.7978508
            74               3.2871485               0.2367450              -1.4382808
            75               3.6980419               0.2367450              -1.0787106
            76               4.1089358               0.2367450              -0.7191403
            77               4.5198293               0.2367450              -0.3595703
            78               4.9307227               0.2367450               0.0000000
            79               0.0000000              -0.2367450              -4.3148422
            80               0.4108936              -0.2367450              -3.9552720
            81               0.8217871              -0.2367450              -3.5957019
            82               1.2326807              -0.2367450              -3.2361317
            83               1.6435742              -0.2367450              -2.8765616
            84               2.0544679              -0.2367450              -2.5169911
            85               2.4653614              -0.2367450              -2.1574211
            86               2.8762550              -0.2367450              -1.7978508
            87               3.2871485              -0.2367450              -1.4382808
            88               3.6980419              -0.2367450              -1.0787106
            89               4.1089358              -0.2367450              -0.7191403
            90               4.5198293              -0.2367450              -0.3595703
            91               4.9307227              -0.2367450               0.0000000
            92               0.0000000              -0.7102350              -4.3148422
            93               0.4108936              -0.7102350              -3.9552720
            94               0.8217871              -0.7102350              -3.5957019
            95               1.2326807              -0.7102350              -3.2361317
            96               1.6435742              -0.7102350              -2.8765616
            97               2.0544679              -0.7102350              -2.5169911
            98               2.4653614              -0.7102350              -2.1574211
            99               2.8762550              -0.7102350              -1.7978508
           100               3.2871485              -0.7102350              -1.4382808
           101               3.6980419              -0.7102350              -1.0787106
           102               4.1089358              -0.7102350              -0.7191403
           103               4.5198293              -0.7102350              -0.3595703
           104               4.9307227              -0.7102350               0.0000000
           105               0.0000000              -1.1837250              -4.3148422
           106               0.4108936              -1.1837250              -3.9552720
           107               0.8217871              -1.1837250              -3.5957019
           108               1.2326807              -1.1837250              -3.2361317
           109               1.6435742              -1.1837250              -2.8765616
           110               2.0544679              -1.1837250              -2.5169911
           111               2.4653614              -1.1837250              -2.1574211
           112               2.8762550              -1.1837250              -1.7978508
           113               3.2871485              -1.1837250              -1.4382808
           114               3.6980419              -1.1837250              -1.0787106
           115               4.1089358              -1.1837250              -0.7191403
           116               4.5198293              -1.1837250              -0.3595703
           117               4.9307227              -1.1837250               0.0000000
           118               0.0000000              -1.6572150              -4.3148422
           119               0.4108936              -1.6572150              -3.9552720
           120               0.8217871              -1.6572150              -3.5957019
           121               1.2326807              -1.6572150              -3.2361317
           122               1.6435742              -1.6572150              -2.8765616
           123               2.0544679              -1.6572150              -2.5169911
           124               2.4653614              -1.6572150              -2.1574211
           125               2.8762550              -1.6572150              -1.7978508
           126               3.2871485              -1.6572150              -1.4382808
           127               3.6980419              -1.6572150              -1.0787106
           128               4.1089358              -1.6572150              -0.7191403
           129               4.5198293              -1.6572150              -0.3595703
           130               4.9307227              -1.6572150               0.0000000
           131               0.0000000              -1.6572150              -4.3148422
           132               0.4108936              -1.6572150              -3.9552720
           133               0.8217871              -1.6572150              -3.5957019
           134               1.2326807              -1.6572150              -3.2361317
           135               1.6435742              -1.6572150              -2.8765616
           136               2.0544679              -1.6572150              -2.5169911
           137               2.4653614              -1.6572150              -2.1574211
           138               2.8762550              -1.6572150              -1.7978508
           139               3.2871485              -1.6572150              -1.4382808
           140               3.6980419              -1.6572150              -1.0787106
           141               4.1089358              -1.6572150              -0.7191403
           142               4.5198293              -1.6572150              -0.3595703
           143               4.9307227              -1.6572150               0.0000000
           144               0.0000000              -1.6572150              -4.3148422
           145              -0.4108936              -1.6572150              -3.9552720
           146              -0.8217871              -1.6572150              -3.5957019
           147              -1.2326807              -1.6572150              -3.2361317
           148              -1.6435742              -1.6572150              -2.8765616
           149              -2.0544679              -1.6572150              -2.5169911
           150              -2.4653614              -1.6572150              -2.1574211
           151              -2.8762550              -1.6572150              -1.7978508
           152              -3.2871485              -1.6572150              -1.4382808
           153              -3.6980419              -1.6572150              -1.0787106
           154              -4.1089358              -1.6572150              -0.7191403
           155              -4.5198293              -1.6572150              -0.3595703
           156              -4.9307227              -1.6572150               0.0000000
           157               0.0000000              -1.6572150              -4.3148422
           158              -0.4108936              -1.6572150              -3.9552720
           159              -0.8217871              -1.6572150              -3.5957019
           160              -1.2326807              -1.6572150              -3.2361317
           161              -1.6435742              -1.6572150              -2.8765616
           162              -2.0544679              -1.6572150              -2.5169911
           163              -2.4653614              -1.6572150              -2.1574211
           164              -2.8762550              -1.6572150              -1.7978508
           165              -3.2871485              -1.6572150              -1.4382808
           166              -3.6980419              -1.6572150              -1.0787106
           167              -4.1089358              -1.6572150              -0.7191403
           168              -4.5198293              -1.6572150              -0.3595703
           169              -4.9307227              -1.6572150               0.0000000
           170               0.0000000              -1.1837250              -4.3148422
           171              -0.4108936              -1.1837250              -3.9552720
           172              -0.8217871              -1.1837250              -3.5957019
           173              -1.2326807              -1.1837250              -3.2361317
           174              -1.6435742              -1.1837250              -2.8765616
           175              -2.0544679              -1.1837250              -2.5169911
           176              -2.4653614              -1.1837250              -2.1574211
           177              -2.8762550              -1.1837250              -1.7978508
           178              -3.2871485              -1.1837250              -1.4382808
           179              -3.6980419              -1.1837250              -1.0787106
           180              -4.1089358              -1.1837250              -0.7191403
           181              -4.5198293              -1.1837250              -0.3595703
           182              -4.9307227              -1.1837250               0.0000000
           183               0.0000000              -0.7102350              -4.3148422
           184              -0.4108936              -0.7102350              -3.9552720
           185              -0.8217871              -0.7102350              -3.5957019
           186              -1.2326807              -0.7102350              -3.2361317
           187              -1.6435742              -0.7102350              -2.8765616
           188              -2.0544679              -0.7102350              -2.5169911
           189              -2.4653614              -0.7102350              -2.1574211
           190              -2.8762550              -0.7102350              -1.7978508
           191              -3.2871485              -0.7102350              -1.4382808
           192              -3.6980419              -0.7102350              -1.0787106
           193              -4.1089358              -0.7102350              -0.7191403
           194              -4.5198293              -0.7102350              -0.3595703
           195              -4.9307227              -0.7102350               0.0000000
           196               0.0000000              -0.2367450              -4.3148422
           197              -0.4108936              -0.2367450              -3.9552720
           198              -0.8217871              -0.2367450              -3.5957019
           199              -1.2326807              -0.2367450              -3.2361317
           200              -1.6435742              -0.2367450              -2.8765616
           201              -2.0544679              -0.2367450              -2.5169911
           202              -2.4653614              -0.2367450              -2.1574211
           203              -2.8762550              -0.2367450              -1.7978508
           204              -3.2871485              -0.2367450              -1.4382808
           205              -3.6980419              -0.2367450              -1.0787106
           206              -4.1089358              -0.2367450              -0.7191403
           207              -4.5198293              -0.2367450              -0.3595703
           208              -4.9307227              -0.2367450               0.0000000
           209               0.0000000               0.2367450              -4.3148422
           210              -0.4108936               0.2367450              -3.9552720
           211              -0.8217871               0.2367450              -3.5957019
           212              -1.2326807               0.2367450              -3.2361317
           213              -1.6435742               0.2367450              -2.8765616
           214              -2.0544679               0.2367450              -2.5169911
           215              -2.4653614               0.2367450              -2.1574211
           216              -2.8762550               0.2367450              -1.7978508
           217              -3.2871485               0.2367450              -1.4382808
           218              -3.6980419               0.2367450              -1.0787106
           219              -4.1089358               0.2367450              -0.7191403
           220              -4.5198293               0.2367450              -0.3595703
           221              -4.9307227               0.2367450               0.0000000
           222               0.0000000               0.7102350              -4.3148422
           223              -0.4108936               0.7102350              -3.9552720
           224              -0.8217871               0.7102350              -3.5957019
           225              -1.2326807               0.7102350              -3.2361317
           226              -1.6435742               0.7102350              -2.8765616
           227              -2.0544679               0.7102350              -2.5169911
           228              -2.4653614               0.7102350              -2.1574211
           229              -2.8762550               0.7102350              -1.7978508
           230              -3.2871485               0.7102350              -1.4382808
           231              -3.6980419               0.7102350              -1.0787106
           232              -4.1089358               0.7102350              -0.7191403
           233              -4.5198293               0.7102350              -0.3595703
           234              -4.9307227               0.7102350               0.0000000
           235               0.0000000               1.1837250              -4.3148422
           236              -0.4108936               1.1837250              -3.9552720
           237              -0.8217871               1.1837250              -3.5957019
           238              -1.2326807               1.1837250              -3.2361317
           239              -1.6435742               1.1837250              -2.8765616
           240              -2.0544679               1.1837250              -2.5169911
           241              -2.4653614               1.1837250              -2.1574211
           242              -2.8762550               1.1837250              -1.7978508
           243              -3.2871485               1.1837250              -1.4382808
           244              -3.6980419               1.1837250              -1.0787106
           245              -4.1089358               1.1837250              -0.7191403
           246              -4.5198293               1.1837250              -0.3595703
           247              -4.9307227               1.1837250               0.0000000
           248               0.0000000               1.6572150              -4.3148422
           249              -0.4108936               1.6572150              -3.9552720
           250              -0.8217871               1.6572150              -3.5957019
           251              -1.2326807               1.6572150              -3.2361317
           252              -1.6435742               1.6572150              -2.8765616
           253              -2.0544679               1.6572150              -2.5169911
           254              -2.4653614               1.6572150              -2.1574211
           255              -2.8762550               1.6572150              -1.7978508
           256              -3.2871485               1.6572150              -1.4382808
           257              -3.6980419               1.6572150              -1.0787106
           258              -4.1089358               1.6572150              -0.7191403
           259              -4.5198293               1.6572150              -0.3595703
           260              -4.9307227               1.6572150               0.0000000
             0          0.00          0.00          0.00
               1               2              15              14
               2               3              16              15
               3               4              17              16
               4               5              18              17
               5               6              19              18
               6               7              20              19
               7               8              21              20
               8               9              22              21
               9              10              23              22
              10              11              24              23
              11              12              25              24
              12              13              26              25
              27              28              41              40
              28              29              42              41
              29              30              43              42
              30              31              44              43
              31              32              45              44
              32              33              46              45
              33              34              47              46
              34              35              48              47
              35              36              49              48
              36              37              50              49
              37              38              51              50
              38              39              52              51
              40              41              54              53
              41              42              55              54
              42              43              56              55
              43              44              57              56
              44              45              58              57
              45              46              59              58
              46              47              60              59
              47              48              61              60
              48              49              62              61
              49              50              63              62
              50              51              64              63
              51              52              65              64
              53              54              67              66
              54              55              68              67
              55              56              69              68
              56              57              70              69
              57              58              71              70
              58              59              72              71
              59              60              73              72
              60              61              74              73
              61              62              75              74
              62              63              76              75
              63              64              77              76
              64              65              78              77
              66              67              80              79
              67              68              81              80
              68              69              82              81
              69              70              83              82
              70              71              84              83
              71              72              85              84
              72              73              86              85
              73              74              87              86
              74              75              88              87
              75              76              89              88
              76              77              90              89
              77              78              91              90
              79              80              93              92
              80              81              94              93
              81              82              95              94
              82              83              96              95
              83              84              97              96
              84              85              98              97
              85              86              99              98
              86              87             100              99
              87              88             101             100
              88              89             102             101
              89              90             103             102
              90              91             104             103
              92              93             106             105
              93              94             107             106
              94              95             108             107
              95              96             109             108
              96              97             110             109
              97              98             111             110
              98              99             112             111
              99             100             113             112
             100             101             114             113
             101             102             115             114
             102             103             116             115
             103             104             117             116
             105             106             119             118
             106             107             120             119
             107             108             121             120
             108             109             122             121
             109             110             123             122
             110             111             124             123
             111             112             125             124
             112             113             126             125
             113             114             127             126
             114             115             128             127
             115             116             129             128
             116             117             130             129
             131             132             145             144
             132             133             146             145
             133             134             147             146
             134             135             148             147
             135             136             149             148
             136             137             150             149
             137             138             151             150
             138             139             152             151
             139             140             153             152
             140             141             154             153
             141             142             155             154
             142             143             156             155
             157             158             171             170
             158             159             172             171
             159             160             173             172
             160             161             174             173
             161             162             175             174
             162             163             176             175
             163             164             177             176
             164             165             178             177
             165             166             179             178
             166             167             180             179
             167             168             181             180
             168             169             182             181
             170             171             184             183
             171             172             185             184
             172             173             186             185
             173             174             187             186
             174             175             188             187
             175             176             189             188
             176             177             190             189
             177             178             191             190
             178             179             192             191
             179             180             193             192
             180             181             194             193
             181             182             195             194
             183             184             197             196
             184             185             198             197
             185             186             199             198
             186             187             200             199
             187             188             201             200
             188             189             202             201
             189             190             203             202
             190             191             204             203
             191             192             205             204
             192             193             206             205
             193             194             207             206
             194             195             208             207
             196             197             210             209
             197             198             211             210
             198             199             212             211
             199             200             213             212
             200             201             214             213
             201             202             215             214
             202             203             216             215
             203             204             217             216
             204             205             218             217
             205             206             219             218
             206             207             220             219
             207             208             221             220
             209             210             223             222
             210             211             224             223
             211             212             225             224
             212             213             226             225
             213             214             227             226
             214             215             228             227
             215             216             229             228
             216             217             230             229
             217             218             231             230
             218             219             232             231
             219             220             233             232
             220             221             234             233
             222             223             236             235
             223             224             237             236
             224             225             238             237
             225             226             239             238
             226             227             240             239
             227             228             241             240
             228             229             242             241
             229             230             243             242
             230             231             244             243
             231             232             245             244
             232             233             246             245
             233             234             247             246
             235             236             249             248
             236             237             250             249
             237             238             251             250
             238             239             252             251
             239             240             253             252
             240             241             254             253
             241             242             255             254
             242             243             256             255
             243             244             257             256
             244             245             258             257
             245             246             259             258
             246             247             260             259
          0          0          0          0
