                    2          0
             1               0.0000000               2.2990136              -3.5725870
             2              -0.4570704               2.2990136              -3.2153282
             3              -0.9141407               2.2990136              -2.8580697
             4              -1.3712111               2.2990136              -2.5008109
             5              -1.8282814               2.2990136              -2.1435523
             6              -2.2853518               2.2990136              -1.7862936
             7              -2.7424221               2.2990136              -1.4290347
             8              -3.1994925               2.2990136              -1.0717759
             9              -3.6565628               2.2990136              -0.7145174
            10              -4.1136332               2.2990136              -0.3572588
            11              -4.5707035               2.2990136              -0.0000002
            12               0.0000000               2.2990136              -3.5725870
            13               0.4570704               2.2990136              -3.2153282
            14               0.9141407               2.2990136              -2.8580697
            15               1.3712111               2.2990136              -2.5008109
            16               1.8282814               2.2990136              -2.1435523
            17               2.2853518               2.2990136              -1.7862936
            18               2.7424221               2.2990136              -1.4290347
            19               3.1994925               2.2990136              -1.0717759
            20               3.6565628               2.2990136              -0.7145174
            21               4.1136332               2.2990136              -0.3572588
            22               4.5707035               2.2990136              -0.0000002
            23               0.0000000               2.2990136              -3.5725870
            24               0.4570704               2.2990136              -3.2153282
            25               0.9141407               2.2990136              -2.8580697
            26               1.3712111               2.2990136              -2.5008109
            27               1.8282814               2.2990136              -2.1435523
            28               2.2853518               2.2990136              -1.7862936
            29               2.7424221               2.2990136              -1.4290347
            30               3.1994925               2.2990136              -1.0717759
            31               3.6565628               2.2990136              -0.7145174
            32               4.1136332               2.2990136              -0.3572588
            33               4.5707035               2.2990136              -0.0000002
            34               0.0000000               1.7242602              -3.5725870
            35               0.4570704               1.7242602              -3.2153282
            36               0.9141407               1.7242602              -2.8580697
            37               1.3712111               1.7242602              -2.5008109
            38               1.8282814               1.7242602              -2.1435523
            39               2.2853518               1.7242602              -1.7862936
            40               2.7424221               1.7242602              -1.4290347
            41               3.1994925               1.7242602              -1.0717759
            42               3.6565628               1.7242602              -0.7145174
            43               4.1136332               1.7242602              -0.3572588
            44               4.5707035               1.7242602              -0.0000002
            45               0.0000000               1.1495068              -3.5725870
            46               0.4570704               1.1495068              -3.2153282
            47               0.9141407               1.1495068              -2.8580697
            48               1.3712111               1.1495068              -2.5008109
            49               1.8282814               1.1495068              -2.1435523
            50               2.2853518               1.1495068              -1.7862936
            51               2.7424221               1.1495068              -1.4290347
            52               3.1994925               1.1495068              -1.0717759
            53               3.6565628               1.1495068              -0.7145174
            54               4.1136332               1.1495068              -0.3572588
            55               4.5707035               1.1495068              -0.0000002
            56               0.0000000               0.5747534              -3.5725870
            57               0.4570704               0.5747534              -3.2153282
            58               0.9141407               0.5747534              -2.8580697
            59               1.3712111               0.5747534              -2.5008109
            60               1.8282814               0.5747534              -2.1435523
            61               2.2853518               0.5747534              -1.7862936
            62               2.7424221               0.5747534              -1.4290347
            63               3.1994925               0.5747534              -1.0717759
            64               3.6565628               0.5747534              -0.7145174
            65               4.1136332               0.5747534              -0.3572588
            66               4.5707035               0.5747534              -0.0000002
            67               0.0000000               0.0000000              -3.5725870
            68               0.4570704               0.0000000              -3.2153282
            69               0.9141407               0.0000000              -2.8580697
            70               1.3712111               0.0000000              -2.5008109
            71               1.8282814               0.0000000              -2.1435523
            72               2.2853518               0.0000000              -1.7862936
            73               2.7424221               0.0000000              -1.4290347
            74               3.1994925               0.0000000              -1.0717759
            75               3.6565628               0.0000000              -0.7145174
            76               4.1136332               0.0000000              -0.3572588
            77               4.5707035               0.0000000              -0.0000002
            78               0.0000000              -0.5747533              -3.5725870
            79               0.4570704              -0.5747533              -3.2153282
            80               0.9141407              -0.5747533              -2.8580697
            81               1.3712111              -0.5747533              -2.5008109
            82               1.8282814              -0.5747533              -2.1435523
            83               2.2853518              -0.5747533              -1.7862936
            84               2.7424221              -0.5747533              -1.4290347
            85               3.1994925              -0.5747533              -1.0717759
            86               3.6565628              -0.5747533              -0.7145174
            87               4.1136332              -0.5747533              -0.3572588
            88               4.5707035              -0.5747533              -0.0000002
            89               0.0000000              -1.1495068              -3.5725870
            90               0.4570704              -1.1495068              -3.2153282
            91               0.9141407              -1.1495068              -2.8580697
            92               1.3712111              -1.1495068              -2.5008109
            93               1.8282814              -1.1495068              -2.1435523
            94               2.2853518              -1.1495068              -1.7862936
            95               2.7424221              -1.1495068              -1.4290347
            96               3.1994925              -1.1495068              -1.0717759
            97               3.6565628              -1.1495068              -0.7145174
            98               4.1136332              -1.1495068              -0.3572588
            99               4.5707035              -1.1495068              -0.0000002
           100               0.0000000              -1.7242603              -3.5725870
           101               0.4570704              -1.7242603              -3.2153282
           102               0.9141407              -1.7242603              -2.8580697
           103               1.3712111              -1.7242603              -2.5008109
           104               1.8282814              -1.7242603              -2.1435523
           105               2.2853518              -1.7242603              -1.7862936
           106               2.7424221              -1.7242603              -1.4290347
           107               3.1994925              -1.7242603              -1.0717759
           108               3.6565628              -1.7242603              -0.7145174
           109               4.1136332              -1.7242603              -0.3572588
           110               4.5707035              -1.7242603              -0.0000002
           111               0.0000000              -2.2990136              -3.5725870
           112               0.4570704              -2.2990136              -3.2153282
           113               0.9141407              -2.2990136              -2.8580697
           114               1.3712111              -2.2990136              -2.5008109
           115               1.8282814              -2.2990136              -2.1435523
           116               2.2853518              -2.2990136              -1.7862936
           117               2.7424221              -2.2990136              -1.4290347
           118               3.1994925              -2.2990136              -1.0717759
           119               3.6565628              -2.2990136              -0.7145174
           120               4.1136332              -2.2990136              -0.3572588
           121               4.5707035              -2.2990136              -0.0000002
           122               0.0000000              -2.2990136              -3.5725870
           123               0.4570704              -2.2990136              -3.2153282
           124               0.9141407              -2.2990136              -2.8580697
           125               1.3712111              -2.2990136              -2.5008109
           126               1.8282814              -2.2990136              -2.1435523
           127               2.2853518              -2.2990136              -1.7862936
           128               2.7424221              -2.2990136              -1.4290347
           129               3.1994925              -2.2990136              -1.0717759
           130               3.6565628              -2.2990136              -0.7145174
           131               4.1136332              -2.2990136              -0.3572588
           132               4.5707035              -2.2990136              -0.0000002
           133               0.0000000              -2.2990136              -3.5725870
           134              -0.4570704              -2.2990136              -3.2153282
           135              -0.9141407              -2.2990136              -2.8580697
           136              -1.3712111              -2.2990136              -2.5008109
           137              -1.8282814              -2.2990136              -2.1435523
           138              -2.2853518              -2.2990136              -1.7862936
           139              -2.7424221              -2.2990136              -1.4290347
           140              -3.1994925              -2.2990136              -1.0717759
           141              -3.6565628              -2.2990136              -0.7145174
           142              -4.1136332              -2.2990136              -0.3572588
           143              -4.5707035              -2.2990136              -0.0000002
           144               0.0000000              -2.2990136              -3.5725870
           145              -0.4570704              -2.2990136              -3.2153282
           146              -0.9141407              -2.2990136              -2.8580697
           147              -1.3712111              -2.2990136              -2.5008109
           148              -1.8282814              -2.2990136              -2.1435523
           149              -2.2853518              -2.2990136              -1.7862936
           150              -2.7424221              -2.2990136              -1.4290347
           151              -3.1994925              -2.2990136              -1.0717759
           152              -3.6565628              -2.2990136              -0.7145174
           153              -4.1136332              -2.2990136              -0.3572588
           154              -4.5707035              -2.2990136              -0.0000002
           155               0.0000000              -1.7242602              -3.5725870
           156              -0.4570704              -1.7242602              -3.2153282
           157              -0.9141407              -1.7242602              -2.8580697
           158              -1.3712111              -1.7242602              -2.5008109
           159              -1.8282814              -1.7242602              -2.1435523
           160              -2.2853518              -1.7242602              -1.7862936
           161              -2.7424221              -1.7242602              -1.4290347
           162              -3.1994925              -1.7242602              -1.0717759
           163              -3.6565628              -1.7242602              -0.7145174
           164              -4.1136332              -1.7242602              -0.3572588
           165              -4.5707035              -1.7242602              -0.0000002
           166               0.0000000              -1.1495068              -3.5725870
           167              -0.4570704              -1.1495068              -3.2153282
           168              -0.9141407              -1.1495068              -2.8580697
           169              -1.3712111              -1.1495068              -2.5008109
           170              -1.8282814              -1.1495068              -2.1435523
           171              -2.2853518              -1.1495068              -1.7862936
           172              -2.7424221              -1.1495068              -1.4290347
           173              -3.1994925              -1.1495068              -1.0717759
           174              -3.6565628              -1.1495068              -0.7145174
           175              -4.1136332              -1.1495068              -0.3572588
           176              -4.5707035              -1.1495068              -0.0000002
           177               0.0000000              -0.5747534              -3.5725870
           178              -0.4570704              -0.5747534              -3.2153282
           179              -0.9141407              -0.5747534              -2.8580697
           180              -1.3712111              -0.5747534              -2.5008109
           181              -1.8282814              -0.5747534              -2.1435523
           182              -2.2853518              -0.5747534              -1.7862936
           183              -2.7424221              -0.5747534              -1.4290347
           184              -3.1994925              -0.5747534              -1.0717759
           185              -3.6565628              -0.5747534              -0.7145174
           186              -4.1136332              -0.5747534              -0.3572588
           187              -4.5707035              -0.5747534              -0.0000002
           188               0.0000000               0.0000000              -3.5725870
           189              -0.4570704               0.0000000              -3.2153282
           190              -0.9141407               0.0000000              -2.8580697
           191              -1.3712111               0.0000000              -2.5008109
           192              -1.8282814               0.0000000              -2.1435523
           193              -2.2853518               0.0000000              -1.7862936
           194              -2.7424221               0.0000000              -1.4290347
           195              -3.1994925               0.0000000              -1.0717759
           196              -3.6565628               0.0000000              -0.7145174
           197              -4.1136332               0.0000000              -0.3572588
           198              -4.5707035               0.0000000              -0.0000002
           199               0.0000000               0.5747533              -3.5725870
           200              -0.4570704               0.5747533              -3.2153282
           201              -0.9141407               0.5747533              -2.8580697
           202              -1.3712111               0.5747533              -2.5008109
           203              -1.8282814               0.5747533              -2.1435523
           204              -2.2853518               0.5747533              -1.7862936
           205              -2.7424221               0.5747533              -1.4290347
           206              -3.1994925               0.5747533              -1.0717759
           207              -3.6565628               0.5747533              -0.7145174
           208              -4.1136332               0.5747533              -0.3572588
           209              -4.5707035               0.5747533              -0.0000002
           210               0.0000000               1.1495068              -3.5725870
           211              -0.4570704               1.1495068              -3.2153282
           212              -0.9141407               1.1495068              -2.8580697
           213              -1.3712111               1.1495068              -2.5008109
           214              -1.8282814               1.1495068              -2.1435523
           215              -2.2853518               1.1495068              -1.7862936
           216              -2.7424221               1.1495068              -1.4290347
           217              -3.1994925               1.1495068              -1.0717759
           218              -3.6565628               1.1495068              -0.7145174
           219              -4.1136332               1.1495068              -0.3572588
           220              -4.5707035               1.1495068              -0.0000002
           221               0.0000000               1.7242603              -3.5725870
           222              -0.4570704               1.7242603              -3.2153282
           223              -0.9141407               1.7242603              -2.8580697
           224              -1.3712111               1.7242603              -2.5008109
           225              -1.8282814               1.7242603              -2.1435523
           226              -2.2853518               1.7242603              -1.7862936
           227              -2.7424221               1.7242603              -1.4290347
           228              -3.1994925               1.7242603              -1.0717759
           229              -3.6565628               1.7242603              -0.7145174
           230              -4.1136332               1.7242603              -0.3572588
           231              -4.5707035               1.7242603              -0.0000002
           232               0.0000000               2.2990136              -3.5725870
           233              -0.4570704               2.2990136              -3.2153282
           234              -0.9141407               2.2990136              -2.8580697
           235              -1.3712111               2.2990136              -2.5008109
           236              -1.8282814               2.2990136              -2.1435523
           237              -2.2853518               2.2990136              -1.7862936
           238              -2.7424221               2.2990136              -1.4290347
           239              -3.1994925               2.2990136              -1.0717759
           240              -3.6565628               2.2990136              -0.7145174
           241              -4.1136332               2.2990136              -0.3572588
           242              -4.5707035               2.2990136              -0.0000002
             0          0.00          0.00          0.00
               1               2              13              12
               2               3              14              13
               3               4              15              14
               4               5              16              15
               5               6              17              16
               6               7              18              17
               7               8              19              18
               8               9              20              19
               9              10              21              20
              10              11              22              21
              23              24              35              34
              24              25              36              35
              25              26              37              36
              26              27              38              37
              27              28              39              38
              28              29              40              39
              29              30              41              40
              30              31              42              41
              31              32              43              42
              32              33              44              43
              34              35              46              45
              35              36              47              46
              36              37              48              47
              37              38              49              48
              38              39              50              49
              39              40              51              50
              40              41              52              51
              41              42              53              52
              42              43              54              53
              43              44              55              54
              45              46              57              56
              46              47              58              57
              47              48              59              58
              48              49              60              59
              49              50              61              60
              50              51              62              61
              51              52              63              62
              52              53              64              63
              53              54              65              64
              54              55              66              65
              56              57              68              67
              57              58              69              68
              58              59              70              69
              59              60              71              70
              60              61              72              71
              61              62              73              72
              62              63              74              73
              63              64              75              74
              64              65              76              75
              65              66              77              76
              67              68              79              78
              68              69              80              79
              69              70              81              80
              70              71              82              81
              71              72              83              82
              72              73              84              83
              73              74              85              84
              74              75              86              85
              75              76              87              86
              76              77              88              87
              78              79              90              89
              79              80              91              90
              80              81              92              91
              81              82              93              92
              82              83              94              93
              83              84              95              94
              84              85              96              95
              85              86              97              96
              86              87              98              97
              87              88              99              98
              89              90             101             100
              90              91             102             101
              91              92             103             102
              92              93             104             103
              93              94             105             104
              94              95             106             105
              95              96             107             106
              96              97             108             107
              97              98             109             108
              98              99             110             109
             100             101             112             111
             101             102             113             112
             102             103             114             113
             103             104             115             114
             104             105             116             115
             105             106             117             116
             106             107             118             117
             107             108             119             118
             108             109             120             119
             109             110             121             120
             122             123             134             133
             123             124             135             134
             124             125             136             135
             125             126             137             136
             126             127             138             137
             127             128             139             138
             128             129             140             139
             129             130             141             140
             130             131             142             141
             131             132             143             142
             144             145             156             155
             145             146             157             156
             146             147             158             157
             147             148             159             158
             148             149             160             159
             149             150             161             160
             150             151             162             161
             151             152             163             162
             152             153             164             163
             153             154             165             164
             155             156             167             166
             156             157             168             167
             157             158             169             168
             158             159             170             169
             159             160             171             170
             160             161             172             171
             161             162             173             172
             162             163             174             173
             163             164             175             174
             164             165             176             175
             166             167             178             177
             167             168             179             178
             168             169             180             179
             169             170             181             180
             170             171             182             181
             171             172             183             182
             172             173             184             183
             173             174             185             184
             174             175             186             185
             175             176             187             186
             177             178             189             188
             178             179             190             189
             179             180             191             190
             180             181             192             191
             181             182             193             192
             182             183             194             193
             183             184             195             194
             184             185             196             195
             185             186             197             196
             186             187             198             197
             188             189             200             199
             189             190             201             200
             190             191             202             201
             191             192             203             202
             192             193             204             203
             193             194             205             204
             194             195             206             205
             195             196             207             206
             196             197             208             207
             197             198             209             208
             199             200             211             210
             200             201             212             211
             201             202             213             212
             202             203             214             213
             203             204             215             214
             204             205             216             215
             205             206             217             216
             206             207             218             217
             207             208             219             218
             208             209             220             219
             210             211             222             221
             211             212             223             222
             212             213             224             223
             213             214             225             224
             214             215             226             225
             215             216             227             226
             216             217             228             227
             217             218             229             228
             218             219             230             229
             219             220             231             230
             221             222             233             232
             222             223             234             233
             223             224             235             234
             224             225             236             235
             225             226             237             236
             226             227             238             237
             227             228             239             238
             228             229             240             239
             229             230             241             240
             230             231             242             241
          0          0          0          0
