                    2          0
             1               3.6958079               1.4317636              -6.3158588
             2               3.6958079               1.4317636              -5.0526872
             3               3.6958079               1.4317636              -3.7895153
             4               3.6958079               1.4317636              -2.5263436
             5               3.6958079               1.4317636              -1.2631717
             6               3.6958079               1.4317636               0.0000000
             7               3.9634509               0.0000000              -6.3158588
             8               3.9634509               0.0000000              -5.0526872
             9               3.9634509               0.0000000              -3.7895153
            10               3.9634509               0.0000000              -2.5263436
            11               3.9634509               0.0000000              -1.2631717
            12               3.9634509               0.0000000               0.0000000
            13               2.9290257               2.6701598              -6.3158588
            14               2.9290257               2.6701598              -5.0526872
            15               2.9290257               2.6701598              -3.7895153
            16               2.9290257               2.6701598              -2.5263436
            17               2.9290257               2.6701598              -1.2631717
            18               2.9290257               2.6701598               0.0000000
            19               3.6958079               1.4317636              -6.3158588
            20               3.6958079               1.4317636              -5.0526872
            21               3.6958079               1.4317636              -3.7895153
            22               3.6958079               1.4317636              -2.5263436
            23               3.6958079               1.4317636              -1.2631717
            24               3.6958079               1.4317636               0.0000000
            25               1.7666621               3.5479360              -6.3158588
            26               1.7666621               3.5479360              -5.0526872
            27               1.7666621               3.5479360              -3.7895153
            28               1.7666621               3.5479360              -2.5263436
            29               1.7666621               3.5479360              -1.2631717
            30               1.7666621               3.5479360               0.0000000
            31               2.9290257               2.6701598              -6.3158588
            32               2.9290257               2.6701598              -5.0526872
            33               2.9290257               2.6701598              -3.7895153
            34               2.9290257               2.6701598              -2.5263436
            35               2.9290257               2.6701598              -1.2631717
            36               2.9290257               2.6701598               0.0000000
            37               0.3657011               3.9465437              -6.3158588
            38               0.3657011               3.9465437              -5.0526872
            39               0.3657011               3.9465437              -3.7895153
            40               0.3657011               3.9465437              -2.5263436
            41               0.3657011               3.9465437              -1.2631717
            42               0.3657011               3.9465437               0.0000000
            43               1.7666621               3.5479360              -6.3158588
            44               1.7666621               3.5479360              -5.0526872
            45               1.7666621               3.5479360              -3.7895153
            46               1.7666621               3.5479360              -2.5263436
            47               1.7666621               3.5479360              -1.2631717
            48               1.7666621               3.5479360               0.0000000
            49              -1.0846499               3.8121488              -6.3158588
            50              -1.0846499               3.8121488              -5.0526872
            51              -1.0846499               3.8121488              -3.7895153
            52              -1.0846499               3.8121488              -2.5263436
            53              -1.0846499               3.8121488              -1.2631717
            54              -1.0846499               3.8121488               0.0000000
            55               0.3657011               3.9465437              -6.3158588
            56               0.3657011               3.9465437              -5.0526872
            57               0.3657011               3.9465437              -3.7895153
            58               0.3657011               3.9465437              -2.5263436
            59               0.3657011               3.9465437              -1.2631717
            60               0.3657011               3.9465437               0.0000000
            61              -2.3885128               3.1629021              -6.3158588
            62              -2.3885128               3.1629021              -5.0526872
            63              -2.3885128               3.1629021              -3.7895153
            64              -2.3885128               3.1629021              -2.5263436
            65              -2.3885128               3.1629021              -1.2631717
            66              -2.3885128               3.1629021               0.0000000
            67              -1.0846499               3.8121488              -6.3158588
            68              -1.0846499               3.8121488              -5.0526872
            69              -1.0846499               3.8121488              -3.7895153
            70              -1.0846499               3.8121488              -2.5263436
            71              -1.0846499               3.8121488              -1.2631717
            72              -1.0846499               3.8121488               0.0000000
            73              -3.3697939               2.0864880              -6.3158588
            74              -3.3697939               2.0864880              -5.0526872
            75              -3.3697939               2.0864880              -3.7895153
            76              -3.3697939               2.0864880              -2.5263436
            77              -3.3697939               2.0864880              -1.2631717
            78              -3.3697939               2.0864880               0.0000000
            79              -2.3885128               3.1629021              -6.3158588
            80              -2.3885128               3.1629021              -5.0526872
            81              -2.3885128               3.1629021              -3.7895153
            82              -2.3885128               3.1629021              -2.5263436
            83              -2.3885128               3.1629021              -1.2631717
            84              -2.3885128               3.1629021               0.0000000
            85              -3.8959658               0.7282822              -6.3158588
            86              -3.8959658               0.7282822              -5.0526872
            87              -3.8959658               0.7282822              -3.7895153
            88              -3.8959658               0.7282822              -2.5263436
            89              -3.8959658               0.7282822              -1.2631717
            90              -3.8959658               0.7282822               0.0000000
            91              -3.3697939               2.0864880              -6.3158588
            92              -3.3697939               2.0864880              -5.0526872
            93              -3.3697939               2.0864880              -3.7895153
            94              -3.3697939               2.0864880              -2.5263436
            95              -3.3697939               2.0864880              -1.2631717
            96              -3.3697939               2.0864880               0.0000000
            97              -3.8959658              -0.7282822              -6.3158588
            98              -3.8959658              -0.7282822              -5.0526872
            99              -3.8959658              -0.7282822              -3.7895153
           100              -3.8959658              -0.7282822              -2.5263436
           101              -3.8959658              -0.7282822              -1.2631717
           102              -3.8959658              -0.7282822               0.0000000
           103              -3.8959658               0.7282822              -6.3158588
           104              -3.8959658               0.7282822              -5.0526872
           105              -3.8959658               0.7282822              -3.7895153
           106              -3.8959658               0.7282822              -2.5263436
           107              -3.8959658               0.7282822              -1.2631717
           108              -3.8959658               0.7282822               0.0000000
           109              -3.3697939              -2.0864880              -6.3158588
           110              -3.3697939              -2.0864880              -5.0526872
           111              -3.3697939              -2.0864880              -3.7895153
           112              -3.3697939              -2.0864880              -2.5263436
           113              -3.3697939              -2.0864880              -1.2631717
           114              -3.3697939              -2.0864880               0.0000000
           115              -3.8959658              -0.7282822              -6.3158588
           116              -3.8959658              -0.7282822              -5.0526872
           117              -3.8959658              -0.7282822              -3.7895153
           118              -3.8959658              -0.7282822              -2.5263436
           119              -3.8959658              -0.7282822              -1.2631717
           120              -3.8959658              -0.7282822               0.0000000
           121              -2.3885128              -3.1629021              -6.3158588
           122              -2.3885128              -3.1629021              -5.0526872
           123              -2.3885128              -3.1629021              -3.7895153
           124              -2.3885128              -3.1629021              -2.5263436
           125              -2.3885128              -3.1629021              -1.2631717
           126              -2.3885128              -3.1629021               0.0000000
           127              -3.3697939              -2.0864880              -6.3158588
           128              -3.3697939              -2.0864880              -5.0526872
           129              -3.3697939              -2.0864880              -3.7895153
           130              -3.3697939              -2.0864880              -2.5263436
           131              -3.3697939              -2.0864880              -1.2631717
           132              -3.3697939              -2.0864880               0.0000000
           133              -1.0846499              -3.8121488              -6.3158588
           134              -1.0846499              -3.8121488              -5.0526872
           135              -1.0846499              -3.8121488              -3.7895153
           136              -1.0846499              -3.8121488              -2.5263436
           137              -1.0846499              -3.8121488              -1.2631717
           138              -1.0846499              -3.8121488               0.0000000
           139              -2.3885128              -3.1629021              -6.3158588
           140              -2.3885128              -3.1629021              -5.0526872
           141              -2.3885128              -3.1629021              -3.7895153
           142              -2.3885128              -3.1629021              -2.5263436
           143              -2.3885128              -3.1629021              -1.2631717
           144              -2.3885128              -3.1629021               0.0000000
           145               0.3657011              -3.9465437              -6.3158588
           146               0.3657011              -3.9465437              -5.0526872
           147               0.3657011              -3.9465437              -3.7895153
           148               0.3657011              -3.9465437              -2.5263436
           149               0.3657011              -3.9465437              -1.2631717
           150               0.3657011              -3.9465437               0.0000000
           151              -1.0846499              -3.8121488              -6.3158588
           152              -1.0846499              -3.8121488              -5.0526872
           153              -1.0846499              -3.8121488              -3.7895153
           154              -1.0846499              -3.8121488              -2.5263436
           155              -1.0846499              -3.8121488              -1.2631717
           156              -1.0846499              -3.8121488               0.0000000
           157               1.7666621              -3.5479360              -6.3158588
           158               1.7666621              -3.5479360              -5.0526872
           159               1.7666621              -3.5479360              -3.7895153
           160               1.7666621              -3.5479360              -2.5263436
           161               1.7666621              -3.5479360              -1.2631717
           162               1.7666621              -3.5479360               0.0000000
           163               0.3657011              -3.9465437              -6.3158588
           164               0.3657011              -3.9465437              -5.0526872
           165               0.3657011              -3.9465437              -3.7895153
           166               0.3657011              -3.9465437              -2.5263436
           167               0.3657011              -3.9465437              -1.2631717
           168               0.3657011              -3.9465437               0.0000000
           169               2.9290257              -2.6701598              -6.3158588
           170               2.9290257              -2.6701598              -5.0526872
           171               2.9290257              -2.6701598              -3.7895153
           172               2.9290257              -2.6701598              -2.5263436
           173               2.9290257              -2.6701598              -1.2631717
           174               2.9290257              -2.6701598               0.0000000
           175               1.7666621              -3.5479360              -6.3158588
           176               1.7666621              -3.5479360              -5.0526872
           177               1.7666621              -3.5479360              -3.7895153
           178               1.7666621              -3.5479360              -2.5263436
           179               1.7666621              -3.5479360              -1.2631717
           180               1.7666621              -3.5479360               0.0000000
           181               3.6958079              -1.4317636              -6.3158588
           182               3.6958079              -1.4317636              -5.0526872
           183               3.6958079              -1.4317636              -3.7895153
           184               3.6958079              -1.4317636              -2.5263436
           185               3.6958079              -1.4317636              -1.2631717
           186               3.6958079              -1.4317636               0.0000000
           187               2.9290257              -2.6701598              -6.3158588
           188               2.9290257              -2.6701598              -5.0526872
           189               2.9290257              -2.6701598              -3.7895153
           190               2.9290257              -2.6701598              -2.5263436
           191               2.9290257              -2.6701598              -1.2631717
           192               2.9290257              -2.6701598               0.0000000
           193               3.9634509               0.0000000              -6.3158588
           194               3.9634509               0.0000000              -5.0526872
           195               3.9634509               0.0000000              -3.7895153
           196               3.9634509               0.0000000              -2.5263436
           197               3.9634509               0.0000000              -1.2631717
           198               3.9634509               0.0000000               0.0000000
           199               3.6958079              -1.4317636              -6.3158588
           200               3.6958079              -1.4317636              -5.0526872
           201               3.6958079              -1.4317636              -3.7895153
           202               3.6958079              -1.4317636              -2.5263436
           203               3.6958079              -1.4317636              -1.2631717
           204               3.6958079              -1.4317636               0.0000000
           205               0.0000000               0.0000000              -6.3158588
           206               0.0000000               0.0000000              -6.3158588
           207               1.3211503               0.0000000              -6.3158588
           208               1.2319360               0.4772545              -6.3158588
           209               2.6423006               0.0000000              -6.3158588
           210               2.4638720               0.9545091              -6.3158588
           211               3.9634507               0.0000000              -6.3158588
           212               3.6958077               1.4317636              -6.3158588
           213               0.0000000               0.0000000              -6.3158588
           214               0.0000000               0.0000000              -6.3158588
           215               1.2319360               0.4772545              -6.3158588
           216               0.9763419               0.8900533              -6.3158588
           217               2.4638720               0.9545091              -6.3158588
           218               1.9526838               1.7801065              -6.3158588
           219               3.6958077               1.4317636              -6.3158588
           220               2.9290257               2.6701596              -6.3158588
           221               0.0000000               0.0000000              -6.3158588
           222               0.0000000               0.0000000              -6.3158588
           223               0.9763419               0.8900533              -6.3158588
           224               0.5888874               1.1826453              -6.3158588
           225               1.9526838               1.7801065              -6.3158588
           226               1.1777748               2.3652906              -6.3158588
           227               2.9290257               2.6701596              -6.3158588
           228               1.7666621               3.5479362              -6.3158588
           229               0.0000000               0.0000000              -6.3158588
           230               0.0000000               0.0000000              -6.3158588
           231               0.5888874               1.1826453              -6.3158588
           232               0.1219004               1.3155146              -6.3158588
           233               1.1777748               2.3652906              -6.3158588
           234               0.2438008               2.6310291              -6.3158588
           235               1.7666621               3.5479362              -6.3158588
           236               0.3657011               3.9465437              -6.3158588
           237               0.0000000               0.0000000              -6.3158588
           238               0.0000000               0.0000000              -6.3158588
           239               0.1219004               1.3155146              -6.3158588
           240              -0.3615500               1.2707163              -6.3158588
           241               0.2438007               2.6310291              -6.3158588
           242              -0.7230999               2.5414326              -6.3158588
           243               0.3657011               3.9465437              -6.3158588
           244              -1.0846499               3.8121488              -6.3158588
           245               0.0000000               0.0000000              -6.3158588
           246               0.0000000               0.0000000              -6.3158588
           247              -0.3615500               1.2707163              -6.3158588
           248              -0.7961709               1.0543007              -6.3158588
           249              -0.7230999               2.5414326              -6.3158588
           250              -1.5923419               2.1086013              -6.3158588
           251              -1.0846499               3.8121488              -6.3158588
           252              -2.3885128               3.1629021              -6.3158588
           253               0.0000000               0.0000000              -6.3158588
           254               0.0000000               0.0000000              -6.3158588
           255              -0.7961709               1.0543007              -6.3158588
           256              -1.1232647               0.6954960              -6.3158588
           257              -1.5923419               2.1086013              -6.3158588
           258              -2.2465293               1.3909920              -6.3158588
           259              -2.3885128               3.1629021              -6.3158588
           260              -3.3697939               2.0864880              -6.3158588
           261               0.0000000               0.0000000              -6.3158588
           262               0.0000000               0.0000000              -6.3158588
           263              -1.1232647               0.6954960              -6.3158588
           264              -1.2986553               0.2427607              -6.3158588
           265              -2.2465293               1.3909920              -6.3158588
           266              -2.5973105               0.4855214              -6.3158588
           267              -3.3697939               2.0864880              -6.3158588
           268              -3.8959658               0.7282822              -6.3158588
           269               0.0000000               0.0000000              -6.3158588
           270               0.0000000               0.0000000              -6.3158588
           271              -1.2986553               0.2427607              -6.3158588
           272              -1.2986553              -0.2427607              -6.3158588
           273              -2.5973105               0.4855215              -6.3158588
           274              -2.5973105              -0.4855215              -6.3158588
           275              -3.8959658               0.7282822              -6.3158588
           276              -3.8959658              -0.7282822              -6.3158588
           277               0.0000000               0.0000000              -6.3158588
           278               0.0000000               0.0000000              -6.3158588
           279              -1.2986553              -0.2427607              -6.3158588
           280              -1.1232647              -0.6954960              -6.3158588
           281              -2.5973105              -0.4855215              -6.3158588
           282              -2.2465293              -1.3909920              -6.3158588
           283              -3.8959658              -0.7282822              -6.3158588
           284              -3.3697939              -2.0864880              -6.3158588
           285               0.0000000               0.0000000              -6.3158588
           286               0.0000000               0.0000000              -6.3158588
           287              -1.1232647              -0.6954960              -6.3158588
           288              -0.7961709              -1.0543007              -6.3158588
           289              -2.2465293              -1.3909920              -6.3158588
           290              -1.5923419              -2.1086013              -6.3158588
           291              -3.3697939              -2.0864880              -6.3158588
           292              -2.3885128              -3.1629021              -6.3158588
           293               0.0000000               0.0000000              -6.3158588
           294               0.0000000               0.0000000              -6.3158588
           295              -0.7961709              -1.0543007              -6.3158588
           296              -0.3615500              -1.2707163              -6.3158588
           297              -1.5923419              -2.1086013              -6.3158588
           298              -0.7230999              -2.5414326              -6.3158588
           299              -2.3885128              -3.1629021              -6.3158588
           300              -1.0846499              -3.8121488              -6.3158588
           301               0.0000000               0.0000000              -6.3158588
           302               0.0000000               0.0000000              -6.3158588
           303              -0.3615500              -1.2707163              -6.3158588
           304               0.1219004              -1.3155146              -6.3158588
           305              -0.7230999              -2.5414326              -6.3158588
           306               0.2438008              -2.6310291              -6.3158588
           307              -1.0846499              -3.8121488              -6.3158588
           308               0.3657011              -3.9465437              -6.3158588
           309               0.0000000               0.0000000              -6.3158588
           310               0.0000000               0.0000000              -6.3158588
           311               0.1219004              -1.3155146              -6.3158588
           312               0.5888874              -1.1826453              -6.3158588
           313               0.2438007              -2.6310291              -6.3158588
           314               1.1777748              -2.3652906              -6.3158588
           315               0.3657011              -3.9465437              -6.3158588
           316               1.7666621              -3.5479362              -6.3158588
           317               0.0000000               0.0000000              -6.3158588
           318               0.0000000               0.0000000              -6.3158588
           319               0.5888874              -1.1826453              -6.3158588
           320               0.9763419              -0.8900533              -6.3158588
           321               1.1777748              -2.3652906              -6.3158588
           322               1.9526838              -1.7801065              -6.3158588
           323               1.7666621              -3.5479362              -6.3158588
           324               2.9290257              -2.6701596              -6.3158588
           325               0.0000000               0.0000000              -6.3158588
           326               0.0000000               0.0000000              -6.3158588
           327               0.9763419              -0.8900533              -6.3158588
           328               1.2319360              -0.4772545              -6.3158588
           329               1.9526838              -1.7801065              -6.3158588
           330               2.4638720              -0.9545091              -6.3158588
           331               2.9290257              -2.6701596              -6.3158588
           332               3.6958077              -1.4317636              -6.3158588
           333               0.0000000               0.0000000              -6.3158588
           334               0.0000000               0.0000000              -6.3158588
           335               1.2319360              -0.4772545              -6.3158588
           336               1.3211503               0.0000000              -6.3158588
           337               2.4638720              -0.9545091              -6.3158588
           338               2.6423006               0.0000000              -6.3158588
           339               3.6958077              -1.4317636              -6.3158588
           340               3.9634507               0.0000000              -6.3158588
             0          0.00          0.00          0.00
               1               2               8               7
               2               3               9               8
               3               4              10               9
               4               5              11              10
               5               6              12              11
              13              14              20              19
              14              15              21              20
              15              16              22              21
              16              17              23              22
              17              18              24              23
              25              26              32              31
              26              27              33              32
              27              28              34              33
              28              29              35              34
              29              30              36              35
              37              38              44              43
              38              39              45              44
              39              40              46              45
              40              41              47              46
              41              42              48              47
              49              50              56              55
              50              51              57              56
              51              52              58              57
              52              53              59              58
              53              54              60              59
              61              62              68              67
              62              63              69              68
              63              64              70              69
              64              65              71              70
              65              66              72              71
              73              74              80              79
              74              75              81              80
              75              76              82              81
              76              77              83              82
              77              78              84              83
              85              86              92              91
              86              87              93              92
              87              88              94              93
              88              89              95              94
              89              90              96              95
              97              98             104             103
              98              99             105             104
              99             100             106             105
             100             101             107             106
             101             102             108             107
             109             110             116             115
             110             111             117             116
             111             112             118             117
             112             113             119             118
             113             114             120             119
             121             122             128             127
             122             123             129             128
             123             124             130             129
             124             125             131             130
             125             126             132             131
             133             134             140             139
             134             135             141             140
             135             136             142             141
             136             137             143             142
             137             138             144             143
             145             146             152             151
             146             147             153             152
             147             148             154             153
             148             149             155             154
             149             150             156             155
             157             158             164             163
             158             159             165             164
             159             160             166             165
             160             161             167             166
             161             162             168             167
             169             170             176             175
             170             171             177             176
             171             172             178             177
             172             173             179             178
             173             174             180             179
             181             182             188             187
             182             183             189             188
             183             184             190             189
             184             185             191             190
             185             186             192             191
             193             194             200             199
             194             195             201             200
             195             196             202             201
             196             197             203             202
             197             198             204             203
             205             206             208             207
             207             208             210             209
             209             210             212             211
             213             214             216             215
             215             216             218             217
             217             218             220             219
             221             222             224             223
             223             224             226             225
             225             226             228             227
             229             230             232             231
             231             232             234             233
             233             234             236             235
             237             238             240             239
             239             240             242             241
             241             242             244             243
             245             246             248             247
             247             248             250             249
             249             250             252             251
             253             254             256             255
             255             256             258             257
             257             258             260             259
             261             262             264             263
             263             264             266             265
             265             266             268             267
             269             270             272             271
             271             272             274             273
             273             274             276             275
             277             278             280             279
             279             280             282             281
             281             282             284             283
             285             286             288             287
             287             288             290             289
             289             290             292             291
             293             294             296             295
             295             296             298             297
             297             298             300             299
             301             302             304             303
             303             304             306             305
             305             306             308             307
             309             310             312             311
             311             312             314             313
             313             314             316             315
             317             318             320             319
             319             320             322             321
             321             322             324             323
             325             326             328             327
             327             328             330             329
             329             330             332             331
             333             334             336             335
             335             336             338             337
             337             338             340             339
          0          0          0          0
