                    2          0
             1               1.4692404               0.5691868              -0.6526514
             2               1.5297674               0.5926350              -0.3263257
             3               1.5902944               0.6160833               0.0000000
             4               1.5224402               0.2845934              -0.6526514
             5               1.5851588               0.2963175              -0.3263257
             6               1.6478773               0.3080417               0.0000000
             7               1.5756398               0.0000000              -0.6526514
             8               1.6405501               0.0000000              -0.3263257
             9               1.7054603               0.0000000               0.0000000
            10               1.1245079               0.4356367              -1.2059425
            11               1.2968742               0.5024117              -0.9292970
            12               1.4692404               0.5691868              -0.6526514
            13               1.1652253               0.2178183              -1.2059425
            14               1.3438327               0.2512059              -0.9292970
            15               1.5224402               0.2845934              -0.6526514
            16               1.2059425               0.0000000              -1.2059425
            17               1.3907912               0.0000000              -0.9292970
            18               1.5756398               0.0000000              -0.6526514
            19               0.6085793               0.2357649              -1.5756398
            20               0.8665436               0.3357008              -1.3907912
            21               1.1245079               0.4356367              -1.2059425
            22               0.6526514               0.0000000              -1.5756398
            23               0.9292970               0.0000000              -1.3907912
            24               1.2059425               0.0000000              -1.2059425
            25               0.0000000               0.0000000              -1.7054603
            26               0.3042896               0.1178825              -1.6405501
            27               0.6085793               0.2357649              -1.5756398
            28               0.0000000               0.0000000              -1.7054603
            29               0.3263257               0.0000000              -1.6405501
            30               0.6526514               0.0000000              -1.5756398
            31               1.1644119               1.0615017              -0.6526514
            32               1.2123811               1.1052315              -0.3263257
            33               1.2603503               1.1489612               0.0000000
            34               1.3168261               0.8153443              -0.6526514
            35               1.3710742               0.8489332              -0.3263257
            36               1.4253223               0.8825222               0.0000000
            37               1.4692404               0.5691868              -0.6526514
            38               1.5297674               0.5926350              -0.3263257
            39               1.5902944               0.6160833               0.0000000
            40               0.8912023               0.8124382              -1.2059425
            41               1.0278071               0.9369700              -0.9292970
            42               1.1644119               1.0615017              -0.6526514
            43               1.0078551               0.6240374              -1.2059425
            44               1.1623406               0.7196909              -0.9292970
            45               1.3168261               0.8153443              -0.6526514
            46               1.1245079               0.4356367              -1.2059425
            47               1.2968742               0.5024117              -0.9292970
            48               1.4692404               0.5691868              -0.6526514
            49               0.4823152               0.4396884              -1.5756398
            50               0.6867588               0.6260633              -1.3907912
            51               0.8912023               0.8124382              -1.2059425
            52               0.6085793               0.2357649              -1.5756398
            53               0.8665436               0.3357008              -1.3907912
            54               1.1245079               0.4356367              -1.2059425
            55               0.0000000               0.0000000              -1.7054603
            56               0.2411576               0.2198442              -1.6405501
            57               0.4823152               0.4396884              -1.5756398
            58               0.0000000               0.0000000              -1.7054603
            59               0.3042896               0.1178825              -1.6405501
            60               0.6085793               0.2357649              -1.5756398
            61               0.7023231               1.4104550              -0.6526514
            62               0.7312561               1.4685602              -0.3263257
            63               0.7601891               1.5266654               0.0000000
            64               0.9333675               1.2359784              -0.6526514
            65               0.9718186               1.2868959              -0.3263257
            66               1.0102698               1.3378134               0.0000000
            67               1.1644119               1.0615017              -0.6526514
            68               1.2123811               1.1052315              -0.3263257
            69               1.2603503               1.1489612               0.0000000
            70               0.5375348               1.0795155              -1.2059425
            71               0.6199290               1.2449852              -0.9292970
            72               0.7023231               1.4104550              -0.6526514
            73               0.7143685               0.9459769              -1.2059425
            74               0.8238680               1.0909777              -0.9292970
            75               0.9333675               1.2359784              -0.6526514
            76               0.8912023               0.8124382              -1.2059425
            77               1.0278071               0.9369700              -0.9292970
            78               1.1644119               1.0615017              -0.6526514
            79               0.2909118               0.5842296              -1.5756398
            80               0.4142233               0.8318725              -1.3907912
            81               0.5375348               1.0795155              -1.2059425
            82               0.4823152               0.4396884              -1.5756398
            83               0.6867588               0.6260633              -1.3907912
            84               0.8912023               0.8124382              -1.2059425
            85               0.0000000               0.0000000              -1.7054603
            86               0.1454559               0.2921148              -1.6405501
            87               0.2909118               0.5842296              -1.5756398
            88               0.0000000               0.0000000              -1.7054603
            89               0.2411576               0.2198442              -1.6405501
            90               0.4823152               0.4396884              -1.5756398
            91               0.1453817               1.5689183              -0.6526514
            92               0.1513709               1.6335517              -0.3263257
            93               0.1573600               1.6981851               0.0000000
            94               0.4238524               1.4896867              -0.6526514
            95               0.4413135               1.5510560              -0.3263257
            96               0.4587746               1.6124253               0.0000000
            97               0.7023231               1.4104550              -0.6526514
            98               0.7312561               1.4685602              -0.3263257
            99               0.7601891               1.5266654               0.0000000
           100               0.1112703               1.2007982              -1.2059425
           101               0.1283260               1.3848583              -0.9292970
           102               0.1453817               1.5689183              -0.6526514
           103               0.3244025               1.1401567              -1.2059425
           104               0.3741274               1.3149217              -0.9292970
           105               0.4238524               1.4896867              -0.6526514
           106               0.5375348               1.0795155              -1.2059425
           107               0.6199290               1.2449852              -0.9292970
           108               0.7023231               1.4104550              -0.6526514
           109               0.0602191               0.6498673              -1.5756398
           110               0.0857447               0.9253327              -1.3907912
           111               0.1112703               1.2007982              -1.2059425
           112               0.2909118               0.5842296              -1.5756398
           113               0.4142233               0.8318725              -1.3907912
           114               0.5375348               1.0795155              -1.2059425
           115               0.0000000               0.0000000              -1.7054603
           116               0.0301096               0.3249336              -1.6405501
           117               0.0602191               0.6498673              -1.5756398
           118               0.0000000               0.0000000              -1.7054603
           119               0.1454559               0.2921148              -1.6405501
           120               0.2909118               0.5842296              -1.5756398
           121              -0.4311943               1.5154908              -0.6526514
           122              -0.4489579               1.5779231              -0.3263257
           123              -0.4667214               1.6403553               0.0000000
           124              -0.1429063               1.5422046              -0.6526514
           125              -0.1487935               1.6057374              -0.3263257
           126              -0.1546807               1.6692703               0.0000000
           127               0.1453817               1.5689183              -0.6526514
           128               0.1513708               1.6335517              -0.3263257
           129               0.1573600               1.6981851               0.0000000
           130              -0.3300218               1.1599065              -1.2059425
           131              -0.3806081               1.3376987              -0.9292970
           132              -0.4311943               1.5154908              -0.6526514
           133              -0.1093757               1.1803523              -1.2059425
           134              -0.1261410               1.3612785              -0.9292970
           135              -0.1429063               1.5422046              -0.6526514
           136               0.1112703               1.2007982              -1.2059425
           137               0.1283260               1.3848583              -0.9292970
           138               0.1453817               1.5689183              -0.6526514
           139              -0.1786065               0.6277368              -1.5756398
           140              -0.2543142               0.8938217              -1.3907912
           141              -0.3300218               1.1599065              -1.2059425
           142               0.0602191               0.6498673              -1.5756398
           143               0.0857447               0.9253327              -1.3907912
           144               0.1112703               1.2007982              -1.2059425
           145               0.0000000               0.0000000              -1.7054603
           146              -0.0893032               0.3138684              -1.6405501
           147              -0.1786065               0.6277368              -1.5756398
           148               0.0000000               0.0000000              -1.7054603
           149               0.0301095               0.3249336              -1.6405501
           150               0.0602191               0.6498673              -1.5756398
           151              -0.9495351               1.2573878              -0.6526514
           152              -0.9886522               1.3091872              -0.3263257
           153              -1.0277694               1.3609867               0.0000000
           154              -0.6903647               1.3864393              -0.6526514
           155              -0.7188051               1.4435551              -0.3263257
           156              -0.7472454               1.5006710               0.0000000
           157              -0.4311943               1.5154908              -0.6526514
           158              -0.4489579               1.5779231              -0.3263257
           159              -0.4667214               1.6403553               0.0000000
           160              -0.7267427               0.9623629              -1.2059425
           161              -0.8381389               1.1098753              -0.9292970
           162              -0.9495351               1.2573878              -0.6526514
           163              -0.5283822               1.0611347              -1.2059425
           164              -0.6093735               1.2237871              -0.9292970
           165              -0.6903647               1.3864393              -0.6526514
           166              -0.3300218               1.1599065              -1.2059425
           167              -0.3806081               1.3376987              -0.9292970
           168              -0.4311943               1.5154908              -0.6526514
           169              -0.3933103               0.5208271              -1.5756398
           170              -0.5600265               0.7415950              -1.3907912
           171              -0.7267427               0.9623629              -1.2059425
           172              -0.1786065               0.6277368              -1.5756398
           173              -0.2543142               0.8938217              -1.3907912
           174              -0.3300218               1.1599065              -1.2059425
           175               0.0000000               0.0000000              -1.7054603
           176              -0.1966552               0.2604136              -1.6405501
           177              -0.3933103               0.5208271              -1.5756398
           178               0.0000000               0.0000000              -1.7054603
           179              -0.0893032               0.3138684              -1.6405501
           180              -0.1786065               0.6277368              -1.5756398
           181              -1.3396360               0.8294675              -0.6526514
           182              -1.3948238               0.8636383              -0.3263257
           183              -1.4500116               0.8978091               0.0000000
           184              -1.1445855               1.0434276              -0.6526514
           185              -1.1917380               1.0864127              -0.3263257
           186              -1.2388905               1.1293979               0.0000000
           187              -0.9495351               1.2573878              -0.6526514
           188              -0.9886522               1.3091872              -0.3263257
           189              -1.0277694               1.3609867               0.0000000
           190              -1.0253130               0.6348469              -1.2059425
           191              -1.1824745               0.7321572              -0.9292970
           192              -1.3396360               0.8294675              -0.6526514
           193              -0.8760278               0.7986049              -1.2059425
           194              -1.0103066               0.9210162              -0.9292970
           195              -1.1445855               1.0434276              -0.6526514
           196              -0.7267427               0.9623629              -1.2059425
           197              -0.8381389               1.1098753              -0.9292970
           198              -0.9495351               1.2573878              -0.6526514
           199              -0.5548954               0.3435767              -1.5756398
           200              -0.7901042               0.4892118              -1.3907912
           201              -1.0253130               0.6348469              -1.2059425
           202              -0.3933103               0.5208271              -1.5756398
           203              -0.5600265               0.7415950              -1.3907912
           204              -0.7267427               0.9623629              -1.2059425
           205               0.0000000               0.0000000              -1.7054603
           206              -0.2774477               0.1717883              -1.6405501
           207              -0.5548954               0.3435767              -1.5756398
           208               0.0000000               0.0000000              -1.7054603
           209              -0.1966552               0.2604136              -1.6405501
           210              -0.3933103               0.5208271              -1.5756398
           211              -1.5488116               0.2895231              -0.6526514
           212              -1.6126165               0.3014503              -0.3263257
           213              -1.6764216               0.3133775               0.0000000
           214              -1.4442238               0.5594953              -0.6526514
           215              -1.5037203               0.5825443              -0.3263257
           216              -1.5632167               0.6055933               0.0000000
           217              -1.3396360               0.8294675              -0.6526514
           218              -1.3948238               0.8636383              -0.3263257
           219              -1.4500116               0.8978091               0.0000000
           220              -1.1854091               0.2215914              -1.2059425
           221              -1.3671103               0.2555572              -0.9292970
           222              -1.5488116               0.2895231              -0.6526514
           223              -1.1053610               0.4282191              -1.2059425
           224              -1.2747924               0.4938572              -0.9292970
           225              -1.4442238               0.5594953              -0.6526514
           226              -1.0253130               0.6348469              -1.2059425
           227              -1.1824745               0.7321572              -0.9292970
           228              -1.3396360               0.8294675              -0.6526514
           229              -0.6415388               0.1199244              -1.5756398
           230              -0.9134740               0.1707579              -1.3907912
           231              -1.1854091               0.2215914              -1.2059425
           232              -0.5548954               0.3435767              -1.5756398
           233              -0.7901042               0.4892118              -1.3907912
           234              -1.0253130               0.6348469              -1.2059425
           235               0.0000000               0.0000000              -1.7054603
           236              -0.3207694               0.0599622              -1.6405501
           237              -0.6415388               0.1199244              -1.5756398
           238               0.0000000               0.0000000              -1.7054603
           239              -0.2774477               0.1717883              -1.6405501
           240              -0.5548954               0.3435767              -1.5756398
           241              -1.5488116              -0.2895231              -0.6526514
           242              -1.6126165              -0.3014503              -0.3263257
           243              -1.6764216              -0.3133775               0.0000000
           244              -1.5488116               0.0000000              -0.6526514
           245              -1.6126165               0.0000000              -0.3263257
           246              -1.6764216               0.0000000               0.0000000
           247              -1.5488116               0.2895231              -0.6526514
           248              -1.6126165               0.3014503              -0.3263257
           249              -1.6764216               0.3133775               0.0000000
           250              -1.1854091              -0.2215914              -1.2059425
           251              -1.3671103              -0.2555572              -0.9292970
           252              -1.5488116              -0.2895231              -0.6526514
           253              -1.1854091               0.0000000              -1.2059425
           254              -1.3671103               0.0000000              -0.9292970
           255              -1.5488116               0.0000000              -0.6526514
           256              -1.1854091               0.2215914              -1.2059425
           257              -1.3671103               0.2555572              -0.9292970
           258              -1.5488116               0.2895231              -0.6526514
           259              -0.6415388              -0.1199244              -1.5756398
           260              -0.9134740              -0.1707579              -1.3907912
           261              -1.1854091              -0.2215914              -1.2059425
           262              -0.6415388               0.1199244              -1.5756398
           263              -0.9134740               0.1707579              -1.3907912
           264              -1.1854091               0.2215914              -1.2059425
           265               0.0000000               0.0000000              -1.7054603
           266              -0.3207694              -0.0599622              -1.6405501
           267              -0.6415388              -0.1199244              -1.5756398
           268               0.0000000               0.0000000              -1.7054603
           269              -0.3207694               0.0599622              -1.6405501
           270              -0.6415388               0.1199244              -1.5756398
           271              -1.3396360              -0.8294675              -0.6526514
           272              -1.3948238              -0.8636383              -0.3263257
           273              -1.4500116              -0.8978091               0.0000000
           274              -1.4442238              -0.5594953              -0.6526514
           275              -1.5037203              -0.5825443              -0.3263257
           276              -1.5632167              -0.6055933               0.0000000
           277              -1.5488116              -0.2895231              -0.6526514
           278              -1.6126165              -0.3014503              -0.3263257
           279              -1.6764216              -0.3133775               0.0000000
           280              -1.0253130              -0.6348469              -1.2059425
           281              -1.1824745              -0.7321572              -0.9292970
           282              -1.3396360              -0.8294675              -0.6526514
           283              -1.1053610              -0.4282192              -1.2059425
           284              -1.2747924              -0.4938572              -0.9292970
           285              -1.4442238              -0.5594953              -0.6526514
           286              -1.1854091              -0.2215914              -1.2059425
           287              -1.3671103              -0.2555572              -0.9292970
           288              -1.5488116              -0.2895231              -0.6526514
           289              -0.5548954              -0.3435767              -1.5756398
           290              -0.7901042              -0.4892118              -1.3907912
           291              -1.0253130              -0.6348469              -1.2059425
           292              -0.6415388              -0.1199244              -1.5756398
           293              -0.9134740              -0.1707579              -1.3907912
           294              -1.1854091              -0.2215914              -1.2059425
           295               0.0000000               0.0000000              -1.7054603
           296              -0.2774477              -0.1717883              -1.6405501
           297              -0.5548954              -0.3435767              -1.5756398
           298               0.0000000               0.0000000              -1.7054603
           299              -0.3207694              -0.0599622              -1.6405501
           300              -0.6415388              -0.1199244              -1.5756398
           301              -0.9495351              -1.2573878              -0.6526514
           302              -0.9886522              -1.3091872              -0.3263257
           303              -1.0277694              -1.3609867               0.0000000
           304              -1.1445855              -1.0434276              -0.6526514
           305              -1.1917380              -1.0864127              -0.3263257
           306              -1.2388905              -1.1293979               0.0000000
           307              -1.3396360              -0.8294675              -0.6526514
           308              -1.3948238              -0.8636383              -0.3263257
           309              -1.4500116              -0.8978091               0.0000000
           310              -0.7267427              -0.9623629              -1.2059425
           311              -0.8381389              -1.1098753              -0.9292970
           312              -0.9495351              -1.2573878              -0.6526514
           313              -0.8760278              -0.7986049              -1.2059425
           314              -1.0103066              -0.9210162              -0.9292970
           315              -1.1445855              -1.0434276              -0.6526514
           316              -1.0253130              -0.6348469              -1.2059425
           317              -1.1824745              -0.7321572              -0.9292970
           318              -1.3396360              -0.8294675              -0.6526514
           319              -0.3933103              -0.5208271              -1.5756398
           320              -0.5600265              -0.7415950              -1.3907912
           321              -0.7267427              -0.9623629              -1.2059425
           322              -0.5548954              -0.3435767              -1.5756398
           323              -0.7901042              -0.4892118              -1.3907912
           324              -1.0253130              -0.6348469              -1.2059425
           325               0.0000000               0.0000000              -1.7054603
           326              -0.1966552              -0.2604136              -1.6405501
           327              -0.3933103              -0.5208271              -1.5756398
           328               0.0000000               0.0000000              -1.7054603
           329              -0.2774477              -0.1717883              -1.6405501
           330              -0.5548954              -0.3435767              -1.5756398
           331              -0.4311943              -1.5154908              -0.6526514
           332              -0.4489579              -1.5779231              -0.3263257
           333              -0.4667214              -1.6403553               0.0000000
           334              -0.6903647              -1.3864393              -0.6526514
           335              -0.7188051              -1.4435551              -0.3263257
           336              -0.7472454              -1.5006710               0.0000000
           337              -0.9495351              -1.2573878              -0.6526514
           338              -0.9886522              -1.3091872              -0.3263257
           339              -1.0277694              -1.3609867               0.0000000
           340              -0.3300218              -1.1599065              -1.2059425
           341              -0.3806081              -1.3376987              -0.9292970
           342              -0.4311943              -1.5154908              -0.6526514
           343              -0.5283822              -1.0611347              -1.2059425
           344              -0.6093735              -1.2237871              -0.9292970
           345              -0.6903647              -1.3864393              -0.6526514
           346              -0.7267427              -0.9623629              -1.2059425
           347              -0.8381389              -1.1098753              -0.9292970
           348              -0.9495351              -1.2573878              -0.6526514
           349              -0.1786065              -0.6277368              -1.5756398
           350              -0.2543142              -0.8938217              -1.3907912
           351              -0.3300218              -1.1599065              -1.2059425
           352              -0.3933103              -0.5208271              -1.5756398
           353              -0.5600265              -0.7415950              -1.3907912
           354              -0.7267427              -0.9623629              -1.2059425
           355               0.0000000               0.0000000              -1.7054603
           356              -0.0893032              -0.3138684              -1.6405501
           357              -0.1786065              -0.6277368              -1.5756398
           358               0.0000000               0.0000000              -1.7054603
           359              -0.1966552              -0.2604136              -1.6405501
           360              -0.3933103              -0.5208271              -1.5756398
           361               0.1453817              -1.5689183              -0.6526514
           362               0.1513709              -1.6335517              -0.3263257
           363               0.1573600              -1.6981851               0.0000000
           364              -0.1429063              -1.5422046              -0.6526514
           365              -0.1487935              -1.6057374              -0.3263257
           366              -0.1546807              -1.6692703               0.0000000
           367              -0.4311943              -1.5154908              -0.6526514
           368              -0.4489578              -1.5779231              -0.3263257
           369              -0.4667214              -1.6403553               0.0000000
           370               0.1112703              -1.2007982              -1.2059425
           371               0.1283260              -1.3848583              -0.9292970
           372               0.1453817              -1.5689183              -0.6526514
           373              -0.1093758              -1.1803523              -1.2059425
           374              -0.1261410              -1.3612785              -0.9292970
           375              -0.1429063              -1.5422046              -0.6526514
           376              -0.3300218              -1.1599065              -1.2059425
           377              -0.3806081              -1.3376987              -0.9292970
           378              -0.4311943              -1.5154908              -0.6526514
           379               0.0602191              -0.6498673              -1.5756398
           380               0.0857447              -0.9253327              -1.3907912
           381               0.1112703              -1.2007982              -1.2059425
           382              -0.1786065              -0.6277368              -1.5756398
           383              -0.2543141              -0.8938217              -1.3907912
           384              -0.3300218              -1.1599065              -1.2059425
           385               0.0000000               0.0000000              -1.7054603
           386               0.0301096              -0.3249336              -1.6405501
           387               0.0602191              -0.6498673              -1.5756398
           388               0.0000000               0.0000000              -1.7054603
           389              -0.0893032              -0.3138684              -1.6405501
           390              -0.1786065              -0.6277368              -1.5756398
           391               0.7023231              -1.4104550              -0.6526514
           392               0.7312561              -1.4685602              -0.3263257
           393               0.7601891              -1.5266654               0.0000000
           394               0.4238524              -1.4896867              -0.6526514
           395               0.4413135              -1.5510560              -0.3263257
           396               0.4587746              -1.6124253               0.0000000
           397               0.1453817              -1.5689183              -0.6526514
           398               0.1513709              -1.6335517              -0.3263257
           399               0.1573600              -1.6981851               0.0000000
           400               0.5375348              -1.0795155              -1.2059425
           401               0.6199290              -1.2449852              -0.9292970
           402               0.7023231              -1.4104550              -0.6526514
           403               0.3244025              -1.1401567              -1.2059425
           404               0.3741274              -1.3149217              -0.9292970
           405               0.4238524              -1.4896867              -0.6526514
           406               0.1112703              -1.2007982              -1.2059425
           407               0.1283260              -1.3848583              -0.9292970
           408               0.1453817              -1.5689183              -0.6526514
           409               0.2909118              -0.5842296              -1.5756398
           410               0.4142233              -0.8318725              -1.3907912
           411               0.5375348              -1.0795155              -1.2059425
           412               0.0602191              -0.6498673              -1.5756398
           413               0.0857447              -0.9253327              -1.3907912
           414               0.1112703              -1.2007982              -1.2059425
           415               0.0000000               0.0000000              -1.7054603
           416               0.1454559              -0.2921148              -1.6405501
           417               0.2909118              -0.5842296              -1.5756398
           418               0.0000000               0.0000000              -1.7054603
           419               0.0301096              -0.3249336              -1.6405501
           420               0.0602191              -0.6498673              -1.5756398
           421               1.1644119              -1.0615017              -0.6526514
           422               1.2123811              -1.1052315              -0.3263257
           423               1.2603503              -1.1489612               0.0000000
           424               0.9333675              -1.2359784              -0.6526514
           425               0.9718186              -1.2868959              -0.3263257
           426               1.0102698              -1.3378134               0.0000000
           427               0.7023231              -1.4104550              -0.6526514
           428               0.7312561              -1.4685602              -0.3263257
           429               0.7601891              -1.5266654               0.0000000
           430               0.8912023              -0.8124382              -1.2059425
           431               1.0278071              -0.9369700              -0.9292970
           432               1.1644119              -1.0615017              -0.6526514
           433               0.7143685              -0.9459769              -1.2059425
           434               0.8238680              -1.0909777              -0.9292970
           435               0.9333675              -1.2359784              -0.6526514
           436               0.5375348              -1.0795155              -1.2059425
           437               0.6199290              -1.2449852              -0.9292970
           438               0.7023231              -1.4104550              -0.6526514
           439               0.4823152              -0.4396884              -1.5756398
           440               0.6867588              -0.6260633              -1.3907912
           441               0.8912023              -0.8124382              -1.2059425
           442               0.2909118              -0.5842296              -1.5756398
           443               0.4142233              -0.8318725              -1.3907912
           444               0.5375348              -1.0795155              -1.2059425
           445               0.0000000               0.0000000              -1.7054603
           446               0.2411576              -0.2198442              -1.6405501
           447               0.4823152              -0.4396884              -1.5756398
           448               0.0000000               0.0000000              -1.7054603
           449               0.1454559              -0.2921148              -1.6405501
           450               0.2909118              -0.5842296              -1.5756398
           451               1.4692404              -0.5691868              -0.6526514
           452               1.5297674              -0.5926350              -0.3263257
           453               1.5902944              -0.6160833               0.0000000
           454               1.3168261              -0.8153443              -0.6526514
           455               1.3710742              -0.8489332              -0.3263257
           456               1.4253223              -0.8825222               0.0000000
           457               1.1644119              -1.0615017              -0.6526514
           458               1.2123811              -1.1052315              -0.3263257
           459               1.2603503              -1.1489612               0.0000000
           460               1.1245079              -0.4356367              -1.2059425
           461               1.2968742              -0.5024117              -0.9292970
           462               1.4692404              -0.5691868              -0.6526514
           463               1.0078551              -0.6240374              -1.2059425
           464               1.1623406              -0.7196909              -0.9292970
           465               1.3168261              -0.8153443              -0.6526514
           466               0.8912023              -0.8124382              -1.2059425
           467               1.0278071              -0.9369700              -0.9292970
           468               1.1644119              -1.0615017              -0.6526514
           469               0.6085793              -0.2357649              -1.5756398
           470               0.8665436              -0.3357008              -1.3907912
           471               1.1245079              -0.4356367              -1.2059425
           472               0.4823152              -0.4396884              -1.5756398
           473               0.6867588              -0.6260633              -1.3907912
           474               0.8912023              -0.8124382              -1.2059425
           475               0.0000000               0.0000000              -1.7054603
           476               0.3042896              -0.1178825              -1.6405501
           477               0.6085793              -0.2357649              -1.5756398
           478               0.0000000               0.0000000              -1.7054603
           479               0.2411576              -0.2198442              -1.6405501
           480               0.4823152              -0.4396884              -1.5756398
           481               1.5756398               0.0000000              -0.6526514
           482               1.6405501               0.0000000              -0.3263257
           483               1.7054603               0.0000000               0.0000000
           484               1.5224402              -0.2845934              -0.6526514
           485               1.5851588              -0.2963175              -0.3263257
           486               1.6478773              -0.3080417               0.0000000
           487               1.4692404              -0.5691868              -0.6526514
           488               1.5297674              -0.5926350              -0.3263257
           489               1.5902944              -0.6160833               0.0000000
           490               1.2059425               0.0000000              -1.2059425
           491               1.3907912               0.0000000              -0.9292970
           492               1.5756398               0.0000000              -0.6526514
           493               1.1652253              -0.2178183              -1.2059425
           494               1.3438327              -0.2512059              -0.9292970
           495               1.5224402              -0.2845934              -0.6526514
           496               1.1245079              -0.4356367              -1.2059425
           497               1.2968742              -0.5024117              -0.9292970
           498               1.4692404              -0.5691868              -0.6526514
           499               0.6526514               0.0000000              -1.5756398
           500               0.9292970               0.0000000              -1.3907912
           501               1.2059425               0.0000000              -1.2059425
           502               0.6085793              -0.2357649              -1.5756398
           503               0.8665436              -0.3357008              -1.3907912
           504               1.1245079              -0.4356367              -1.2059425
           505               0.0000000               0.0000000              -1.7054603
           506               0.3263257               0.0000000              -1.6405501
           507               0.6526514               0.0000000              -1.5756398
           508               0.0000000               0.0000000              -1.7054603
           509               0.3042896              -0.1178825              -1.6405501
           510               0.6085793              -0.2357649              -1.5756398
             0          0.00          0.00          0.00
               1               2               5               4
               2               3               6               5
               4               5               8               7
               5               6               9               8
              10              11              14              13
              11              12              15              14
              13              14              17              16
              14              15              18              17
              19              20              23              22
              20              21              24              23
              25              26              29              28
              26              27              30              29
              31              32              35              34
              32              33              36              35
              34              35              38              37
              35              36              39              38
              40              41              44              43
              41              42              45              44
              43              44              47              46
              44              45              48              47
              49              50              53              52
              50              51              54              53
              55              56              59              58
              56              57              60              59
              61              62              65              64
              62              63              66              65
              64              65              68              67
              65              66              69              68
              70              71              74              73
              71              72              75              74
              73              74              77              76
              74              75              78              77
              79              80              83              82
              80              81              84              83
              85              86              89              88
              86              87              90              89
              91              92              95              94
              92              93              96              95
              94              95              98              97
              95              96              99              98
             100             101             104             103
             101             102             105             104
             103             104             107             106
             104             105             108             107
             109             110             113             112
             110             111             114             113
             115             116             119             118
             116             117             120             119
             121             122             125             124
             122             123             126             125
             124             125             128             127
             125             126             129             128
             130             131             134             133
             131             132             135             134
             133             134             137             136
             134             135             138             137
             139             140             143             142
             140             141             144             143
             145             146             149             148
             146             147             150             149
             151             152             155             154
             152             153             156             155
             154             155             158             157
             155             156             159             158
             160             161             164             163
             161             162             165             164
             163             164             167             166
             164             165             168             167
             169             170             173             172
             170             171             174             173
             175             176             179             178
             176             177             180             179
             181             182             185             184
             182             183             186             185
             184             185             188             187
             185             186             189             188
             190             191             194             193
             191             192             195             194
             193             194             197             196
             194             195             198             197
             199             200             203             202
             200             201             204             203
             205             206             209             208
             206             207             210             209
             211             212             215             214
             212             213             216             215
             214             215             218             217
             215             216             219             218
             220             221             224             223
             221             222             225             224
             223             224             227             226
             224             225             228             227
             229             230             233             232
             230             231             234             233
             235             236             239             238
             236             237             240             239
             241             242             245             244
             242             243             246             245
             244             245             248             247
             245             246             249             248
             250             251             254             253
             251             252             255             254
             253             254             257             256
             254             255             258             257
             259             260             263             262
             260             261             264             263
             265             266             269             268
             266             267             270             269
             271             272             275             274
             272             273             276             275
             274             275             278             277
             275             276             279             278
             280             281             284             283
             281             282             285             284
             283             284             287             286
             284             285             288             287
             289             290             293             292
             290             291             294             293
             295             296             299             298
             296             297             300             299
             301             302             305             304
             302             303             306             305
             304             305             308             307
             305             306             309             308
             310             311             314             313
             311             312             315             314
             313             314             317             316
             314             315             318             317
             319             320             323             322
             320             321             324             323
             325             326             329             328
             326             327             330             329
             331             332             335             334
             332             333             336             335
             334             335             338             337
             335             336             339             338
             340             341             344             343
             341             342             345             344
             343             344             347             346
             344             345             348             347
             349             350             353             352
             350             351             354             353
             355             356             359             358
             356             357             360             359
             361             362             365             364
             362             363             366             365
             364             365             368             367
             365             366             369             368
             370             371             374             373
             371             372             375             374
             373             374             377             376
             374             375             378             377
             379             380             383             382
             380             381             384             383
             385             386             389             388
             386             387             390             389
             391             392             395             394
             392             393             396             395
             394             395             398             397
             395             396             399             398
             400             401             404             403
             401             402             405             404
             403             404             407             406
             404             405             408             407
             409             410             413             412
             410             411             414             413
             415             416             419             418
             416             417             420             419
             421             422             425             424
             422             423             426             425
             424             425             428             427
             425             426             429             428
             430             431             434             433
             431             432             435             434
             433             434             437             436
             434             435             438             437
             439             440             443             442
             440             441             444             443
             445             446             449             448
             446             447             450             449
             451             452             455             454
             452             453             456             455
             454             455             458             457
             455             456             459             458
             460             461             464             463
             461             462             465             464
             463             464             467             466
             464             465             468             467
             469             470             473             472
             470             471             474             473
             475             476             479             478
             476             477             480             479
             481             482             485             484
             482             483             486             485
             484             485             488             487
             485             486             489             488
             490             491             494             493
             491             492             495             494
             493             494             497             496
             494             495             498             497
             499             500             503             502
             500             501             504             503
             505             506             509             508
             506             507             510             509
          0          0          0          0
