                    2          0
             1               2.3684602               0.9175463              -3.8545597
             2               2.3684602               0.9175463              -3.0836477
             3               2.3684602               0.9175463              -2.3127358
             4               2.3684602               0.9175463              -1.5418239
             5               2.3684602               0.9175463              -0.7709119
             6               2.3684602               0.9175463               0.0000000
             7               2.4542198               0.4587731              -3.8545597
             8               2.4542198               0.4587731              -3.0836477
             9               2.4542198               0.4587731              -2.3127358
            10               2.4542198               0.4587731              -1.5418239
            11               2.4542198               0.4587731              -0.7709119
            12               2.4542198               0.4587731               0.0000000
            13               2.5399792               0.0000000              -3.8545597
            14               2.5399792               0.0000000              -3.0836477
            15               2.5399792               0.0000000              -2.3127358
            16               2.5399792               0.0000000              -1.5418239
            17               2.5399792               0.0000000              -0.7709119
            18               2.5399792               0.0000000               0.0000000
            19               1.8770673               1.7111729              -3.8545597
            20               1.8770673               1.7111729              -3.0836477
            21               1.8770673               1.7111729              -2.3127358
            22               1.8770673               1.7111729              -1.5418239
            23               1.8770673               1.7111729              -0.7709119
            24               1.8770673               1.7111729               0.0000000
            25               2.1227636               1.3143597              -3.8545597
            26               2.1227636               1.3143597              -3.0836477
            27               2.1227636               1.3143597              -2.3127358
            28               2.1227636               1.3143597              -1.5418239
            29               2.1227636               1.3143597              -0.7709119
            30               2.1227636               1.3143597               0.0000000
            31               2.3684602               0.9175463              -3.8545597
            32               2.3684602               0.9175463              -3.0836477
            33               2.3684602               0.9175463              -2.3127358
            34               2.3684602               0.9175463              -1.5418239
            35               2.3684602               0.9175463              -0.7709119
            36               2.3684602               0.9175463               0.0000000
            37               1.1321661               2.2736962              -3.8545597
            38               1.1321661               2.2736962              -3.0836477
            39               1.1321661               2.2736962              -2.3127358
            40               1.1321661               2.2736962              -1.5418239
            41               1.1321661               2.2736962              -0.7709119
            42               1.1321661               2.2736962               0.0000000
            43               1.5046167               1.9924345              -3.8545597
            44               1.5046167               1.9924345              -3.0836477
            45               1.5046167               1.9924345              -2.3127358
            46               1.5046167               1.9924345              -1.5418239
            47               1.5046167               1.9924345              -0.7709119
            48               1.5046167               1.9924345               0.0000000
            49               1.8770673               1.7111729              -3.8545597
            50               1.8770673               1.7111729              -3.0836477
            51               1.8770673               1.7111729              -2.3127358
            52               1.8770673               1.7111729              -1.5418239
            53               1.8770673               1.7111729              -0.7709119
            54               1.8770673               1.7111729               0.0000000
            55               0.2343597               2.5291440              -3.8545597
            56               0.2343597               2.5291440              -3.0836477
            57               0.2343597               2.5291440              -2.3127358
            58               0.2343597               2.5291440              -1.5418239
            59               0.2343597               2.5291440              -0.7709119
            60               0.2343597               2.5291440               0.0000000
            61               0.6832629               2.4014201              -3.8545597
            62               0.6832629               2.4014201              -3.0836477
            63               0.6832629               2.4014201              -2.3127358
            64               0.6832629               2.4014201              -1.5418239
            65               0.6832629               2.4014201              -0.7709119
            66               0.6832629               2.4014201               0.0000000
            67               1.1321661               2.2736962              -3.8545597
            68               1.1321661               2.2736962              -3.0836477
            69               1.1321661               2.2736962              -2.3127358
            70               1.1321661               2.2736962              -1.5418239
            71               1.1321661               2.2736962              -0.7709119
            72               1.1321661               2.2736962               0.0000000
            73              -0.6950983               2.4430170              -3.8545597
            74              -0.6950983               2.4430170              -3.0836477
            75              -0.6950983               2.4430170              -2.3127358
            76              -0.6950983               2.4430170              -1.5418239
            77              -0.6950983               2.4430170              -0.7709119
            78              -0.6950983               2.4430170               0.0000000
            79              -0.2303693               2.4860806              -3.8545597
            80              -0.2303693               2.4860806              -3.0836477
            81              -0.2303693               2.4860806              -2.3127358
            82              -0.2303693               2.4860806              -1.5418239
            83              -0.2303693               2.4860806              -0.7709119
            84              -0.2303693               2.4860806               0.0000000
            85               0.2343597               2.5291440              -3.8545597
            86               0.2343597               2.5291440              -3.0836477
            87               0.2343597               2.5291440              -2.3127358
            88               0.2343597               2.5291440              -1.5418239
            89               0.2343597               2.5291440              -0.7709119
            90               0.2343597               2.5291440               0.0000000
            91              -1.5306795               2.0269473              -3.8545597
            92              -1.5306795               2.0269473              -3.0836477
            93              -1.5306795               2.0269473              -2.3127358
            94              -1.5306795               2.0269473              -1.5418239
            95              -1.5306795               2.0269473              -0.7709119
            96              -1.5306795               2.0269473               0.0000000
            97              -1.1128888               2.2349820              -3.8545597
            98              -1.1128888               2.2349820              -3.0836477
            99              -1.1128888               2.2349820              -2.3127358
           100              -1.1128888               2.2349820              -1.5418239
           101              -1.1128888               2.2349820              -0.7709119
           102              -1.1128888               2.2349820               0.0000000
           103              -0.6950983               2.4430170              -3.8545597
           104              -0.6950983               2.4430170              -3.0836477
           105              -0.6950983               2.4430170              -2.3127358
           106              -0.6950983               2.4430170              -1.5418239
           107              -0.6950983               2.4430170              -0.7709119
           108              -0.6950983               2.4430170               0.0000000
           109              -2.1595340               1.3371269              -3.8545597
           110              -2.1595340               1.3371269              -3.0836477
           111              -2.1595340               1.3371269              -2.3127358
           112              -2.1595340               1.3371269              -1.5418239
           113              -2.1595340               1.3371269              -0.7709119
           114              -2.1595340               1.3371269               0.0000000
           115              -1.8451067               1.6820371              -3.8545597
           116              -1.8451067               1.6820371              -3.0836477
           117              -1.8451067               1.6820371              -2.3127358
           118              -1.8451067               1.6820371              -1.5418239
           119              -1.8451067               1.6820371              -0.7709119
           120              -1.8451067               1.6820371               0.0000000
           121              -1.5306795               2.0269473              -3.8545597
           122              -1.5306795               2.0269473              -3.0836477
           123              -1.5306795               2.0269473              -2.3127358
           124              -1.5306795               2.0269473              -1.5418239
           125              -1.5306795               2.0269473              -0.7709119
           126              -1.5306795               2.0269473               0.0000000
           127              -2.4967313               0.4667200              -3.8545597
           128              -2.4967313               0.4667200              -3.0836477
           129              -2.4967313               0.4667200              -2.3127358
           130              -2.4967313               0.4667200              -1.5418239
           131              -2.4967313               0.4667200              -0.7709119
           132              -2.4967313               0.4667200               0.0000000
           133              -2.3281326               0.9019234              -3.8545597
           134              -2.3281326               0.9019234              -3.0836477
           135              -2.3281326               0.9019234              -2.3127358
           136              -2.3281326               0.9019234              -1.5418239
           137              -2.3281326               0.9019234              -0.7709119
           138              -2.3281326               0.9019234               0.0000000
           139              -2.1595340               1.3371269              -3.8545597
           140              -2.1595340               1.3371269              -3.0836477
           141              -2.1595340               1.3371269              -2.3127358
           142              -2.1595340               1.3371269              -1.5418239
           143              -2.1595340               1.3371269              -0.7709119
           144              -2.1595340               1.3371269               0.0000000
           145              -2.4967313              -0.4667200              -3.8545597
           146              -2.4967313              -0.4667200              -3.0836477
           147              -2.4967313              -0.4667200              -2.3127358
           148              -2.4967313              -0.4667200              -1.5418239
           149              -2.4967313              -0.4667200              -0.7709119
           150              -2.4967313              -0.4667200               0.0000000
           151              -2.4967313               0.0000000              -3.8545597
           152              -2.4967313               0.0000000              -3.0836477
           153              -2.4967313               0.0000000              -2.3127358
           154              -2.4967313               0.0000000              -1.5418239
           155              -2.4967313               0.0000000              -0.7709119
           156              -2.4967313               0.0000000               0.0000000
           157              -2.4967313               0.4667200              -3.8545597
           158              -2.4967313               0.4667200              -3.0836477
           159              -2.4967313               0.4667200              -2.3127358
           160              -2.4967313               0.4667200              -1.5418239
           161              -2.4967313               0.4667200              -0.7709119
           162              -2.4967313               0.4667200               0.0000000
           163              -2.1595340              -1.3371269              -3.8545597
           164              -2.1595340              -1.3371269              -3.0836477
           165              -2.1595340              -1.3371269              -2.3127358
           166              -2.1595340              -1.3371269              -1.5418239
           167              -2.1595340              -1.3371269              -0.7709119
           168              -2.1595340              -1.3371269               0.0000000
           169              -2.3281326              -0.9019234              -3.8545597
           170              -2.3281326              -0.9019234              -3.0836477
           171              -2.3281326              -0.9019234              -2.3127358
           172              -2.3281326              -0.9019234              -1.5418239
           173              -2.3281326              -0.9019234              -0.7709119
           174              -2.3281326              -0.9019234               0.0000000
           175              -2.4967313              -0.4667200              -3.8545597
           176              -2.4967313              -0.4667200              -3.0836477
           177              -2.4967313              -0.4667200              -2.3127358
           178              -2.4967313              -0.4667200              -1.5418239
           179              -2.4967313              -0.4667200              -0.7709119
           180              -2.4967313              -0.4667200               0.0000000
           181              -1.5306795              -2.0269473              -3.8545597
           182              -1.5306795              -2.0269473              -3.0836477
           183              -1.5306795              -2.0269473              -2.3127358
           184              -1.5306795              -2.0269473              -1.5418239
           185              -1.5306795              -2.0269473              -0.7709119
           186              -1.5306795              -2.0269473               0.0000000
           187              -1.8451067              -1.6820371              -3.8545597
           188              -1.8451067              -1.6820371              -3.0836477
           189              -1.8451067              -1.6820371              -2.3127358
           190              -1.8451067              -1.6820371              -1.5418239
           191              -1.8451067              -1.6820371              -0.7709119
           192              -1.8451067              -1.6820371               0.0000000
           193              -2.1595340              -1.3371269              -3.8545597
           194              -2.1595340              -1.3371269              -3.0836477
           195              -2.1595340              -1.3371269              -2.3127358
           196              -2.1595340              -1.3371269              -1.5418239
           197              -2.1595340              -1.3371269              -0.7709119
           198              -2.1595340              -1.3371269               0.0000000
           199              -0.6950983              -2.4430170              -3.8545597
           200              -0.6950983              -2.4430170              -3.0836477
           201              -0.6950983              -2.4430170              -2.3127358
           202              -0.6950983              -2.4430170              -1.5418239
           203              -0.6950983              -2.4430170              -0.7709119
           204              -0.6950983              -2.4430170               0.0000000
           205              -1.1128888              -2.2349820              -3.8545597
           206              -1.1128888              -2.2349820              -3.0836477
           207              -1.1128888              -2.2349820              -2.3127358
           208              -1.1128888              -2.2349820              -1.5418239
           209              -1.1128888              -2.2349820              -0.7709119
           210              -1.1128888              -2.2349820               0.0000000
           211              -1.5306795              -2.0269473              -3.8545597
           212              -1.5306795              -2.0269473              -3.0836477
           213              -1.5306795              -2.0269473              -2.3127358
           214              -1.5306795              -2.0269473              -1.5418239
           215              -1.5306795              -2.0269473              -0.7709119
           216              -1.5306795              -2.0269473               0.0000000
           217               0.2343597              -2.5291440              -3.8545597
           218               0.2343597              -2.5291440              -3.0836477
           219               0.2343597              -2.5291440              -2.3127358
           220               0.2343597              -2.5291440              -1.5418239
           221               0.2343597              -2.5291440              -0.7709119
           222               0.2343597              -2.5291440               0.0000000
           223              -0.2303693              -2.4860806              -3.8545597
           224              -0.2303693              -2.4860806              -3.0836477
           225              -0.2303693              -2.4860806              -2.3127358
           226              -0.2303693              -2.4860806              -1.5418239
           227              -0.2303693              -2.4860806              -0.7709119
           228              -0.2303693              -2.4860806               0.0000000
           229              -0.6950983              -2.4430170              -3.8545597
           230              -0.6950983              -2.4430170              -3.0836477
           231              -0.6950983              -2.4430170              -2.3127358
           232              -0.6950983              -2.4430170              -1.5418239
           233              -0.6950983              -2.4430170              -0.7709119
           234              -0.6950983              -2.4430170               0.0000000
           235               1.1321661              -2.2736962              -3.8545597
           236               1.1321661              -2.2736962              -3.0836477
           237               1.1321661              -2.2736962              -2.3127358
           238               1.1321661              -2.2736962              -1.5418239
           239               1.1321661              -2.2736962              -0.7709119
           240               1.1321661              -2.2736962               0.0000000
           241               0.6832629              -2.4014201              -3.8545597
           242               0.6832629              -2.4014201              -3.0836477
           243               0.6832629              -2.4014201              -2.3127358
           244               0.6832629              -2.4014201              -1.5418239
           245               0.6832629              -2.4014201              -0.7709119
           246               0.6832629              -2.4014201               0.0000000
           247               0.2343597              -2.5291440              -3.8545597
           248               0.2343597              -2.5291440              -3.0836477
           249               0.2343597              -2.5291440              -2.3127358
           250               0.2343597              -2.5291440              -1.5418239
           251               0.2343597              -2.5291440              -0.7709119
           252               0.2343597              -2.5291440               0.0000000
           253               1.8770673              -1.7111729              -3.8545597
           254               1.8770673              -1.7111729              -3.0836477
           255               1.8770673              -1.7111729              -2.3127358
           256               1.8770673              -1.7111729              -1.5418239
           257               1.8770673              -1.7111729              -0.7709119
           258               1.8770673              -1.7111729               0.0000000
           259               1.5046167              -1.9924345              -3.8545597
           260               1.5046167              -1.9924345              -3.0836477
           261               1.5046167              -1.9924345              -2.3127358
           262               1.5046167              -1.9924345              -1.5418239
           263               1.5046167              -1.9924345              -0.7709119
           264               1.5046167              -1.9924345               0.0000000
           265               1.1321661              -2.2736962              -3.8545597
           266               1.1321661              -2.2736962              -3.0836477
           267               1.1321661              -2.2736962              -2.3127358
           268               1.1321661              -2.2736962              -1.5418239
           269               1.1321661              -2.2736962              -0.7709119
           270               1.1321661              -2.2736962               0.0000000
           271               2.3684602              -0.9175463              -3.8545597
           272               2.3684602              -0.9175463              -3.0836477
           273               2.3684602              -0.9175463              -2.3127358
           274               2.3684602              -0.9175463              -1.5418239
           275               2.3684602              -0.9175463              -0.7709119
           276               2.3684602              -0.9175463               0.0000000
           277               2.1227636              -1.3143597              -3.8545597
           278               2.1227636              -1.3143597              -3.0836477
           279               2.1227636              -1.3143597              -2.3127358
           280               2.1227636              -1.3143597              -1.5418239
           281               2.1227636              -1.3143597              -0.7709119
           282               2.1227636              -1.3143597               0.0000000
           283               1.8770673              -1.7111729              -3.8545597
           284               1.8770673              -1.7111729              -3.0836477
           285               1.8770673              -1.7111729              -2.3127358
           286               1.8770673              -1.7111729              -1.5418239
           287               1.8770673              -1.7111729              -0.7709119
           288               1.8770673              -1.7111729               0.0000000
           289               2.5399792               0.0000000              -3.8545597
           290               2.5399792               0.0000000              -3.0836477
           291               2.5399792               0.0000000              -2.3127358
           292               2.5399792               0.0000000              -1.5418239
           293               2.5399792               0.0000000              -0.7709119
           294               2.5399792               0.0000000               0.0000000
           295               2.4542198              -0.4587731              -3.8545597
           296               2.4542198              -0.4587731              -3.0836477
           297               2.4542198              -0.4587731              -2.3127358
           298               2.4542198              -0.4587731              -1.5418239
           299               2.4542198              -0.4587731              -0.7709119
           300               2.4542198              -0.4587731               0.0000000
           301               2.3684602              -0.9175463              -3.8545597
           302               2.3684602              -0.9175463              -3.0836477
           303               2.3684602              -0.9175463              -2.3127358
           304               2.3684602              -0.9175463              -1.5418239
           305               2.3684602              -0.9175463              -0.7709119
           306               2.3684602              -0.9175463               0.0000000
           307               0.0000000               0.0000000              -3.8545597
           308               0.0000000               0.0000000              -3.8545597
           309               0.6349948               0.0000000              -3.8545597
           310               0.5921150               0.2293866              -3.8545597
           311               1.2699896               0.0000000              -3.8545597
           312               1.1842301               0.4587731              -3.8545597
           313               1.9049845               0.0000000              -3.8545597
           314               1.7763451               0.6881597              -3.8545597
           315               2.5399792               0.0000000              -3.8545597
           316               2.3684602               0.9175463              -3.8545597
           317               0.0000000               0.0000000              -3.8545597
           318               0.0000000               0.0000000              -3.8545597
           319               0.5921150               0.2293866              -3.8545597
           320               0.4692668               0.4277932              -3.8545597
           321               1.1842301               0.4587731              -3.8545597
           322               0.9385337               0.8555865              -3.8545597
           323               1.7763451               0.6881597              -3.8545597
           324               1.4078004               1.2833797              -3.8545597
           325               2.3684602               0.9175463              -3.8545597
           326               1.8770673               1.7111729              -3.8545597
           327               0.0000000               0.0000000              -3.8545597
           328               0.0000000               0.0000000              -3.8545597
           329               0.4692668               0.4277932              -3.8545597
           330               0.2830415               0.5684240              -3.8545597
           331               0.9385337               0.8555865              -3.8545597
           332               0.5660831               1.1368481              -3.8545597
           333               1.4078004               1.2833797              -3.8545597
           334               0.8491246               1.7052722              -3.8545597
           335               1.8770673               1.7111729              -3.8545597
           336               1.1321661               2.2736962              -3.8545597
           337               0.0000000               0.0000000              -3.8545597
           338               0.0000000               0.0000000              -3.8545597
           339               0.2830415               0.5684240              -3.8545597
           340               0.0585899               0.6322860              -3.8545597
           341               0.5660831               1.1368481              -3.8545597
           342               0.1171798               1.2645720              -3.8545597
           343               0.8491246               1.7052722              -3.8545597
           344               0.1757697               1.8968580              -3.8545597
           345               1.1321661               2.2736962              -3.8545597
           346               0.2343597               2.5291440              -3.8545597
           347               0.0000000               0.0000000              -3.8545597
           348               0.0000000               0.0000000              -3.8545597
           349               0.0585899               0.6322860              -3.8545597
           350              -0.1737746               0.6107543              -3.8545597
           351               0.1171798               1.2645720              -3.8545597
           352              -0.3475491               1.2215085              -3.8545597
           353               0.1757698               1.8968580              -3.8545597
           354              -0.5213237               1.8322628              -3.8545597
           355               0.2343597               2.5291440              -3.8545597
           356              -0.6950983               2.4430170              -3.8545597
           357               0.0000000               0.0000000              -3.8545597
           358               0.0000000               0.0000000              -3.8545597
           359              -0.1737746               0.6107543              -3.8545597
           360              -0.3826699               0.5067368              -3.8545597
           361              -0.3475491               1.2215085              -3.8545597
           362              -0.7653397               1.0134736              -3.8545597
           363              -0.5213237               1.8322628              -3.8545597
           364              -1.1480095               1.5202105              -3.8545597
           365              -0.6950983               2.4430170              -3.8545597
           366              -1.5306795               2.0269473              -3.8545597
           367               0.0000000               0.0000000              -3.8545597
           368               0.0000000               0.0000000              -3.8545597
           369              -0.3826699               0.5067368              -3.8545597
           370              -0.5398835               0.3342817              -3.8545597
           371              -0.7653397               1.0134736              -3.8545597
           372              -1.0797670               0.6685634              -3.8545597
           373              -1.1480095               1.5202105              -3.8545597
           374              -1.6196505               1.0028452              -3.8545597
           375              -1.5306795               2.0269473              -3.8545597
           376              -2.1595340               1.3371269              -3.8545597
           377               0.0000000               0.0000000              -3.8545597
           378               0.0000000               0.0000000              -3.8545597
           379              -0.5398835               0.3342817              -3.8545597
           380              -0.6241828               0.1166800              -3.8545597
           381              -1.0797670               0.6685634              -3.8545597
           382              -1.2483656               0.2333600              -3.8545597
           383              -1.6196505               1.0028452              -3.8545597
           384              -1.8725485               0.3500400              -3.8545597
           385              -2.1595340               1.3371269              -3.8545597
           386              -2.4967313               0.4667200              -3.8545597
           387               0.0000000               0.0000000              -3.8545597
           388               0.0000000               0.0000000              -3.8545597
           389              -0.6241828               0.1166800              -3.8545597
           390              -0.6241828              -0.1166800              -3.8545597
           391              -1.2483656               0.2333600              -3.8545597
           392              -1.2483656              -0.2333600              -3.8545597
           393              -1.8725485               0.3500400              -3.8545597
           394              -1.8725485              -0.3500400              -3.8545597
           395              -2.4967313               0.4667200              -3.8545597
           396              -2.4967313              -0.4667200              -3.8545597
           397               0.0000000               0.0000000              -3.8545597
           398               0.0000000               0.0000000              -3.8545597
           399              -0.6241828              -0.1166800              -3.8545597
           400              -0.5398835              -0.3342817              -3.8545597
           401              -1.2483656              -0.2333600              -3.8545597
           402              -1.0797670              -0.6685634              -3.8545597
           403              -1.8725485              -0.3500400              -3.8545597
           404              -1.6196505              -1.0028452              -3.8545597
           405              -2.4967313              -0.4667200              -3.8545597
           406              -2.1595340              -1.3371269              -3.8545597
           407               0.0000000               0.0000000              -3.8545597
           408               0.0000000               0.0000000              -3.8545597
           409              -0.5398835              -0.3342817              -3.8545597
           410              -0.3826699              -0.5067368              -3.8545597
           411              -1.0797670              -0.6685634              -3.8545597
           412              -0.7653397              -1.0134736              -3.8545597
           413              -1.6196505              -1.0028452              -3.8545597
           414              -1.1480095              -1.5202105              -3.8545597
           415              -2.1595340              -1.3371269              -3.8545597
           416              -1.5306795              -2.0269473              -3.8545597
           417               0.0000000               0.0000000              -3.8545597
           418               0.0000000               0.0000000              -3.8545597
           419              -0.3826699              -0.5067368              -3.8545597
           420              -0.1737746              -0.6107543              -3.8545597
           421              -0.7653397              -1.0134736              -3.8545597
           422              -0.3475491              -1.2215085              -3.8545597
           423              -1.1480095              -1.5202105              -3.8545597
           424              -0.5213237              -1.8322628              -3.8545597
           425              -1.5306795              -2.0269473              -3.8545597
           426              -0.6950983              -2.4430170              -3.8545597
           427               0.0000000               0.0000000              -3.8545597
           428               0.0000000               0.0000000              -3.8545597
           429              -0.1737746              -0.6107543              -3.8545597
           430               0.0585899              -0.6322860              -3.8545597
           431              -0.3475491              -1.2215085              -3.8545597
           432               0.1171798              -1.2645720              -3.8545597
           433              -0.5213237              -1.8322628              -3.8545597
           434               0.1757698              -1.8968580              -3.8545597
           435              -0.6950983              -2.4430170              -3.8545597
           436               0.2343597              -2.5291440              -3.8545597
           437               0.0000000               0.0000000              -3.8545597
           438               0.0000000               0.0000000              -3.8545597
           439               0.0585899              -0.6322860              -3.8545597
           440               0.2830415              -0.5684240              -3.8545597
           441               0.1171798              -1.2645720              -3.8545597
           442               0.5660831              -1.1368481              -3.8545597
           443               0.1757698              -1.8968580              -3.8545597
           444               0.8491247              -1.7052722              -3.8545597
           445               0.2343597              -2.5291440              -3.8545597
           446               1.1321661              -2.2736962              -3.8545597
           447               0.0000000               0.0000000              -3.8545597
           448               0.0000000               0.0000000              -3.8545597
           449               0.2830415              -0.5684240              -3.8545597
           450               0.4692668              -0.4277932              -3.8545597
           451               0.5660831              -1.1368481              -3.8545597
           452               0.9385337              -0.8555865              -3.8545597
           453               0.8491246              -1.7052722              -3.8545597
           454               1.4078004              -1.2833797              -3.8545597
           455               1.1321661              -2.2736962              -3.8545597
           456               1.8770673              -1.7111729              -3.8545597
           457               0.0000000               0.0000000              -3.8545597
           458               0.0000000               0.0000000              -3.8545597
           459               0.4692668              -0.4277932              -3.8545597
           460               0.5921150              -0.2293866              -3.8545597
           461               0.9385337              -0.8555865              -3.8545597
           462               1.1842301              -0.4587731              -3.8545597
           463               1.4078004              -1.2833797              -3.8545597
           464               1.7763451              -0.6881597              -3.8545597
           465               1.8770673              -1.7111729              -3.8545597
           466               2.3684602              -0.9175463              -3.8545597
           467               0.0000000               0.0000000              -3.8545597
           468               0.0000000               0.0000000              -3.8545597
           469               0.5921150              -0.2293866              -3.8545597
           470               0.6349948               0.0000000              -3.8545597
           471               1.1842301              -0.4587731              -3.8545597
           472               1.2699896               0.0000000              -3.8545597
           473               1.7763451              -0.6881597              -3.8545597
           474               1.9049845               0.0000000              -3.8545597
           475               2.3684602              -0.9175463              -3.8545597
           476               2.5399792               0.0000000              -3.8545597
             0          0.00          0.00          0.00
               1               2               8               7
               2               3               9               8
               3               4              10               9
               4               5              11              10
               5               6              12              11
               7               8              14              13
               8               9              15              14
               9              10              16              15
              10              11              17              16
              11              12              18              17
              19              20              26              25
              20              21              27              26
              21              22              28              27
              22              23              29              28
              23              24              30              29
              25              26              32              31
              26              27              33              32
              27              28              34              33
              28              29              35              34
              29              30              36              35
              37              38              44              43
              38              39              45              44
              39              40              46              45
              40              41              47              46
              41              42              48              47
              43              44              50              49
              44              45              51              50
              45              46              52              51
              46              47              53              52
              47              48              54              53
              55              56              62              61
              56              57              63              62
              57              58              64              63
              58              59              65              64
              59              60              66              65
              61              62              68              67
              62              63              69              68
              63              64              70              69
              64              65              71              70
              65              66              72              71
              73              74              80              79
              74              75              81              80
              75              76              82              81
              76              77              83              82
              77              78              84              83
              79              80              86              85
              80              81              87              86
              81              82              88              87
              82              83              89              88
              83              84              90              89
              91              92              98              97
              92              93              99              98
              93              94             100              99
              94              95             101             100
              95              96             102             101
              97              98             104             103
              98              99             105             104
              99             100             106             105
             100             101             107             106
             101             102             108             107
             109             110             116             115
             110             111             117             116
             111             112             118             117
             112             113             119             118
             113             114             120             119
             115             116             122             121
             116             117             123             122
             117             118             124             123
             118             119             125             124
             119             120             126             125
             127             128             134             133
             128             129             135             134
             129             130             136             135
             130             131             137             136
             131             132             138             137
             133             134             140             139
             134             135             141             140
             135             136             142             141
             136             137             143             142
             137             138             144             143
             145             146             152             151
             146             147             153             152
             147             148             154             153
             148             149             155             154
             149             150             156             155
             151             152             158             157
             152             153             159             158
             153             154             160             159
             154             155             161             160
             155             156             162             161
             163             164             170             169
             164             165             171             170
             165             166             172             171
             166             167             173             172
             167             168             174             173
             169             170             176             175
             170             171             177             176
             171             172             178             177
             172             173             179             178
             173             174             180             179
             181             182             188             187
             182             183             189             188
             183             184             190             189
             184             185             191             190
             185             186             192             191
             187             188             194             193
             188             189             195             194
             189             190             196             195
             190             191             197             196
             191             192             198             197
             199             200             206             205
             200             201             207             206
             201             202             208             207
             202             203             209             208
             203             204             210             209
             205             206             212             211
             206             207             213             212
             207             208             214             213
             208             209             215             214
             209             210             216             215
             217             218             224             223
             218             219             225             224
             219             220             226             225
             220             221             227             226
             221             222             228             227
             223             224             230             229
             224             225             231             230
             225             226             232             231
             226             227             233             232
             227             228             234             233
             235             236             242             241
             236             237             243             242
             237             238             244             243
             238             239             245             244
             239             240             246             245
             241             242             248             247
             242             243             249             248
             243             244             250             249
             244             245             251             250
             245             246             252             251
             253             254             260             259
             254             255             261             260
             255             256             262             261
             256             257             263             262
             257             258             264             263
             259             260             266             265
             260             261             267             266
             261             262             268             267
             262             263             269             268
             263             264             270             269
             271             272             278             277
             272             273             279             278
             273             274             280             279
             274             275             281             280
             275             276             282             281
             277             278             284             283
             278             279             285             284
             279             280             286             285
             280             281             287             286
             281             282             288             287
             289             290             296             295
             290             291             297             296
             291             292             298             297
             292             293             299             298
             293             294             300             299
             295             296             302             301
             296             297             303             302
             297             298             304             303
             298             299             305             304
             299             300             306             305
             307             308             310             309
             309             310             312             311
             311             312             314             313
             313             314             316             315
             317             318             320             319
             319             320             322             321
             321             322             324             323
             323             324             326             325
             327             328             330             329
             329             330             332             331
             331             332             334             333
             333             334             336             335
             337             338             340             339
             339             340             342             341
             341             342             344             343
             343             344             346             345
             347             348             350             349
             349             350             352             351
             351             352             354             353
             353             354             356             355
             357             358             360             359
             359             360             362             361
             361             362             364             363
             363             364             366             365
             367             368             370             369
             369             370             372             371
             371             372             374             373
             373             374             376             375
             377             378             380             379
             379             380             382             381
             381             382             384             383
             383             384             386             385
             387             388             390             389
             389             390             392             391
             391             392             394             393
             393             394             396             395
             397             398             400             399
             399             400             402             401
             401             402             404             403
             403             404             406             405
             407             408             410             409
             409             410             412             411
             411             412             414             413
             413             414             416             415
             417             418             420             419
             419             420             422             421
             421             422             424             423
             423             424             426             425
             427             428             430             429
             429             430             432             431
             431             432             434             433
             433             434             436             435
             437             438             440             439
             439             440             442             441
             441             442             444             443
             443             444             446             445
             447             448             450             449
             449             450             452             451
             451             452             454             453
             453             454             456             455
             457             458             460             459
             459             460             462             461
             461             462             464             463
             463             464             466             465
             467             468             470             469
             469             470             472             471
             471             472             474             473
             473             474             476             475
          0          0          0          0
