                    2          0
             1               3.4709542               1.3446548              -7.4216933
             2               3.4709542               1.3446548              -6.1847444
             3               3.4709542               1.3446548              -4.9477959
             4               3.4709542               1.3446548              -3.7108467
             5               3.4709542               1.3446548              -2.4738979
             6               3.4709542               1.3446548              -1.2369490
             7               3.4709542               1.3446548               0.0000000
             8               3.5966339               0.6723274              -7.4216933
             9               3.5966339               0.6723274              -6.1847444
            10               3.5966339               0.6723274              -4.9477959
            11               3.5966339               0.6723274              -3.7108467
            12               3.5966339               0.6723274              -2.4738979
            13               3.5966339               0.6723274              -1.2369490
            14               3.5966339               0.6723274               0.0000000
            15               3.7223136               0.0000000              -7.4216933
            16               3.7223136               0.0000000              -6.1847444
            17               3.7223136               0.0000000              -4.9477959
            18               3.7223136               0.0000000              -3.7108467
            19               3.7223136               0.0000000              -2.4738979
            20               3.7223136               0.0000000              -1.2369490
            21               3.7223136               0.0000000               0.0000000
            22               2.7508230               2.5077064              -7.4216933
            23               2.7508230               2.5077064              -6.1847444
            24               2.7508230               2.5077064              -4.9477959
            25               2.7508230               2.5077064              -3.7108467
            26               2.7508230               2.5077064              -2.4738979
            27               2.7508230               2.5077064              -1.2369490
            28               2.7508230               2.5077064               0.0000000
            29               3.1108885               1.9261806              -7.4216933
            30               3.1108885               1.9261806              -6.1847444
            31               3.1108885               1.9261806              -4.9477959
            32               3.1108885               1.9261806              -3.7108467
            33               3.1108885               1.9261806              -2.4738979
            34               3.1108885               1.9261806              -1.2369490
            35               3.1108885               1.9261806               0.0000000
            36               3.4709542               1.3446548              -7.4216933
            37               3.4709542               1.3446548              -6.1847444
            38               3.4709542               1.3446548              -4.9477959
            39               3.4709542               1.3446548              -3.7108467
            40               3.4709542               1.3446548              -2.4738979
            41               3.4709542               1.3446548              -1.2369490
            42               3.4709542               1.3446548               0.0000000
            43               1.6591780               3.3320785              -7.4216933
            44               1.6591780               3.3320785              -6.1847444
            45               1.6591780               3.3320785              -4.9477959
            46               1.6591780               3.3320785              -3.7108467
            47               1.6591780               3.3320785              -2.4738979
            48               1.6591780               3.3320785              -1.2369490
            49               1.6591780               3.3320785               0.0000000
            50               2.2050004               2.9198923              -7.4216933
            51               2.2050004               2.9198923              -6.1847444
            52               2.2050004               2.9198923              -4.9477959
            53               2.2050004               2.9198923              -3.7108467
            54               2.2050004               2.9198923              -2.4738979
            55               2.2050004               2.9198923              -1.2369490
            56               2.2050004               2.9198923               0.0000000
            57               2.7508230               2.5077064              -7.4216933
            58               2.7508230               2.5077064              -6.1847444
            59               2.7508230               2.5077064              -4.9477959
            60               2.7508230               2.5077064              -3.7108467
            61               2.7508230               2.5077064              -2.4738979
            62               2.7508230               2.5077064              -1.2369490
            63               2.7508230               2.5077064               0.0000000
            64               0.3434518               3.7064350              -7.4216933
            65               0.3434518               3.7064350              -6.1847444
            66               0.3434518               3.7064350              -4.9477959
            67               0.3434518               3.7064350              -3.7108467
            68               0.3434518               3.7064350              -2.4738979
            69               0.3434518               3.7064350              -1.2369490
            70               0.3434518               3.7064350               0.0000000
            71               1.0013149               3.5192566              -7.4216933
            72               1.0013149               3.5192566              -6.1847444
            73               1.0013149               3.5192566              -4.9477959
            74               1.0013149               3.5192566              -3.7108467
            75               1.0013149               3.5192566              -2.4738979
            76               1.0013149               3.5192566              -1.2369490
            77               1.0013149               3.5192566               0.0000000
            78               1.6591780               3.3320785              -7.4216933
            79               1.6591780               3.3320785              -6.1847444
            80               1.6591780               3.3320785              -4.9477959
            81               1.6591780               3.3320785              -3.7108467
            82               1.6591780               3.3320785              -2.4738979
            83               1.6591780               3.3320785              -1.2369490
            84               1.6591780               3.3320785               0.0000000
            85              -1.0186595               3.5802166              -7.4216933
            86              -1.0186595               3.5802166              -6.1847444
            87              -1.0186595               3.5802166              -4.9477959
            88              -1.0186595               3.5802166              -3.7108467
            89              -1.0186595               3.5802166              -2.4738979
            90              -1.0186595               3.5802166              -1.2369490
            91              -1.0186595               3.5802166               0.0000000
            92              -0.3376038               3.6433258              -7.4216933
            93              -0.3376038               3.6433258              -6.1847444
            94              -0.3376038               3.6433258              -4.9477959
            95              -0.3376038               3.6433258              -3.7108467
            96              -0.3376038               3.6433258              -2.4738979
            97              -0.3376038               3.6433258              -1.2369490
            98              -0.3376038               3.6433258               0.0000000
            99               0.3434519               3.7064350              -7.4216933
           100               0.3434519               3.7064350              -6.1847444
           101               0.3434519               3.7064350              -4.9477959
           102               0.3434519               3.7064350              -3.7108467
           103               0.3434519               3.7064350              -2.4738979
           104               0.3434519               3.7064350              -1.2369490
           105               0.3434519               3.7064350               0.0000000
           106              -2.2431951               2.9704704              -7.4216933
           107              -2.2431951               2.9704704              -6.1847444
           108              -2.2431951               2.9704704              -4.9477959
           109              -2.2431951               2.9704704              -3.7108467
           110              -2.2431951               2.9704704              -2.4738979
           111              -2.2431951               2.9704704              -1.2369490
           112              -2.2431951               2.9704704               0.0000000
           113              -1.6309273               3.2753434              -7.4216933
           114              -1.6309273               3.2753434              -6.1847444
           115              -1.6309273               3.2753434              -4.9477959
           116              -1.6309273               3.2753434              -3.7108467
           117              -1.6309273               3.2753434              -2.4738979
           118              -1.6309273               3.2753434              -1.2369490
           119              -1.6309273               3.2753434               0.0000000
           120              -1.0186595               3.5802166              -7.4216933
           121              -1.0186595               3.5802166              -6.1847444
           122              -1.0186595               3.5802166              -4.9477959
           123              -1.0186595               3.5802166              -3.7108467
           124              -1.0186595               3.5802166              -2.4738979
           125              -1.0186595               3.5802166              -1.2369490
           126              -1.0186595               3.5802166               0.0000000
           127              -3.1647749               1.9595456              -7.4216933
           128              -3.1647749               1.9595456              -6.1847444
           129              -3.1647749               1.9595456              -4.9477959
           130              -3.1647749               1.9595456              -3.7108467
           131              -3.1647749               1.9595456              -2.4738979
           132              -3.1647749               1.9595456              -1.2369490
           133              -3.1647749               1.9595456               0.0000000
           134              -2.7039850               2.4650080              -7.4216933
           135              -2.7039850               2.4650080              -6.1847444
           136              -2.7039850               2.4650080              -4.9477959
           137              -2.7039850               2.4650080              -3.7108467
           138              -2.7039850               2.4650080              -2.4738979
           139              -2.7039850               2.4650080              -1.2369490
           140              -2.7039850               2.4650080               0.0000000
           141              -2.2431951               2.9704704              -7.4216933
           142              -2.2431951               2.9704704              -6.1847444
           143              -2.2431951               2.9704704              -4.9477959
           144              -2.2431951               2.9704704              -3.7108467
           145              -2.2431951               2.9704704              -2.4738979
           146              -2.2431951               2.9704704              -1.2369490
           147              -2.2431951               2.9704704               0.0000000
           148              -3.6589341               0.6839733              -7.4216933
           149              -3.6589341               0.6839733              -6.1847444
           150              -3.6589341               0.6839733              -4.9477959
           151              -3.6589341               0.6839733              -3.7108467
           152              -3.6589341               0.6839733              -2.4738979
           153              -3.6589341               0.6839733              -1.2369490
           154              -3.6589341               0.6839733               0.0000000
           155              -3.4118545               1.3217595              -7.4216933
           156              -3.4118545               1.3217595              -6.1847444
           157              -3.4118545               1.3217595              -4.9477959
           158              -3.4118545               1.3217595              -3.7108467
           159              -3.4118545               1.3217595              -2.4738979
           160              -3.4118545               1.3217595              -1.2369490
           161              -3.4118545               1.3217595               0.0000000
           162              -3.1647749               1.9595456              -7.4216933
           163              -3.1647749               1.9595456              -6.1847444
           164              -3.1647749               1.9595456              -4.9477959
           165              -3.1647749               1.9595456              -3.7108467
           166              -3.1647749               1.9595456              -2.4738979
           167              -3.1647749               1.9595456              -1.2369490
           168              -3.1647749               1.9595456               0.0000000
           169              -3.6589341              -0.6839733              -7.4216933
           170              -3.6589341              -0.6839733              -6.1847444
           171              -3.6589341              -0.6839733              -4.9477959
           172              -3.6589341              -0.6839733              -3.7108467
           173              -3.6589341              -0.6839733              -2.4738979
           174              -3.6589341              -0.6839733              -1.2369490
           175              -3.6589341              -0.6839733               0.0000000
           176              -3.6589341               0.0000000              -7.4216933
           177              -3.6589341               0.0000000              -6.1847444
           178              -3.6589341               0.0000000              -4.9477959
           179              -3.6589341               0.0000000              -3.7108467
           180              -3.6589341               0.0000000              -2.4738979
           181              -3.6589341               0.0000000              -1.2369490
           182              -3.6589341               0.0000000               0.0000000
           183              -3.6589341               0.6839733              -7.4216933
           184              -3.6589341               0.6839733              -6.1847444
           185              -3.6589341               0.6839733              -4.9477959
           186              -3.6589341               0.6839733              -3.7108467
           187              -3.6589341               0.6839733              -2.4738979
           188              -3.6589341               0.6839733              -1.2369490
           189              -3.6589341               0.6839733               0.0000000
           190              -3.1647749              -1.9595456              -7.4216933
           191              -3.1647749              -1.9595456              -6.1847444
           192              -3.1647749              -1.9595456              -4.9477959
           193              -3.1647749              -1.9595456              -3.7108467
           194              -3.1647749              -1.9595456              -2.4738979
           195              -3.1647749              -1.9595456              -1.2369490
           196              -3.1647749              -1.9595456               0.0000000
           197              -3.4118545              -1.3217595              -7.4216933
           198              -3.4118545              -1.3217595              -6.1847444
           199              -3.4118545              -1.3217595              -4.9477959
           200              -3.4118545              -1.3217595              -3.7108467
           201              -3.4118545              -1.3217595              -2.4738979
           202              -3.4118545              -1.3217595              -1.2369490
           203              -3.4118545              -1.3217595               0.0000000
           204              -3.6589341              -0.6839733              -7.4216933
           205              -3.6589341              -0.6839733              -6.1847444
           206              -3.6589341              -0.6839733              -4.9477959
           207              -3.6589341              -0.6839733              -3.7108467
           208              -3.6589341              -0.6839733              -2.4738979
           209              -3.6589341              -0.6839733              -1.2369490
           210              -3.6589341              -0.6839733               0.0000000
           211              -2.2431951              -2.9704704              -7.4216933
           212              -2.2431951              -2.9704704              -6.1847444
           213              -2.2431951              -2.9704704              -4.9477959
           214              -2.2431951              -2.9704704              -3.7108467
           215              -2.2431951              -2.9704704              -2.4738979
           216              -2.2431951              -2.9704704              -1.2369490
           217              -2.2431951              -2.9704704               0.0000000
           218              -2.7039850              -2.4650080              -7.4216933
           219              -2.7039850              -2.4650080              -6.1847444
           220              -2.7039850              -2.4650080              -4.9477959
           221              -2.7039850              -2.4650080              -3.7108467
           222              -2.7039850              -2.4650080              -2.4738979
           223              -2.7039850              -2.4650080              -1.2369490
           224              -2.7039850              -2.4650080               0.0000000
           225              -3.1647749              -1.9595456              -7.4216933
           226              -3.1647749              -1.9595456              -6.1847444
           227              -3.1647749              -1.9595456              -4.9477959
           228              -3.1647749              -1.9595456              -3.7108467
           229              -3.1647749              -1.9595456              -2.4738979
           230              -3.1647749              -1.9595456              -1.2369490
           231              -3.1647749              -1.9595456               0.0000000
           232              -1.0186595              -3.5802166              -7.4216933
           233              -1.0186595              -3.5802166              -6.1847444
           234              -1.0186595              -3.5802166              -4.9477959
           235              -1.0186595              -3.5802166              -3.7108467
           236              -1.0186595              -3.5802166              -2.4738979
           237              -1.0186595              -3.5802166              -1.2369490
           238              -1.0186595              -3.5802166               0.0000000
           239              -1.6309273              -3.2753434              -7.4216933
           240              -1.6309273              -3.2753434              -6.1847444
           241              -1.6309273              -3.2753434              -4.9477959
           242              -1.6309273              -3.2753434              -3.7108467
           243              -1.6309273              -3.2753434              -2.4738979
           244              -1.6309273              -3.2753434              -1.2369490
           245              -1.6309273              -3.2753434               0.0000000
           246              -2.2431951              -2.9704704              -7.4216933
           247              -2.2431951              -2.9704704              -6.1847444
           248              -2.2431951              -2.9704704              -4.9477959
           249              -2.2431951              -2.9704704              -3.7108467
           250              -2.2431951              -2.9704704              -2.4738979
           251              -2.2431951              -2.9704704              -1.2369490
           252              -2.2431951              -2.9704704               0.0000000
           253               0.3434518              -3.7064350              -7.4216933
           254               0.3434518              -3.7064350              -6.1847444
           255               0.3434518              -3.7064350              -4.9477959
           256               0.3434518              -3.7064350              -3.7108467
           257               0.3434518              -3.7064350              -2.4738979
           258               0.3434518              -3.7064350              -1.2369490
           259               0.3434518              -3.7064350               0.0000000
           260              -0.3376039              -3.6433258              -7.4216933
           261              -0.3376039              -3.6433258              -6.1847444
           262              -0.3376039              -3.6433258              -4.9477959
           263              -0.3376039              -3.6433258              -3.7108467
           264              -0.3376039              -3.6433258              -2.4738979
           265              -0.3376039              -3.6433258              -1.2369490
           266              -0.3376039              -3.6433258               0.0000000
           267              -1.0186596              -3.5802166              -7.4216933
           268              -1.0186596              -3.5802166              -6.1847444
           269              -1.0186596              -3.5802166              -4.9477959
           270              -1.0186596              -3.5802166              -3.7108467
           271              -1.0186596              -3.5802166              -2.4738979
           272              -1.0186596              -3.5802166              -1.2369490
           273              -1.0186596              -3.5802166               0.0000000
           274               1.6591780              -3.3320785              -7.4216933
           275               1.6591780              -3.3320785              -6.1847444
           276               1.6591780              -3.3320785              -4.9477959
           277               1.6591780              -3.3320785              -3.7108467
           278               1.6591780              -3.3320785              -2.4738979
           279               1.6591780              -3.3320785              -1.2369490
           280               1.6591780              -3.3320785               0.0000000
           281               1.0013149              -3.5192566              -7.4216933
           282               1.0013149              -3.5192566              -6.1847444
           283               1.0013149              -3.5192566              -4.9477959
           284               1.0013149              -3.5192566              -3.7108467
           285               1.0013149              -3.5192566              -2.4738979
           286               1.0013149              -3.5192566              -1.2369490
           287               1.0013149              -3.5192566               0.0000000
           288               0.3434517              -3.7064350              -7.4216933
           289               0.3434517              -3.7064350              -6.1847444
           290               0.3434517              -3.7064350              -4.9477959
           291               0.3434517              -3.7064350              -3.7108467
           292               0.3434517              -3.7064350              -2.4738979
           293               0.3434517              -3.7064350              -1.2369490
           294               0.3434517              -3.7064350               0.0000000
           295               2.7508230              -2.5077064              -7.4216933
           296               2.7508230              -2.5077064              -6.1847444
           297               2.7508230              -2.5077064              -4.9477959
           298               2.7508230              -2.5077064              -3.7108467
           299               2.7508230              -2.5077064              -2.4738979
           300               2.7508230              -2.5077064              -1.2369490
           301               2.7508230              -2.5077064               0.0000000
           302               2.2050004              -2.9198923              -7.4216933
           303               2.2050004              -2.9198923              -6.1847444
           304               2.2050004              -2.9198923              -4.9477959
           305               2.2050004              -2.9198923              -3.7108467
           306               2.2050004              -2.9198923              -2.4738979
           307               2.2050004              -2.9198923              -1.2369490
           308               2.2050004              -2.9198923               0.0000000
           309               1.6591780              -3.3320785              -7.4216933
           310               1.6591780              -3.3320785              -6.1847444
           311               1.6591780              -3.3320785              -4.9477959
           312               1.6591780              -3.3320785              -3.7108467
           313               1.6591780              -3.3320785              -2.4738979
           314               1.6591780              -3.3320785              -1.2369490
           315               1.6591780              -3.3320785               0.0000000
           316               3.4709542              -1.3446548              -7.4216933
           317               3.4709542              -1.3446548              -6.1847444
           318               3.4709542              -1.3446548              -4.9477959
           319               3.4709542              -1.3446548              -3.7108467
           320               3.4709542              -1.3446548              -2.4738979
           321               3.4709542              -1.3446548              -1.2369490
           322               3.4709542              -1.3446548               0.0000000
           323               3.1108885              -1.9261806              -7.4216933
           324               3.1108885              -1.9261806              -6.1847444
           325               3.1108885              -1.9261806              -4.9477959
           326               3.1108885              -1.9261806              -3.7108467
           327               3.1108885              -1.9261806              -2.4738979
           328               3.1108885              -1.9261806              -1.2369490
           329               3.1108885              -1.9261806               0.0000000
           330               2.7508230              -2.5077064              -7.4216933
           331               2.7508230              -2.5077064              -6.1847444
           332               2.7508230              -2.5077064              -4.9477959
           333               2.7508230              -2.5077064              -3.7108467
           334               2.7508230              -2.5077064              -2.4738979
           335               2.7508230              -2.5077064              -1.2369490
           336               2.7508230              -2.5077064               0.0000000
           337               3.7223136               0.0000000              -7.4216933
           338               3.7223136               0.0000000              -6.1847444
           339               3.7223136               0.0000000              -4.9477959
           340               3.7223136               0.0000000              -3.7108467
           341               3.7223136               0.0000000              -2.4738979
           342               3.7223136               0.0000000              -1.2369490
           343               3.7223136               0.0000000               0.0000000
           344               3.5966339              -0.6723274              -7.4216933
           345               3.5966339              -0.6723274              -6.1847444
           346               3.5966339              -0.6723274              -4.9477959
           347               3.5966339              -0.6723274              -3.7108467
           348               3.5966339              -0.6723274              -2.4738979
           349               3.5966339              -0.6723274              -1.2369490
           350               3.5966339              -0.6723274               0.0000000
           351               3.4709542              -1.3446548              -7.4216933
           352               3.4709542              -1.3446548              -6.1847444
           353               3.4709542              -1.3446548              -4.9477959
           354               3.4709542              -1.3446548              -3.7108467
           355               3.4709542              -1.3446548              -2.4738979
           356               3.4709542              -1.3446548              -1.2369490
           357               3.4709542              -1.3446548               0.0000000
           358               0.0000000               0.0000000              -7.4216933
           359               0.0000000               0.0000000              -7.4216933
           360               1.2407712               0.0000000              -7.4216933
           361               1.1569847               0.4482183              -7.4216933
           362               2.4815423               0.0000000              -7.4216933
           363               2.3139694               0.8964365              -7.4216933
           364               3.7223136               0.0000000              -7.4216933
           365               3.4709542               1.3446547              -7.4216933
           366               0.0000000               0.0000000              -7.4216933
           367               0.0000000               0.0000000              -7.4216933
           368               1.1569847               0.4482183              -7.4216933
           369               0.9169410               0.8359022              -7.4216933
           370               2.3139694               0.8964365              -7.4216933
           371               1.8338820               1.6718043              -7.4216933
           372               3.4709542               1.3446547              -7.4216933
           373               2.7508230               2.5077064              -7.4216933
           374               0.0000000               0.0000000              -7.4216933
           375               0.0000000               0.0000000              -7.4216933
           376               0.9169410               0.8359022              -7.4216933
           377               0.5530593               1.1106929              -7.4216933
           378               1.8338820               1.6718043              -7.4216933
           379               1.1061187               2.2213857              -7.4216933
           380               2.7508230               2.5077064              -7.4216933
           381               1.6591781               3.3320782              -7.4216933
           382               0.0000000               0.0000000              -7.4216933
           383               0.0000000               0.0000000              -7.4216933
           384               0.5530593               1.1106929              -7.4216933
           385               0.1144839               1.2354783              -7.4216933
           386               1.1061187               2.2213857              -7.4216933
           387               0.2289678               2.4709566              -7.4216933
           388               1.6591781               3.3320782              -7.4216933
           389               0.3434519               3.7064350              -7.4216933
           390               0.0000000               0.0000000              -7.4216933
           391               0.0000000               0.0000000              -7.4216933
           392               0.1144839               1.2354783              -7.4216933
           393              -0.3395531               1.1934055              -7.4216933
           394               0.2289679               2.4709566              -7.4216933
           395              -0.6791063               2.3868110              -7.4216933
           396               0.3434518               3.7064350              -7.4216933
           397              -1.0186595               3.5802166              -7.4216933
           398               0.0000000               0.0000000              -7.4216933
           399               0.0000000               0.0000000              -7.4216933
           400              -0.3395531               1.1934055              -7.4216933
           401              -0.7477317               0.9901568              -7.4216933
           402              -0.6791063               2.3868110              -7.4216933
           403              -1.4954634               1.9803137              -7.4216933
           404              -1.0186595               3.5802166              -7.4216933
           405              -2.2431951               2.9704704              -7.4216933
           406               0.0000000               0.0000000              -7.4216933
           407               0.0000000               0.0000000              -7.4216933
           408              -0.7477317               0.9901568              -7.4216933
           409              -1.0549250               0.6531819              -7.4216933
           410              -1.4954634               1.9803137              -7.4216933
           411              -2.1098499               1.3063637              -7.4216933
           412              -2.2431951               2.9704704              -7.4216933
           413              -3.1647749               1.9595456              -7.4216933
           414               0.0000000               0.0000000              -7.4216933
           415               0.0000000               0.0000000              -7.4216933
           416              -1.0549250               0.6531819              -7.4216933
           417              -1.2196447               0.2279911              -7.4216933
           418              -2.1098499               1.3063637              -7.4216933
           419              -2.4392893               0.4559822              -7.4216933
           420              -3.1647749               1.9595456              -7.4216933
           421              -3.6589344               0.6839733              -7.4216933
           422               0.0000000               0.0000000              -7.4216933
           423               0.0000000               0.0000000              -7.4216933
           424              -1.2196447               0.2279911              -7.4216933
           425              -1.2196447              -0.2279911              -7.4216933
           426              -2.4392893               0.4559822              -7.4216933
           427              -2.4392893              -0.4559822              -7.4216933
           428              -3.6589344               0.6839733              -7.4216933
           429              -3.6589344              -0.6839733              -7.4216933
           430               0.0000000               0.0000000              -7.4216933
           431               0.0000000               0.0000000              -7.4216933
           432              -1.2196447              -0.2279911              -7.4216933
           433              -1.0549250              -0.6531819              -7.4216933
           434              -2.4392893              -0.4559822              -7.4216933
           435              -2.1098499              -1.3063637              -7.4216933
           436              -3.6589344              -0.6839733              -7.4216933
           437              -3.1647749              -1.9595456              -7.4216933
           438               0.0000000               0.0000000              -7.4216933
           439               0.0000000               0.0000000              -7.4216933
           440              -1.0549250              -0.6531819              -7.4216933
           441              -0.7477317              -0.9901568              -7.4216933
           442              -2.1098499              -1.3063637              -7.4216933
           443              -1.4954634              -1.9803137              -7.4216933
           444              -3.1647749              -1.9595456              -7.4216933
           445              -2.2431951              -2.9704704              -7.4216933
           446               0.0000000               0.0000000              -7.4216933
           447               0.0000000               0.0000000              -7.4216933
           448              -0.7477317              -0.9901568              -7.4216933
           449              -0.3395531              -1.1934055              -7.4216933
           450              -1.4954634              -1.9803137              -7.4216933
           451              -0.6791063              -2.3868110              -7.4216933
           452              -2.2431951              -2.9704704              -7.4216933
           453              -1.0186595              -3.5802166              -7.4216933
           454               0.0000000               0.0000000              -7.4216933
           455               0.0000000               0.0000000              -7.4216933
           456              -0.3395531              -1.1934055              -7.4216933
           457               0.1144839              -1.2354783              -7.4216933
           458              -0.6791063              -2.3868110              -7.4216933
           459               0.2289678              -2.4709566              -7.4216933
           460              -1.0186595              -3.5802166              -7.4216933
           461               0.3434519              -3.7064350              -7.4216933
           462               0.0000000               0.0000000              -7.4216933
           463               0.0000000               0.0000000              -7.4216933
           464               0.1144839              -1.2354783              -7.4216933
           465               0.5530593              -1.1106929              -7.4216933
           466               0.2289679              -2.4709566              -7.4216933
           467               1.1061187              -2.2213857              -7.4216933
           468               0.3434518              -3.7064350              -7.4216933
           469               1.6591781              -3.3320782              -7.4216933
           470               0.0000000               0.0000000              -7.4216933
           471               0.0000000               0.0000000              -7.4216933
           472               0.5530593              -1.1106929              -7.4216933
           473               0.9169410              -0.8359022              -7.4216933
           474               1.1061187              -2.2213857              -7.4216933
           475               1.8338820              -1.6718043              -7.4216933
           476               1.6591781              -3.3320782              -7.4216933
           477               2.7508230              -2.5077064              -7.4216933
           478               0.0000000               0.0000000              -7.4216933
           479               0.0000000               0.0000000              -7.4216933
           480               0.9169410              -0.8359022              -7.4216933
           481               1.1569847              -0.4482183              -7.4216933
           482               1.8338820              -1.6718043              -7.4216933
           483               2.3139694              -0.8964365              -7.4216933
           484               2.7508230              -2.5077064              -7.4216933
           485               3.4709542              -1.3446547              -7.4216933
           486               0.0000000               0.0000000              -7.4216933
           487               0.0000000               0.0000000              -7.4216933
           488               1.1569847              -0.4482183              -7.4216933
           489               1.2407712               0.0000000              -7.4216933
           490               2.3139694              -0.8964365              -7.4216933
           491               2.4815423               0.0000000              -7.4216933
           492               3.4709542              -1.3446547              -7.4216933
           493               3.7223136               0.0000000              -7.4216933
             0          0.00          0.00          0.00
               1               2               9               8
               2               3              10               9
               3               4              11              10
               4               5              12              11
               5               6              13              12
               6               7              14              13
               8               9              16              15
               9              10              17              16
              10              11              18              17
              11              12              19              18
              12              13              20              19
              13              14              21              20
              22              23              30              29
              23              24              31              30
              24              25              32              31
              25              26              33              32
              26              27              34              33
              27              28              35              34
              29              30              37              36
              30              31              38              37
              31              32              39              38
              32              33              40              39
              33              34              41              40
              34              35              42              41
              43              44              51              50
              44              45              52              51
              45              46              53              52
              46              47              54              53
              47              48              55              54
              48              49              56              55
              50              51              58              57
              51              52              59              58
              52              53              60              59
              53              54              61              60
              54              55              62              61
              55              56              63              62
              64              65              72              71
              65              66              73              72
              66              67              74              73
              67              68              75              74
              68              69              76              75
              69              70              77              76
              71              72              79              78
              72              73              80              79
              73              74              81              80
              74              75              82              81
              75              76              83              82
              76              77              84              83
              85              86              93              92
              86              87              94              93
              87              88              95              94
              88              89              96              95
              89              90              97              96
              90              91              98              97
              92              93             100              99
              93              94             101             100
              94              95             102             101
              95              96             103             102
              96              97             104             103
              97              98             105             104
             106             107             114             113
             107             108             115             114
             108             109             116             115
             109             110             117             116
             110             111             118             117
             111             112             119             118
             113             114             121             120
             114             115             122             121
             115             116             123             122
             116             117             124             123
             117             118             125             124
             118             119             126             125
             127             128             135             134
             128             129             136             135
             129             130             137             136
             130             131             138             137
             131             132             139             138
             132             133             140             139
             134             135             142             141
             135             136             143             142
             136             137             144             143
             137             138             145             144
             138             139             146             145
             139             140             147             146
             148             149             156             155
             149             150             157             156
             150             151             158             157
             151             152             159             158
             152             153             160             159
             153             154             161             160
             155             156             163             162
             156             157             164             163
             157             158             165             164
             158             159             166             165
             159             160             167             166
             160             161             168             167
             169             170             177             176
             170             171             178             177
             171             172             179             178
             172             173             180             179
             173             174             181             180
             174             175             182             181
             176             177             184             183
             177             178             185             184
             178             179             186             185
             179             180             187             186
             180             181             188             187
             181             182             189             188
             190             191             198             197
             191             192             199             198
             192             193             200             199
             193             194             201             200
             194             195             202             201
             195             196             203             202
             197             198             205             204
             198             199             206             205
             199             200             207             206
             200             201             208             207
             201             202             209             208
             202             203             210             209
             211             212             219             218
             212             213             220             219
             213             214             221             220
             214             215             222             221
             215             216             223             222
             216             217             224             223
             218             219             226             225
             219             220             227             226
             220             221             228             227
             221             222             229             228
             222             223             230             229
             223             224             231             230
             232             233             240             239
             233             234             241             240
             234             235             242             241
             235             236             243             242
             236             237             244             243
             237             238             245             244
             239             240             247             246
             240             241             248             247
             241             242             249             248
             242             243             250             249
             243             244             251             250
             244             245             252             251
             253             254             261             260
             254             255             262             261
             255             256             263             262
             256             257             264             263
             257             258             265             264
             258             259             266             265
             260             261             268             267
             261             262             269             268
             262             263             270             269
             263             264             271             270
             264             265             272             271
             265             266             273             272
             274             275             282             281
             275             276             283             282
             276             277             284             283
             277             278             285             284
             278             279             286             285
             279             280             287             286
             281             282             289             288
             282             283             290             289
             283             284             291             290
             284             285             292             291
             285             286             293             292
             286             287             294             293
             295             296             303             302
             296             297             304             303
             297             298             305             304
             298             299             306             305
             299             300             307             306
             300             301             308             307
             302             303             310             309
             303             304             311             310
             304             305             312             311
             305             306             313             312
             306             307             314             313
             307             308             315             314
             316             317             324             323
             317             318             325             324
             318             319             326             325
             319             320             327             326
             320             321             328             327
             321             322             329             328
             323             324             331             330
             324             325             332             331
             325             326             333             332
             326             327             334             333
             327             328             335             334
             328             329             336             335
             337             338             345             344
             338             339             346             345
             339             340             347             346
             340             341             348             347
             341             342             349             348
             342             343             350             349
             344             345             352             351
             345             346             353             352
             346             347             354             353
             347             348             355             354
             348             349             356             355
             349             350             357             356
             358             359             361             360
             360             361             363             362
             362             363             365             364
             366             367             369             368
             368             369             371             370
             370             371             373             372
             374             375             377             376
             376             377             379             378
             378             379             381             380
             382             383             385             384
             384             385             387             386
             386             387             389             388
             390             391             393             392
             392             393             395             394
             394             395             397             396
             398             399             401             400
             400             401             403             402
             402             403             405             404
             406             407             409             408
             408             409             411             410
             410             411             413             412
             414             415             417             416
             416             417             419             418
             418             419             421             420
             422             423             425             424
             424             425             427             426
             426             427             429             428
             430             431             433             432
             432             433             435             434
             434             435             437             436
             438             439             441             440
             440             441             443             442
             442             443             445             444
             446             447             449             448
             448             449             451             450
             450             451             453             452
             454             455             457             456
             456             457             459             458
             458             459             461             460
             462             463             465             464
             464             465             467             466
             466             467             469             468
             470             471             473             472
             472             473             475             474
             474             475             477             476
             478             479             481             480
             480             481             483             482
             482             483             485             484
             486             487             489             488
             488             489             491             490
             490             491             493             492
          0          0          0          0
