                    2          0
             1               0.0000000               1.6281894              -4.4946713
             2              -0.1406044               1.6281894              -4.0860648
             3              -0.2812088               1.6281894              -3.6774583
             4              -0.4218133               1.6281894              -3.2688518
             5              -0.5624177               1.6281894              -2.8602452
             6              -0.7030221               1.6281894              -2.4516389
             7              -0.8436266               1.6281894              -2.0430324
             8              -0.9842309               1.6281894              -1.6344259
             9              -1.1248354               1.6281894              -1.2258193
            10              -1.2654399               1.6281894              -0.8172131
            11              -1.4060441               1.6281894              -0.4086065
            12              -1.5466485               1.6281894               0.0000000
            13               0.0000000               1.6281894              -4.4946713
            14               0.1406044               1.6281894              -4.0860648
            15               0.2812088               1.6281894              -3.6774583
            16               0.4218133               1.6281894              -3.2688518
            17               0.5624177               1.6281894              -2.8602452
            18               0.7030221               1.6281894              -2.4516389
            19               0.8436266               1.6281894              -2.0430324
            20               0.9842309               1.6281894              -1.6344259
            21               1.1248354               1.6281894              -1.2258193
            22               1.2654399               1.6281894              -0.8172131
            23               1.4060441               1.6281894              -0.4086065
            24               1.5466485               1.6281894               0.0000000
            25               0.0000000               1.6281894              -4.4946713
            26               0.1406044               1.6281894              -4.0860648
            27               0.2812088               1.6281894              -3.6774583
            28               0.4218133               1.6281894              -3.2688518
            29               0.5624177               1.6281894              -2.8602452
            30               0.7030221               1.6281894              -2.4516389
            31               0.8436266               1.6281894              -2.0430324
            32               0.9842309               1.6281894              -1.6344259
            33               1.1248354               1.6281894              -1.2258193
            34               1.2654399               1.6281894              -0.8172131
            35               1.4060441               1.6281894              -0.4086065
            36               1.5466485               1.6281894               0.0000000
            37               0.0000000               1.2211421              -4.4946713
            38               0.1406044               1.2211421              -4.0860648
            39               0.2812088               1.2211421              -3.6774583
            40               0.4218133               1.2211421              -3.2688518
            41               0.5624177               1.2211421              -2.8602452
            42               0.7030221               1.2211421              -2.4516389
            43               0.8436266               1.2211421              -2.0430324
            44               0.9842309               1.2211421              -1.6344259
            45               1.1248354               1.2211421              -1.2258193
            46               1.2654399               1.2211421              -0.8172131
            47               1.4060441               1.2211421              -0.4086065
            48               1.5466485               1.2211421               0.0000000
            49               0.0000000               0.8140947              -4.4946713
            50               0.1406044               0.8140947              -4.0860648
            51               0.2812088               0.8140947              -3.6774583
            52               0.4218133               0.8140947              -3.2688518
            53               0.5624177               0.8140947              -2.8602452
            54               0.7030221               0.8140947              -2.4516389
            55               0.8436266               0.8140947              -2.0430324
            56               0.9842309               0.8140947              -1.6344259
            57               1.1248354               0.8140947              -1.2258193
            58               1.2654399               0.8140947              -0.8172131
            59               1.4060441               0.8140947              -0.4086065
            60               1.5466485               0.8140947               0.0000000
            61               0.0000000               0.4070474              -4.4946713
            62               0.1406044               0.4070474              -4.0860648
            63               0.2812088               0.4070474              -3.6774583
            64               0.4218133               0.4070474              -3.2688518
            65               0.5624177               0.4070474              -2.8602452
            66               0.7030221               0.4070474              -2.4516389
            67               0.8436266               0.4070474              -2.0430324
            68               0.9842309               0.4070474              -1.6344259
            69               1.1248354               0.4070474              -1.2258193
            70               1.2654399               0.4070474              -0.8172131
            71               1.4060441               0.4070474              -0.4086065
            72               1.5466485               0.4070474               0.0000000
            73               0.0000000               0.0000000              -4.4946713
            74               0.1406044               0.0000000              -4.0860648
            75               0.2812088               0.0000000              -3.6774583
            76               0.4218133               0.0000000              -3.2688518
            77               0.5624177               0.0000000              -2.8602452
            78               0.7030221               0.0000000              -2.4516389
            79               0.8436266               0.0000000              -2.0430324
            80               0.9842309               0.0000000              -1.6344259
            81               1.1248354               0.0000000              -1.2258193
            82               1.2654399               0.0000000              -0.8172131
            83               1.4060441               0.0000000              -0.4086065
            84               1.5466485               0.0000000               0.0000000
            85               0.0000000              -0.4070474              -4.4946713
            86               0.1406044              -0.4070474              -4.0860648
            87               0.2812088              -0.4070474              -3.6774583
            88               0.4218133              -0.4070474              -3.2688518
            89               0.5624177              -0.4070474              -2.8602452
            90               0.7030221              -0.4070474              -2.4516389
            91               0.8436266              -0.4070474              -2.0430324
            92               0.9842309              -0.4070474              -1.6344259
            93               1.1248354              -0.4070474              -1.2258193
            94               1.2654399              -0.4070474              -0.8172131
            95               1.4060441              -0.4070474              -0.4086065
            96               1.5466485              -0.4070474               0.0000000
            97               0.0000000              -0.8140947              -4.4946713
            98               0.1406044              -0.8140947              -4.0860648
            99               0.2812088              -0.8140947              -3.6774583
           100               0.4218133              -0.8140947              -3.2688518
           101               0.5624177              -0.8140947              -2.8602452
           102               0.7030221              -0.8140947              -2.4516389
           103               0.8436266              -0.8140947              -2.0430324
           104               0.9842309              -0.8140947              -1.6344259
           105               1.1248354              -0.8140947              -1.2258193
           106               1.2654399              -0.8140947              -0.8172131
           107               1.4060441              -0.8140947              -0.4086065
           108               1.5466485              -0.8140947               0.0000000
           109               0.0000000              -1.2211422              -4.4946713
           110               0.1406044              -1.2211422              -4.0860648
           111               0.2812088              -1.2211422              -3.6774583
           112               0.4218133              -1.2211422              -3.2688518
           113               0.5624177              -1.2211422              -2.8602452
           114               0.7030221              -1.2211422              -2.4516389
           115               0.8436266              -1.2211422              -2.0430324
           116               0.9842309              -1.2211422              -1.6344259
           117               1.1248354              -1.2211422              -1.2258193
           118               1.2654399              -1.2211422              -0.8172131
           119               1.4060441              -1.2211422              -0.4086065
           120               1.5466485              -1.2211422               0.0000000
           121               0.0000000              -1.6281894              -4.4946713
           122               0.1406044              -1.6281894              -4.0860648
           123               0.2812088              -1.6281894              -3.6774583
           124               0.4218133              -1.6281894              -3.2688518
           125               0.5624177              -1.6281894              -2.8602452
           126               0.7030221              -1.6281894              -2.4516389
           127               0.8436266              -1.6281894              -2.0430324
           128               0.9842309              -1.6281894              -1.6344259
           129               1.1248354              -1.6281894              -1.2258193
           130               1.2654399              -1.6281894              -0.8172131
           131               1.4060441              -1.6281894              -0.4086065
           132               1.5466485              -1.6281894               0.0000000
           133               0.0000000              -1.6281894              -4.4946713
           134               0.1406044              -1.6281894              -4.0860648
           135               0.2812088              -1.6281894              -3.6774583
           136               0.4218133              -1.6281894              -3.2688518
           137               0.5624177              -1.6281894              -2.8602452
           138               0.7030221              -1.6281894              -2.4516389
           139               0.8436266              -1.6281894              -2.0430324
           140               0.9842309              -1.6281894              -1.6344259
           141               1.1248354              -1.6281894              -1.2258193
           142               1.2654399              -1.6281894              -0.8172131
           143               1.4060441              -1.6281894              -0.4086065
           144               1.5466485              -1.6281894               0.0000000
           145               0.0000000              -1.6281894              -4.4946713
           146              -0.1406044              -1.6281894              -4.0860648
           147              -0.2812088              -1.6281894              -3.6774583
           148              -0.4218133              -1.6281894              -3.2688518
           149              -0.5624177              -1.6281894              -2.8602452
           150              -0.7030221              -1.6281894              -2.4516389
           151              -0.8436266              -1.6281894              -2.0430324
           152              -0.9842309              -1.6281894              -1.6344259
           153              -1.1248354              -1.6281894              -1.2258193
           154              -1.2654399              -1.6281894              -0.8172131
           155              -1.4060441              -1.6281894              -0.4086065
           156              -1.5466485              -1.6281894               0.0000000
           157               0.0000000              -1.6281894              -4.4946713
           158              -0.1406044              -1.6281894              -4.0860648
           159              -0.2812088              -1.6281894              -3.6774583
           160              -0.4218133              -1.6281894              -3.2688518
           161              -0.5624177              -1.6281894              -2.8602452
           162              -0.7030221              -1.6281894              -2.4516389
           163              -0.8436266              -1.6281894              -2.0430324
           164              -0.9842309              -1.6281894              -1.6344259
           165              -1.1248354              -1.6281894              -1.2258193
           166              -1.2654399              -1.6281894              -0.8172131
           167              -1.4060441              -1.6281894              -0.4086065
           168              -1.5466485              -1.6281894               0.0000000
           169               0.0000000              -1.2211421              -4.4946713
           170              -0.1406044              -1.2211421              -4.0860648
           171              -0.2812088              -1.2211421              -3.6774583
           172              -0.4218133              -1.2211421              -3.2688518
           173              -0.5624177              -1.2211421              -2.8602452
           174              -0.7030221              -1.2211421              -2.4516389
           175              -0.8436266              -1.2211421              -2.0430324
           176              -0.9842309              -1.2211421              -1.6344259
           177              -1.1248354              -1.2211421              -1.2258193
           178              -1.2654399              -1.2211421              -0.8172131
           179              -1.4060441              -1.2211421              -0.4086065
           180              -1.5466485              -1.2211421               0.0000000
           181               0.0000000              -0.8140947              -4.4946713
           182              -0.1406044              -0.8140947              -4.0860648
           183              -0.2812088              -0.8140947              -3.6774583
           184              -0.4218133              -0.8140947              -3.2688518
           185              -0.5624177              -0.8140947              -2.8602452
           186              -0.7030221              -0.8140947              -2.4516389
           187              -0.8436266              -0.8140947              -2.0430324
           188              -0.9842309              -0.8140947              -1.6344259
           189              -1.1248354              -0.8140947              -1.2258193
           190              -1.2654399              -0.8140947              -0.8172131
           191              -1.4060441              -0.8140947              -0.4086065
           192              -1.5466485              -0.8140947               0.0000000
           193               0.0000000              -0.4070474              -4.4946713
           194              -0.1406044              -0.4070474              -4.0860648
           195              -0.2812088              -0.4070474              -3.6774583
           196              -0.4218133              -0.4070474              -3.2688518
           197              -0.5624177              -0.4070474              -2.8602452
           198              -0.7030221              -0.4070474              -2.4516389
           199              -0.8436266              -0.4070474              -2.0430324
           200              -0.9842309              -0.4070474              -1.6344259
           201              -1.1248354              -0.4070474              -1.2258193
           202              -1.2654399              -0.4070474              -0.8172131
           203              -1.4060441              -0.4070474              -0.4086065
           204              -1.5466485              -0.4070474               0.0000000
           205               0.0000000               0.0000000              -4.4946713
           206              -0.1406044               0.0000000              -4.0860648
           207              -0.2812088               0.0000000              -3.6774583
           208              -0.4218133               0.0000000              -3.2688518
           209              -0.5624177               0.0000000              -2.8602452
           210              -0.7030221               0.0000000              -2.4516389
           211              -0.8436266               0.0000000              -2.0430324
           212              -0.9842309               0.0000000              -1.6344259
           213              -1.1248354               0.0000000              -1.2258193
           214              -1.2654399               0.0000000              -0.8172131
           215              -1.4060441               0.0000000              -0.4086065
           216              -1.5466485               0.0000000               0.0000000
           217               0.0000000               0.4070474              -4.4946713
           218              -0.1406044               0.4070474              -4.0860648
           219              -0.2812088               0.4070474              -3.6774583
           220              -0.4218133               0.4070474              -3.2688518
           221              -0.5624177               0.4070474              -2.8602452
           222              -0.7030221               0.4070474              -2.4516389
           223              -0.8436266               0.4070474              -2.0430324
           224              -0.9842309               0.4070474              -1.6344259
           225              -1.1248354               0.4070474              -1.2258193
           226              -1.2654399               0.4070474              -0.8172131
           227              -1.4060441               0.4070474              -0.4086065
           228              -1.5466485               0.4070474               0.0000000
           229               0.0000000               0.8140947              -4.4946713
           230              -0.1406044               0.8140947              -4.0860648
           231              -0.2812088               0.8140947              -3.6774583
           232              -0.4218133               0.8140947              -3.2688518
           233              -0.5624177               0.8140947              -2.8602452
           234              -0.7030221               0.8140947              -2.4516389
           235              -0.8436266               0.8140947              -2.0430324
           236              -0.9842309               0.8140947              -1.6344259
           237              -1.1248354               0.8140947              -1.2258193
           238              -1.2654399               0.8140947              -0.8172131
           239              -1.4060441               0.8140947              -0.4086065
           240              -1.5466485               0.8140947               0.0000000
           241               0.0000000               1.2211422              -4.4946713
           242              -0.1406044               1.2211422              -4.0860648
           243              -0.2812088               1.2211422              -3.6774583
           244              -0.4218133               1.2211422              -3.2688518
           245              -0.5624177               1.2211422              -2.8602452
           246              -0.7030221               1.2211422              -2.4516389
           247              -0.8436266               1.2211422              -2.0430324
           248              -0.9842309               1.2211422              -1.6344259
           249              -1.1248354               1.2211422              -1.2258193
           250              -1.2654399               1.2211422              -0.8172131
           251              -1.4060441               1.2211422              -0.4086065
           252              -1.5466485               1.2211422               0.0000000
           253               0.0000000               1.6281894              -4.4946713
           254              -0.1406044               1.6281894              -4.0860648
           255              -0.2812088               1.6281894              -3.6774583
           256              -0.4218133               1.6281894              -3.2688518
           257              -0.5624177               1.6281894              -2.8602452
           258              -0.7030221               1.6281894              -2.4516389
           259              -0.8436266               1.6281894              -2.0430324
           260              -0.9842309               1.6281894              -1.6344259
           261              -1.1248354               1.6281894              -1.2258193
           262              -1.2654399               1.6281894              -0.8172131
           263              -1.4060441               1.6281894              -0.4086065
           264              -1.5466485               1.6281894               0.0000000
             0          0.00          0.00          0.00
               1               2              14              13
               2               3              15              14
               3               4              16              15
               4               5              17              16
               5               6              18              17
               6               7              19              18
               7               8              20              19
               8               9              21              20
               9              10              22              21
              10              11              23              22
              11              12              24              23
              25              26              38              37
              26              27              39              38
              27              28              40              39
              28              29              41              40
              29              30              42              41
              30              31              43              42
              31              32              44              43
              32              33              45              44
              33              34              46              45
              34              35              47              46
              35              36              48              47
              37              38              50              49
              38              39              51              50
              39              40              52              51
              40              41              53              52
              41              42              54              53
              42              43              55              54
              43              44              56              55
              44              45              57              56
              45              46              58              57
              46              47              59              58
              47              48              60              59
              49              50              62              61
              50              51              63              62
              51              52              64              63
              52              53              65              64
              53              54              66              65
              54              55              67              66
              55              56              68              67
              56              57              69              68
              57              58              70              69
              58              59              71              70
              59              60              72              71
              61              62              74              73
              62              63              75              74
              63              64              76              75
              64              65              77              76
              65              66              78              77
              66              67              79              78
              67              68              80              79
              68              69              81              80
              69              70              82              81
              70              71              83              82
              71              72              84              83
              73              74              86              85
              74              75              87              86
              75              76              88              87
              76              77              89              88
              77              78              90              89
              78              79              91              90
              79              80              92              91
              80              81              93              92
              81              82              94              93
              82              83              95              94
              83              84              96              95
              85              86              98              97
              86              87              99              98
              87              88             100              99
              88              89             101             100
              89              90             102             101
              90              91             103             102
              91              92             104             103
              92              93             105             104
              93              94             106             105
              94              95             107             106
              95              96             108             107
              97              98             110             109
              98              99             111             110
              99             100             112             111
             100             101             113             112
             101             102             114             113
             102             103             115             114
             103             104             116             115
             104             105             117             116
             105             106             118             117
             106             107             119             118
             107             108             120             119
             109             110             122             121
             110             111             123             122
             111             112             124             123
             112             113             125             124
             113             114             126             125
             114             115             127             126
             115             116             128             127
             116             117             129             128
             117             118             130             129
             118             119             131             130
             119             120             132             131
             133             134             146             145
             134             135             147             146
             135             136             148             147
             136             137             149             148
             137             138             150             149
             138             139             151             150
             139             140             152             151
             140             141             153             152
             141             142             154             153
             142             143             155             154
             143             144             156             155
             157             158             170             169
             158             159             171             170
             159             160             172             171
             160             161             173             172
             161             162             174             173
             162             163             175             174
             163             164             176             175
             164             165             177             176
             165             166             178             177
             166             167             179             178
             167             168             180             179
             169             170             182             181
             170             171             183             182
             171             172             184             183
             172             173             185             184
             173             174             186             185
             174             175             187             186
             175             176             188             187
             176             177             189             188
             177             178             190             189
             178             179             191             190
             179             180             192             191
             181             182             194             193
             182             183             195             194
             183             184             196             195
             184             185             197             196
             185             186             198             197
             186             187             199             198
             187             188             200             199
             188             189             201             200
             189             190             202             201
             190             191             203             202
             191             192             204             203
             193             194             206             205
             194             195             207             206
             195             196             208             207
             196             197             209             208
             197             198             210             209
             198             199             211             210
             199             200             212             211
             200             201             213             212
             201             202             214             213
             202             203             215             214
             203             204             216             215
             205             206             218             217
             206             207             219             218
             207             208             220             219
             208             209             221             220
             209             210             222             221
             210             211             223             222
             211             212             224             223
             212             213             225             224
             213             214             226             225
             214             215             227             226
             215             216             228             227
             217             218             230             229
             218             219             231             230
             219             220             232             231
             220             221             233             232
             221             222             234             233
             222             223             235             234
             223             224             236             235
             224             225             237             236
             225             226             238             237
             226             227             239             238
             227             228             240             239
             229             230             242             241
             230             231             243             242
             231             232             244             243
             232             233             245             244
             233             234             246             245
             234             235             247             246
             235             236             248             247
             236             237             249             248
             237             238             250             249
             238             239             251             250
             239             240             252             251
             241             242             254             253
             242             243             255             254
             243             244             256             255
             244             245             257             256
             245             246             258             257
             246             247             259             258
             247             248             260             259
             248             249             261             260
             249             250             262             261
             250             251             263             262
             251             252             264             263
          0          0          0          0
