                    2          0
             1               0.0000000               0.0000000              -7.3017774
             2               0.2510635               0.0972625              -6.6379795
             3               0.5021269               0.1945250              -5.9741817
             4               0.7531904               0.2917875              -5.3103833
             5               1.0042539               0.3890500              -4.6465855
             6               1.2553172               0.4863125              -3.9827876
             7               1.5063808               0.5835750              -3.3189895
             8               1.7574443               0.6808375              -2.6551919
             9               2.0085077               0.7781000              -1.9913940
            10               2.2595711               0.8753625              -1.3275957
            11               2.5106344               0.9726250              -0.6637979
            12               2.7616980               1.0698875               0.0000000
            13               0.0000000               0.0000000              -7.3017774
            14               0.2692449               0.0000000              -6.6379795
            15               0.5384899               0.0000000              -5.9741817
            16               0.8077348               0.0000000              -5.3103833
            17               1.0769798               0.0000000              -4.6465855
            18               1.3462248               0.0000000              -3.9827876
            19               1.6154697               0.0000000              -3.3189895
            20               1.8847146               0.0000000              -2.6551919
            21               2.1539595               0.0000000              -1.9913940
            22               2.4232047               0.0000000              -1.3275957
            23               2.6924496               0.0000000              -0.6637979
            24               2.9616945               0.0000000               0.0000000
            25               0.0000000               0.0000000              -7.3017774
            26               0.1989744               0.1813892              -6.6379795
            27               0.3979488               0.3627783              -5.9741817
            28               0.5969232               0.5441675              -5.3103833
            29               0.7958977               0.7255566              -4.6465855
            30               0.9948721               0.9069458              -3.9827876
            31               1.1938465               1.0883349              -3.3189895
            32               1.3928208               1.2697240              -2.6551919
            33               1.5917953               1.4511132              -1.9913940
            34               1.7907697               1.6325024              -1.3275957
            35               1.9897442               1.8138916              -0.6637979
            36               2.1887186               1.9952807               0.0000000
            37               0.0000000               0.0000000              -7.3017774
            38               0.2510635               0.0972625              -6.6379795
            39               0.5021269               0.1945250              -5.9741817
            40               0.7531904               0.2917875              -5.3103833
            41               1.0042539               0.3890500              -4.6465855
            42               1.2553172               0.4863125              -3.9827876
            43               1.5063808               0.5835750              -3.3189895
            44               1.7574443               0.6808375              -2.6551919
            45               2.0085077               0.7781000              -1.9913940
            46               2.2595711               0.8753625              -1.3275957
            47               2.5106344               0.9726250              -0.6637979
            48               2.7616980               1.0698875               0.0000000
            49               0.0000000               0.0000000              -7.3017774
            50               0.1200128               0.2410182              -6.6379795
            51               0.2400256               0.4820364              -5.9741817
            52               0.3600384               0.7230546              -5.3103833
            53               0.4800512               0.9640728              -4.6465855
            54               0.6000640               1.2050910              -3.9827876
            55               0.7200768               1.4461093              -3.3189895
            56               0.8400896               1.6871276              -2.6551919
            57               0.9601024               1.9281456              -1.9913940
            58               1.0801152               2.1691637              -1.3275957
            59               1.2001281               2.4101820              -0.6637979
            60               1.3201408               2.6512003               0.0000000
            61               0.0000000               0.0000000              -7.3017774
            62               0.1989744               0.1813892              -6.6379795
            63               0.3979488               0.3627783              -5.9741817
            64               0.5969232               0.5441675              -5.3103833
            65               0.7958977               0.7255566              -4.6465855
            66               0.9948721               0.9069458              -3.9827876
            67               1.1938465               1.0883349              -3.3189895
            68               1.3928208               1.2697240              -2.6551919
            69               1.5917953               1.4511132              -1.9913940
            70               1.7907697               1.6325024              -1.3275957
            71               1.9897442               1.8138916              -0.6637979
            72               2.1887186               1.9952807               0.0000000
            73               0.0000000               0.0000000              -7.3017774
            74               0.0248428               0.2680964              -6.6379795
            75               0.0496856               0.5361928              -5.9741817
            76               0.0745284               0.8042892              -5.3103833
            77               0.0993712               1.0723857              -4.6465855
            78               0.1242140               1.3404820              -3.9827876
            79               0.1490567               1.6085784              -3.3189895
            80               0.1738995               1.8766748              -2.6551919
            81               0.1987423               2.1447713              -1.9913940
            82               0.2235851               2.4128675              -1.3275957
            83               0.2484279               2.6809640              -0.6637979
            84               0.2732707               2.9490607               0.0000000
            85               0.0000000               0.0000000              -7.3017774
            86               0.1200128               0.2410182              -6.6379795
            87               0.2400256               0.4820364              -5.9741817
            88               0.3600384               0.7230546              -5.3103833
            89               0.4800512               0.9640728              -4.6465855
            90               0.6000640               1.2050910              -3.9827876
            91               0.7200768               1.4461093              -3.3189895
            92               0.8400896               1.6871276              -2.6551919
            93               0.9601024               1.9281456              -1.9913940
            94               1.0801152               2.1691637              -1.3275957
            95               1.2001281               2.4101820              -0.6637979
            96               1.3201408               2.6512003               0.0000000
            97               0.0000000               0.0000000              -7.3017774
            98              -0.0736824               0.2589667              -6.6379795
            99              -0.1473648               0.5179334              -5.9741817
           100              -0.2210471               0.7769001              -5.3103833
           101              -0.2947295               1.0358669              -4.6465855
           102              -0.3684119               1.2948335              -3.9827876
           103              -0.4420943               1.5538002              -3.3189895
           104              -0.5157767               1.8127670              -2.6551919
           105              -0.5894591               2.0717337              -1.9913940
           106              -0.6631415               2.3307002              -1.3275957
           107              -0.7368239               2.5896671              -0.6637979
           108              -0.8105062               2.8486338               0.0000000
           109               0.0000000               0.0000000              -7.3017774
           110               0.0248428               0.2680964              -6.6379795
           111               0.0496856               0.5361928              -5.9741817
           112               0.0745284               0.8042892              -5.3103833
           113               0.0993712               1.0723857              -4.6465855
           114               0.1242140               1.3404820              -3.9827876
           115               0.1490568               1.6085784              -3.3189895
           116               0.1738995               1.8766748              -2.6551919
           117               0.1987423               2.1447713              -1.9913940
           118               0.2235851               2.4128675              -1.3275957
           119               0.2484279               2.6809640              -0.6637979
           120               0.2732707               2.9490607               0.0000000
           121               0.0000000               0.0000000              -7.3017774
           122              -0.1622563               0.2148621              -6.6379795
           123              -0.3245127               0.4297242              -5.9741817
           124              -0.4867690               0.6445863              -5.3103833
           125              -0.6490254               0.8594484              -4.6465855
           126              -0.8112817               1.0743105              -3.9827876
           127              -0.9735380               1.2891726              -3.3189895
           128              -1.1357944               1.5040348              -2.6551919
           129              -1.2980508               1.7188969              -1.9913940
           130              -1.4603070               1.9337590              -1.3275957
           131              -1.6225635               2.1486211              -0.6637979
           132              -1.7848197               2.3634832               0.0000000
           133               0.0000000               0.0000000              -7.3017774
           134              -0.0736824               0.2589667              -6.6379795
           135              -0.1473648               0.5179334              -5.9741817
           136              -0.2210471               0.7769001              -5.3103833
           137              -0.2947295               1.0358669              -4.6465855
           138              -0.3684119               1.2948335              -3.9827876
           139              -0.4420943               1.5538002              -3.3189895
           140              -0.5157767               1.8127670              -2.6551919
           141              -0.5894591               2.0717337              -1.9913940
           142              -0.6631415               2.3307002              -1.3275957
           143              -0.7368239               2.5896671              -0.6637979
           144              -0.8105062               2.8486338               0.0000000
           145               0.0000000               0.0000000              -7.3017774
           146              -0.2289167               0.1417392              -6.6379795
           147              -0.4578333               0.2834784              -5.9741817
           148              -0.6867500               0.4252176              -5.3103833
           149              -0.9156666               0.5669568              -4.6465855
           150              -1.1445833               0.7086959              -3.9827876
           151              -1.3735000               0.8504352              -3.3189895
           152              -1.6024166               0.9921743              -2.6551919
           153              -1.8313333               1.1339135              -1.9913940
           154              -2.0602500               1.2756528              -1.3275957
           155              -2.2891667               1.4173919              -0.6637979
           156              -2.5180833               1.5591311               0.0000000
           157               0.0000000               0.0000000              -7.3017774
           158              -0.1622563               0.2148621              -6.6379795
           159              -0.3245127               0.4297242              -5.9741817
           160              -0.4867690               0.6445863              -5.3103833
           161              -0.6490254               0.8594484              -4.6465855
           162              -0.8112817               1.0743105              -3.9827876
           163              -0.9735380               1.2891726              -3.3189895
           164              -1.1357944               1.5040348              -2.6551919
           165              -1.2980508               1.7188969              -1.9913940
           166              -1.4603070               1.9337590              -1.3275957
           167              -1.6225635               2.1486211              -0.6637979
           168              -1.7848197               2.3634832               0.0000000
           169               0.0000000               0.0000000              -7.3017774
           170              -0.2646606               0.0494736              -6.6379795
           171              -0.5293211               0.0989473              -5.9741817
           172              -0.7939816               0.1484209              -5.3103833
           173              -1.0586423               0.1978945              -4.6465855
           174              -1.3233027               0.2473681              -3.9827876
           175              -1.5879632               0.2968417              -3.3189895
           176              -1.8526238               0.3463154              -2.6551919
           177              -2.1172845               0.3957890              -1.9913940
           178              -2.3819449               0.4452626              -1.3275957
           179              -2.6466055               0.4947363              -0.6637979
           180              -2.9112661               0.5442099               0.0000000
           181               0.0000000               0.0000000              -7.3017774
           182              -0.2289167               0.1417392              -6.6379795
           183              -0.4578333               0.2834784              -5.9741817
           184              -0.6867500               0.4252176              -5.3103833
           185              -0.9156666               0.5669568              -4.6465855
           186              -1.1445833               0.7086959              -3.9827876
           187              -1.3735000               0.8504352              -3.3189895
           188              -1.6024166               0.9921743              -2.6551919
           189              -1.8313333               1.1339135              -1.9913940
           190              -2.0602500               1.2756528              -1.3275957
           191              -2.2891667               1.4173919              -0.6637979
           192              -2.5180833               1.5591311               0.0000000
           193               0.0000000               0.0000000              -7.3017774
           194              -0.2646606              -0.0494736              -6.6379795
           195              -0.5293211              -0.0989473              -5.9741817
           196              -0.7939816              -0.1484209              -5.3103833
           197              -1.0586423              -0.1978945              -4.6465855
           198              -1.3233027              -0.2473681              -3.9827876
           199              -1.5879632              -0.2968417              -3.3189895
           200              -1.8526238              -0.3463154              -2.6551919
           201              -2.1172845              -0.3957890              -1.9913940
           202              -2.3819449              -0.4452626              -1.3275957
           203              -2.6466055              -0.4947363              -0.6637979
           204              -2.9112661              -0.5442099               0.0000000
           205               0.0000000               0.0000000              -7.3017774
           206              -0.2646606               0.0494736              -6.6379795
           207              -0.5293211               0.0989473              -5.9741817
           208              -0.7939816               0.1484209              -5.3103833
           209              -1.0586423               0.1978945              -4.6465855
           210              -1.3233027               0.2473681              -3.9827876
           211              -1.5879632               0.2968417              -3.3189895
           212              -1.8526238               0.3463154              -2.6551919
           213              -2.1172845               0.3957890              -1.9913940
           214              -2.3819449               0.4452626              -1.3275957
           215              -2.6466055               0.4947363              -0.6637979
           216              -2.9112661               0.5442099               0.0000000
           217               0.0000000               0.0000000              -7.3017774
           218              -0.2289167              -0.1417392              -6.6379795
           219              -0.4578333              -0.2834784              -5.9741817
           220              -0.6867500              -0.4252176              -5.3103833
           221              -0.9156666              -0.5669568              -4.6465855
           222              -1.1445833              -0.7086959              -3.9827876
           223              -1.3735000              -0.8504352              -3.3189895
           224              -1.6024166              -0.9921743              -2.6551919
           225              -1.8313333              -1.1339135              -1.9913940
           226              -2.0602500              -1.2756528              -1.3275957
           227              -2.2891667              -1.4173919              -0.6637979
           228              -2.5180833              -1.5591311               0.0000000
           229               0.0000000               0.0000000              -7.3017774
           230              -0.2646606              -0.0494736              -6.6379795
           231              -0.5293211              -0.0989473              -5.9741817
           232              -0.7939816              -0.1484209              -5.3103833
           233              -1.0586423              -0.1978945              -4.6465855
           234              -1.3233027              -0.2473682              -3.9827876
           235              -1.5879632              -0.2968418              -3.3189895
           236              -1.8526238              -0.3463154              -2.6551919
           237              -2.1172845              -0.3957891              -1.9913940
           238              -2.3819449              -0.4452627              -1.3275957
           239              -2.6466055              -0.4947363              -0.6637979
           240              -2.9112661              -0.5442100               0.0000000
           241               0.0000000               0.0000000              -7.3017774
           242              -0.1622563              -0.2148621              -6.6379795
           243              -0.3245127              -0.4297242              -5.9741817
           244              -0.4867690              -0.6445863              -5.3103833
           245              -0.6490254              -0.8594484              -4.6465855
           246              -0.8112817              -1.0743105              -3.9827876
           247              -0.9735380              -1.2891726              -3.3189895
           248              -1.1357944              -1.5040348              -2.6551919
           249              -1.2980508              -1.7188969              -1.9913940
           250              -1.4603070              -1.9337590              -1.3275957
           251              -1.6225635              -2.1486211              -0.6637979
           252              -1.7848197              -2.3634832               0.0000000
           253               0.0000000               0.0000000              -7.3017774
           254              -0.2289167              -0.1417392              -6.6379795
           255              -0.4578333              -0.2834784              -5.9741817
           256              -0.6867500              -0.4252176              -5.3103833
           257              -0.9156666              -0.5669568              -4.6465855
           258              -1.1445833              -0.7086959              -3.9827876
           259              -1.3735000              -0.8504352              -3.3189895
           260              -1.6024166              -0.9921743              -2.6551919
           261              -1.8313333              -1.1339135              -1.9913940
           262              -2.0602500              -1.2756528              -1.3275957
           263              -2.2891667              -1.4173919              -0.6637979
           264              -2.5180833              -1.5591311               0.0000000
           265               0.0000000               0.0000000              -7.3017774
           266              -0.0736824              -0.2589667              -6.6379795
           267              -0.1473648              -0.5179334              -5.9741817
           268              -0.2210471              -0.7769001              -5.3103833
           269              -0.2947295              -1.0358669              -4.6465855
           270              -0.3684119              -1.2948335              -3.9827876
           271              -0.4420943              -1.5538002              -3.3189895
           272              -0.5157767              -1.8127670              -2.6551919
           273              -0.5894591              -2.0717337              -1.9913940
           274              -0.6631415              -2.3307002              -1.3275957
           275              -0.7368239              -2.5896671              -0.6637979
           276              -0.8105062              -2.8486338               0.0000000
           277               0.0000000               0.0000000              -7.3017774
           278              -0.1622563              -0.2148621              -6.6379795
           279              -0.3245127              -0.4297242              -5.9741817
           280              -0.4867690              -0.6445863              -5.3103833
           281              -0.6490254              -0.8594484              -4.6465855
           282              -0.8112817              -1.0743105              -3.9827876
           283              -0.9735380              -1.2891726              -3.3189895
           284              -1.1357944              -1.5040348              -2.6551919
           285              -1.2980508              -1.7188969              -1.9913940
           286              -1.4603070              -1.9337590              -1.3275957
           287              -1.6225635              -2.1486211              -0.6637979
           288              -1.7848197              -2.3634832               0.0000000
           289               0.0000000               0.0000000              -7.3017774
           290               0.0248428              -0.2680964              -6.6379795
           291               0.0496856              -0.5361928              -5.9741817
           292               0.0745284              -0.8042892              -5.3103833
           293               0.0993712              -1.0723857              -4.6465855
           294               0.1242140              -1.3404820              -3.9827876
           295               0.1490567              -1.6085784              -3.3189895
           296               0.1738995              -1.8766748              -2.6551919
           297               0.1987423              -2.1447713              -1.9913940
           298               0.2235851              -2.4128675              -1.3275957
           299               0.2484279              -2.6809640              -0.6637979
           300               0.2732707              -2.9490607               0.0000000
           301               0.0000000               0.0000000              -7.3017774
           302              -0.0736824              -0.2589667              -6.6379795
           303              -0.1473648              -0.5179334              -5.9741817
           304              -0.2210471              -0.7769001              -5.3103833
           305              -0.2947295              -1.0358669              -4.6465855
           306              -0.3684119              -1.2948335              -3.9827876
           307              -0.4420943              -1.5538002              -3.3189895
           308              -0.5157767              -1.8127670              -2.6551919
           309              -0.5894591              -2.0717337              -1.9913940
           310              -0.6631415              -2.3307002              -1.3275957
           311              -0.7368239              -2.5896671              -0.6637979
           312              -0.8105062              -2.8486338               0.0000000
           313               0.0000000               0.0000000              -7.3017774
           314               0.1200128              -0.2410182              -6.6379795
           315               0.2400256              -0.4820364              -5.9741817
           316               0.3600384              -0.7230546              -5.3103833
           317               0.4800512              -0.9640728              -4.6465855
           318               0.6000640              -1.2050910              -3.9827876
           319               0.7200768              -1.4461093              -3.3189895
           320               0.8400896              -1.6871276              -2.6551919
           321               0.9601024              -1.9281456              -1.9913940
           322               1.0801152              -2.1691637              -1.3275957
           323               1.2001281              -2.4101820              -0.6637979
           324               1.3201408              -2.6512003               0.0000000
           325               0.0000000               0.0000000              -7.3017774
           326               0.0248428              -0.2680964              -6.6379795
           327               0.0496856              -0.5361928              -5.9741817
           328               0.0745284              -0.8042892              -5.3103833
           329               0.0993712              -1.0723857              -4.6465855
           330               0.1242140              -1.3404820              -3.9827876
           331               0.1490568              -1.6085784              -3.3189895
           332               0.1738995              -1.8766748              -2.6551919
           333               0.1987423              -2.1447713              -1.9913940
           334               0.2235851              -2.4128675              -1.3275957
           335               0.2484279              -2.6809640              -0.6637979
           336               0.2732707              -2.9490607               0.0000000
           337               0.0000000               0.0000000              -7.3017774
           338               0.1989744              -0.1813892              -6.6379795
           339               0.3979488              -0.3627783              -5.9741817
           340               0.5969232              -0.5441675              -5.3103833
           341               0.7958977              -0.7255566              -4.6465855
           342               0.9948721              -0.9069458              -3.9827876
           343               1.1938465              -1.0883349              -3.3189895
           344               1.3928208              -1.2697240              -2.6551919
           345               1.5917953              -1.4511132              -1.9913940
           346               1.7907697              -1.6325024              -1.3275957
           347               1.9897442              -1.8138916              -0.6637979
           348               2.1887186              -1.9952807               0.0000000
           349               0.0000000               0.0000000              -7.3017774
           350               0.1200128              -0.2410182              -6.6379795
           351               0.2400256              -0.4820364              -5.9741817
           352               0.3600384              -0.7230546              -5.3103833
           353               0.4800512              -0.9640728              -4.6465855
           354               0.6000640              -1.2050910              -3.9827876
           355               0.7200768              -1.4461093              -3.3189895
           356               0.8400896              -1.6871276              -2.6551919
           357               0.9601024              -1.9281456              -1.9913940
           358               1.0801152              -2.1691637              -1.3275957
           359               1.2001281              -2.4101820              -0.6637979
           360               1.3201408              -2.6512003               0.0000000
           361               0.0000000               0.0000000              -7.3017774
           362               0.2510635              -0.0972625              -6.6379795
           363               0.5021269              -0.1945250              -5.9741817
           364               0.7531904              -0.2917875              -5.3103833
           365               1.0042539              -0.3890500              -4.6465855
           366               1.2553172              -0.4863125              -3.9827876
           367               1.5063808              -0.5835750              -3.3189895
           368               1.7574443              -0.6808375              -2.6551919
           369               2.0085077              -0.7781000              -1.9913940
           370               2.2595711              -0.8753625              -1.3275957
           371               2.5106344              -0.9726250              -0.6637979
           372               2.7616980              -1.0698875               0.0000000
           373               0.0000000               0.0000000              -7.3017774
           374               0.1989744              -0.1813892              -6.6379795
           375               0.3979488              -0.3627783              -5.9741817
           376               0.5969232              -0.5441675              -5.3103833
           377               0.7958977              -0.7255566              -4.6465855
           378               0.9948721              -0.9069458              -3.9827876
           379               1.1938465              -1.0883349              -3.3189895
           380               1.3928208              -1.2697240              -2.6551919
           381               1.5917953              -1.4511132              -1.9913940
           382               1.7907697              -1.6325024              -1.3275957
           383               1.9897442              -1.8138916              -0.6637979
           384               2.1887186              -1.9952807               0.0000000
           385               0.0000000               0.0000000              -7.3017774
           386               0.2692449               0.0000000              -6.6379795
           387               0.5384899               0.0000000              -5.9741817
           388               0.8077348               0.0000000              -5.3103833
           389               1.0769798               0.0000000              -4.6465855
           390               1.3462248               0.0000000              -3.9827876
           391               1.6154697               0.0000000              -3.3189895
           392               1.8847146               0.0000000              -2.6551919
           393               2.1539595               0.0000000              -1.9913940
           394               2.4232047               0.0000000              -1.3275957
           395               2.6924496               0.0000000              -0.6637979
           396               2.9616945               0.0000000               0.0000000
           397               0.0000000               0.0000000              -7.3017774
           398               0.2510635              -0.0972625              -6.6379795
           399               0.5021269              -0.1945250              -5.9741817
           400               0.7531904              -0.2917875              -5.3103833
           401               1.0042539              -0.3890500              -4.6465855
           402               1.2553172              -0.4863125              -3.9827876
           403               1.5063808              -0.5835750              -3.3189895
           404               1.7574443              -0.6808375              -2.6551919
           405               2.0085077              -0.7781000              -1.9913940
           406               2.2595711              -0.8753625              -1.3275957
           407               2.5106344              -0.9726250              -0.6637979
           408               2.7616980              -1.0698875               0.0000000
             0          0.00          0.00          0.00
               1               2              14              13
               2               3              15              14
               3               4              16              15
               4               5              17              16
               5               6              18              17
               6               7              19              18
               7               8              20              19
               8               9              21              20
               9              10              22              21
              10              11              23              22
              11              12              24              23
              25              26              38              37
              26              27              39              38
              27              28              40              39
              28              29              41              40
              29              30              42              41
              30              31              43              42
              31              32              44              43
              32              33              45              44
              33              34              46              45
              34              35              47              46
              35              36              48              47
              49              50              62              61
              50              51              63              62
              51              52              64              63
              52              53              65              64
              53              54              66              65
              54              55              67              66
              55              56              68              67
              56              57              69              68
              57              58              70              69
              58              59              71              70
              59              60              72              71
              73              74              86              85
              74              75              87              86
              75              76              88              87
              76              77              89              88
              77              78              90              89
              78              79              91              90
              79              80              92              91
              80              81              93              92
              81              82              94              93
              82              83              95              94
              83              84              96              95
              97              98             110             109
              98              99             111             110
              99             100             112             111
             100             101             113             112
             101             102             114             113
             102             103             115             114
             103             104             116             115
             104             105             117             116
             105             106             118             117
             106             107             119             118
             107             108             120             119
             121             122             134             133
             122             123             135             134
             123             124             136             135
             124             125             137             136
             125             126             138             137
             126             127             139             138
             127             128             140             139
             128             129             141             140
             129             130             142             141
             130             131             143             142
             131             132             144             143
             145             146             158             157
             146             147             159             158
             147             148             160             159
             148             149             161             160
             149             150             162             161
             150             151             163             162
             151             152             164             163
             152             153             165             164
             153             154             166             165
             154             155             167             166
             155             156             168             167
             169             170             182             181
             170             171             183             182
             171             172             184             183
             172             173             185             184
             173             174             186             185
             174             175             187             186
             175             176             188             187
             176             177             189             188
             177             178             190             189
             178             179             191             190
             179             180             192             191
             193             194             206             205
             194             195             207             206
             195             196             208             207
             196             197             209             208
             197             198             210             209
             198             199             211             210
             199             200             212             211
             200             201             213             212
             201             202             214             213
             202             203             215             214
             203             204             216             215
             217             218             230             229
             218             219             231             230
             219             220             232             231
             220             221             233             232
             221             222             234             233
             222             223             235             234
             223             224             236             235
             224             225             237             236
             225             226             238             237
             226             227             239             238
             227             228             240             239
             241             242             254             253
             242             243             255             254
             243             244             256             255
             244             245             257             256
             245             246             258             257
             246             247             259             258
             247             248             260             259
             248             249             261             260
             249             250             262             261
             250             251             263             262
             251             252             264             263
             265             266             278             277
             266             267             279             278
             267             268             280             279
             268             269             281             280
             269             270             282             281
             270             271             283             282
             271             272             284             283
             272             273             285             284
             273             274             286             285
             274             275             287             286
             275             276             288             287
             289             290             302             301
             290             291             303             302
             291             292             304             303
             292             293             305             304
             293             294             306             305
             294             295             307             306
             295             296             308             307
             296             297             309             308
             297             298             310             309
             298             299             311             310
             299             300             312             311
             313             314             326             325
             314             315             327             326
             315             316             328             327
             316             317             329             328
             317             318             330             329
             318             319             331             330
             319             320             332             331
             320             321             333             332
             321             322             334             333
             322             323             335             334
             323             324             336             335
             337             338             350             349
             338             339             351             350
             339             340             352             351
             340             341             353             352
             341             342             354             353
             342             343             355             354
             343             344             356             355
             344             345             357             356
             345             346             358             357
             346             347             359             358
             347             348             360             359
             361             362             374             373
             362             363             375             374
             363             364             376             375
             364             365             377             376
             365             366             378             377
             366             367             379             378
             367             368             380             379
             368             369             381             380
             369             370             382             381
             370             371             383             382
             371             372             384             383
             385             386             398             397
             386             387             399             398
             387             388             400             399
             388             389             401             400
             389             390             402             401
             390             391             403             402
             391             392             404             403
             392             393             405             404
             393             394             406             405
             394             395             407             406
             395             396             408             407
          0          0          0          0
