                    2          0
             1               3.9609144               1.5344664              -1.7594781
             2               4.1240888               1.5976804              -0.8797390
             3               4.2872629               1.6608945               0.0000000
             4               4.1043353               0.7672332              -1.7594781
             5               4.2734175               0.7988402              -0.8797390
             6               4.4425001               0.8304473               0.0000000
             7               4.2477560               0.0000000              -1.7594781
             8               4.4227467               0.0000000              -0.8797390
             9               4.5977378               0.0000000               0.0000000
            10               3.0315528               1.1744298              -3.2510917
            11               3.4962335               1.3544481              -2.5052848
            12               3.9609144               1.5344664              -1.7594781
            13               3.1413221               0.5872149              -3.2510917
            14               3.6228287               0.6772240              -2.5052848
            15               4.1043353               0.7672332              -1.7594781
            16               3.2510917               0.0000000              -3.2510917
            17               3.7494240               0.0000000              -2.5052848
            18               4.2477560               0.0000000              -1.7594781
            19               1.6406645               0.6355968              -4.2477560
            20               2.3361087               0.9050133              -3.7494240
            21               3.0315528               1.1744298              -3.2510917
            22               1.7594781               0.0000000              -4.2477560
            23               2.5052848               0.0000000              -3.7494240
            24               3.2510917               0.0000000              -3.2510917
            25               0.0000000               0.0000000              -4.5977378
            26               0.8203322               0.3177984              -4.4227467
            27               1.6406645               0.6355968              -4.2477560
            28               0.0000000               0.0000000              -4.5977378
            29               0.8797390               0.0000000              -4.4227467
            30               1.7594781               0.0000000              -4.2477560
            31               3.1391294               2.8616948              -1.7594781
            32               3.2684493               2.9795854              -0.8797390
            33               3.3977692               3.0974760               0.0000000
            34               3.5500219               2.1980805              -1.7594781
            35               3.6962690               2.2886329              -0.8797390
            36               3.8425159               2.3791852               0.0000000
            37               3.9609144               1.5344664              -1.7594781
            38               4.1240888               1.5976804              -0.8797390
            39               4.2872629               1.6608945               0.0000000
            40               2.4025857               2.1902463              -3.2510917
            41               2.7708576               2.5259705              -2.5052848
            42               3.1391294               2.8616948              -1.7594781
            43               2.7170691               1.6823380              -3.2510917
            44               3.1335454               1.9402093              -2.5052848
            45               3.5500219               2.1980805              -1.7594781
            46               3.0315528               1.1744298              -3.2510917
            47               3.4962335               1.3544481              -2.5052848
            48               3.9609144               1.5344664              -1.7594781
            49               1.3002700               1.1853527              -4.2477560
            50               1.8514278               1.6877995              -3.7494240
            51               2.4025857               2.1902463              -3.2510917
            52               1.6406645               0.6355968              -4.2477560
            53               2.3361087               0.9050133              -3.7494240
            54               3.0315528               1.1744298              -3.2510917
            55               0.0000000               0.0000000              -4.5977378
            56               0.6501350               0.5926763              -4.4227467
            57               1.3002700               1.1853527              -4.2477560
            58               0.0000000               0.0000000              -4.5977378
            59               0.8203322               0.3177984              -4.4227467
            60               1.6406645               0.6355968              -4.2477560
            61               1.8933877               3.8024352              -1.7594781
            62               1.9713879               3.9590807              -0.8797390
            63               2.0493882               4.1157260               0.0000000
            64               2.5162585               3.3320651              -1.7594781
            65               2.6199186               3.4693332              -0.8797390
            66               2.7235787               3.6066010               0.0000000
            67               3.1391294               2.8616948              -1.7594781
            68               3.2684493               2.9795854              -0.8797390
            69               3.3977692               3.0974760               0.0000000
            70               1.4491363               2.9102578              -3.2510917
            71               1.6712620               3.3563466              -2.5052848
            72               1.8933877               3.8024352              -1.7594781
            73               1.9258610               2.5502520              -3.2510917
            74               2.2210598               2.9411585              -2.5052848
            75               2.5162585               3.3320651              -1.7594781
            76               2.4025857               2.1902463              -3.2510917
            77               2.7708576               2.5259705              -2.5052848
            78               3.1391294               2.8616948              -1.7594781
            79               0.7842669               1.5750202              -4.2477560
            80               1.1167016               2.2426391              -3.7494240
            81               1.4491363               2.9102578              -3.2510917
            82               1.3002700               1.1853527              -4.2477560
            83               1.8514278               1.6877995              -3.7494240
            84               2.4025857               2.1902463              -3.2510917
            85               0.0000000               0.0000000              -4.5977378
            86               0.3921334               0.7875101              -4.4227467
            87               0.7842669               1.5750202              -4.2477560
            88               0.0000000               0.0000000              -4.5977378
            89               0.6501350               0.5926763              -4.4227467
            90               1.3002700               1.1853527              -4.2477560
            91               0.3919335               4.2296357              -1.7594781
            92               0.4080796               4.4038801              -0.8797390
            93               0.4242257               4.5781245               0.0000000
            94               1.1426606               4.0160356              -1.7594781
            95               1.1897337               4.1814804              -0.8797390
            96               1.2368069               4.3469253               0.0000000
            97               1.8933876               3.8024352              -1.7594781
            98               1.9713879               3.9590807              -0.8797390
            99               2.0493882               4.1157260               0.0000000
           100               0.2999729               3.2372231              -3.2510917
           101               0.3459532               3.7334294              -2.5052848
           102               0.3919335               4.2296357              -1.7594781
           103               0.8745546               3.0737405              -3.2510917
           104               1.0086076               3.5448880              -2.5052848
           105               1.1426606               4.0160356              -1.7594781
           106               1.4491363               2.9102578              -3.2510917
           107               1.6712619               3.3563466              -2.5052848
           108               1.8933876               3.8024352              -1.7594781
           109               0.1623442               1.7519726              -4.2477560
           110               0.2311586               2.4945979              -3.7494240
           111               0.2999729               3.2372231              -3.2510917
           112               0.7842669               1.5750202              -4.2477560
           113               1.1167016               2.2426391              -3.7494240
           114               1.4491363               2.9102578              -3.2510917
           115               0.0000000               0.0000000              -4.5977378
           116               0.0811721               0.8759863              -4.4227467
           117               0.1623442               1.7519726              -4.2477560
           118               0.0000000               0.0000000              -4.5977378
           119               0.3921334               0.7875101              -4.4227467
           120               0.7842669               1.5750202              -4.2477560
           121              -1.1624537               4.0856004              -1.7594781
           122              -1.2103422               4.2539110              -0.8797390
           123              -1.2582307               4.4222221               0.0000000
           124              -0.3852601               4.1576180              -1.7594781
           125              -0.4011313               4.3288956              -0.8797390
           126              -0.4170025               4.5001736               0.0000000
           127               0.3919334               4.2296357              -1.7594781
           128               0.4080796               4.4038801              -0.8797390
           129               0.4242257               4.5781245               0.0000000
           130              -0.8897035               3.1269834              -3.2510917
           131              -1.0260786               3.6062918              -2.5052848
           132              -1.1624537               4.0856004              -1.7594781
           133              -0.2948653               3.1821032              -3.2510917
           134              -0.3400627               3.6698606              -2.5052848
           135              -0.3852601               4.1576180              -1.7594781
           136               0.2999729               3.2372231              -3.2510917
           137               0.3459532               3.7334294              -2.5052848
           138               0.3919334               4.2296357              -1.7594781
           139              -0.4815040               1.6923112              -4.2477560
           140              -0.6856037               2.4096472              -3.7494240
           141              -0.8897035               3.1269834              -3.2510917
           142               0.1623442               1.7519726              -4.2477560
           143               0.2311585               2.4945979              -3.7494240
           144               0.2999729               3.2372231              -3.2510917
           145               0.0000000               0.0000000              -4.5977378
           146              -0.2407520               0.8461556              -4.4227467
           147              -0.4815040               1.6923112              -4.2477560
           148               0.0000000               0.0000000              -4.5977378
           149               0.0811721               0.8759863              -4.4227467
           150               0.1623442               1.7519726              -4.2477560
           151              -2.5598447               3.3897824              -1.7594781
           152              -2.6653004               3.5294282              -0.8797390
           153              -2.7707560               3.6690741               0.0000000
           154              -1.8611492               3.7376914              -1.7594781
           155              -1.9378214               3.8916698              -0.8797390
           156              -2.0144935               4.0456481               0.0000000
           157              -1.1624537               4.0856004              -1.7594781
           158              -1.2103422               4.2539110              -0.8797390
           159              -1.2582307               4.4222221               0.0000000
           160              -1.9592204               2.5944271              -3.2510917
           161              -2.2595325               2.9921048              -2.5052848
           162              -2.5598447               3.3897824              -1.7594781
           163              -1.4244620               2.8607054              -3.2510917
           164              -1.6428056               3.2991984              -2.5052848
           165              -1.8611492               3.7376914              -1.7594781
           166              -0.8897035               3.1269834              -3.2510917
           167              -1.0260786               3.6062918              -2.5052848
           168              -1.1624537               4.0856004              -1.7594781
           169              -1.0603225               1.4040937              -4.2477560
           170              -1.5097715               1.9992604              -3.7494240
           171              -1.9592204               2.5944271              -3.2510917
           172              -0.4815040               1.6923112              -4.2477560
           173              -0.6856037               2.4096472              -3.7494240
           174              -0.8897035               3.1269834              -3.2510917
           175               0.0000000               0.0000000              -4.5977378
           176              -0.5301613               0.7020469              -4.4227467
           177              -1.0603225               1.4040937              -4.2477560
           178               0.0000000               0.0000000              -4.5977378
           179              -0.2407520               0.8461556              -4.4227467
           180              -0.4815040               1.6923112              -4.2477560
           181              -3.6115148               2.2361553              -1.7594781
           182              -3.7602952               2.3282762              -0.8797390
           183              -3.9090755               2.4203970               0.0000000
           184              -3.0856798               2.8129687              -1.7594781
           185              -3.2127976               2.9288521              -0.8797390
           186              -3.3399158               3.0447354               0.0000000
           187              -2.5598447               3.3897824              -1.7594781
           188              -2.6653004               3.5294282              -0.8797390
           189              -2.7707560               3.6690741               0.0000000
           190              -2.7641337               1.7114792              -3.2510917
           191              -3.1878242               1.9738172              -2.5052848
           192              -3.6115148               2.2361553              -1.7594781
           193              -2.3616772               2.1529531              -3.2510917
           194              -2.7236786               2.4829609              -2.5052848
           195              -3.0856798               2.8129687              -1.7594781
           196              -1.9592204               2.5944271              -3.2510917
           197              -2.2595325               2.9921048              -2.5052848
           198              -2.5598447               3.3897824              -1.7594781
           199              -1.4959384               0.9262459              -4.2477560
           200              -2.1300361               1.3188626              -3.7494240
           201              -2.7641337               1.7114792              -3.2510917
           202              -1.0603225               1.4040937              -4.2477560
           203              -1.5097715               1.9992604              -3.7494240
           204              -1.9592204               2.5944271              -3.2510917
           205               0.0000000               0.0000000              -4.5977378
           206              -0.7479692               0.4631230              -4.4227467
           207              -1.4959384               0.9262459              -4.2477560
           208               0.0000000               0.0000000              -4.5977378
           209              -0.5301613               0.7020469              -4.4227467
           210              -1.0603225               1.4040937              -4.2477560
           211              -4.1754298               0.7805231              -1.7594781
           212              -4.3474412               0.8126776              -0.8797390
           213              -4.5194526               0.8448321               0.0000000
           214              -3.8934722               1.5083392              -1.7594781
           215              -4.0538683               1.5704769              -0.8797390
           216              -4.2142639               1.6326146               0.0000000
           217              -3.6115148               2.2361553              -1.7594781
           218              -3.7602952               2.3282762              -0.8797390
           219              -3.9090755               2.4203970               0.0000000
           220              -3.1957357               0.5973865              -3.2510917
           221              -3.6855826               0.6889548              -2.5052848
           222              -4.1754298               0.7805231              -1.7594781
           223              -2.9799347               1.1544328              -3.2510917
           224              -3.4367034               1.3313860              -2.5052848
           225              -3.8934722               1.5083392              -1.7594781
           226              -2.7641337               1.7114792              -3.2510917
           227              -3.1878242               1.9738172              -2.5052848
           228              -3.6115148               2.2361553              -1.7594781
           229              -1.7295197               0.3233033              -4.2477560
           230              -2.4626276               0.4603449              -3.7494240
           231              -3.1957357               0.5973865              -3.2510917
           232              -1.4959384               0.9262459              -4.2477560
           233              -2.1300361               1.3188626              -3.7494240
           234              -2.7641337               1.7114792              -3.2510917
           235               0.0000000               0.0000000              -4.5977378
           236              -0.8647599               0.1616517              -4.4227467
           237              -1.7295197               0.3233033              -4.2477560
           238               0.0000000               0.0000000              -4.5977378
           239              -0.7479692               0.4631230              -4.4227467
           240              -1.4959384               0.9262459              -4.2477560
           241              -4.1754298              -0.7805231              -1.7594781
           242              -4.3474412              -0.8126776              -0.8797390
           243              -4.5194526              -0.8448321               0.0000000
           244              -4.1754298               0.0000000              -1.7594781
           245              -4.3474412               0.0000000              -0.8797390
           246              -4.5194526               0.0000000               0.0000000
           247              -4.1754298               0.7805231              -1.7594781
           248              -4.3474412               0.8126776              -0.8797390
           249              -4.5194526               0.8448321               0.0000000
           250              -3.1957357              -0.5973865              -3.2510917
           251              -3.6855826              -0.6889548              -2.5052848
           252              -4.1754298              -0.7805231              -1.7594781
           253              -3.1957357               0.0000000              -3.2510917
           254              -3.6855826               0.0000000              -2.5052848
           255              -4.1754298               0.0000000              -1.7594781
           256              -3.1957357               0.5973865              -3.2510917
           257              -3.6855826               0.6889548              -2.5052848
           258              -4.1754298               0.7805231              -1.7594781
           259              -1.7295197              -0.3233033              -4.2477560
           260              -2.4626276              -0.4603449              -3.7494240
           261              -3.1957357              -0.5973865              -3.2510917
           262              -1.7295197               0.3233033              -4.2477560
           263              -2.4626276               0.4603449              -3.7494240
           264              -3.1957357               0.5973865              -3.2510917
           265               0.0000000               0.0000000              -4.5977378
           266              -0.8647599              -0.1616517              -4.4227467
           267              -1.7295197              -0.3233033              -4.2477560
           268               0.0000000               0.0000000              -4.5977378
           269              -0.8647599               0.1616517              -4.4227467
           270              -1.7295197               0.3233033              -4.2477560
           271              -3.6115148              -2.2361553              -1.7594781
           272              -3.7602952              -2.3282762              -0.8797390
           273              -3.9090755              -2.4203970               0.0000000
           274              -3.8934722              -1.5083392              -1.7594781
           275              -4.0538683              -1.5704769              -0.8797390
           276              -4.2142639              -1.6326146               0.0000000
           277              -4.1754298              -0.7805231              -1.7594781
           278              -4.3474412              -0.8126776              -0.8797390
           279              -4.5194526              -0.8448322               0.0000000
           280              -2.7641337              -1.7114792              -3.2510917
           281              -3.1878242              -1.9738172              -2.5052848
           282              -3.6115148              -2.2361553              -1.7594781
           283              -2.9799347              -1.1544328              -3.2510917
           284              -3.4367034              -1.3313860              -2.5052848
           285              -3.8934722              -1.5083392              -1.7594781
           286              -3.1957357              -0.5973865              -3.2510917
           287              -3.6855826              -0.6889548              -2.5052848
           288              -4.1754298              -0.7805231              -1.7594781
           289              -1.4959384              -0.9262459              -4.2477560
           290              -2.1300361              -1.3188626              -3.7494240
           291              -2.7641337              -1.7114792              -3.2510917
           292              -1.7295197              -0.3233033              -4.2477560
           293              -2.4626276              -0.4603449              -3.7494240
           294              -3.1957357              -0.5973865              -3.2510917
           295               0.0000000               0.0000000              -4.5977378
           296              -0.7479692              -0.4631230              -4.4227467
           297              -1.4959384              -0.9262459              -4.2477560
           298               0.0000000               0.0000000              -4.5977378
           299              -0.8647599              -0.1616517              -4.4227467
           300              -1.7295197              -0.3233033              -4.2477560
           301              -2.5598447              -3.3897824              -1.7594781
           302              -2.6653004              -3.5294282              -0.8797390
           303              -2.7707560              -3.6690741               0.0000000
           304              -3.0856798              -2.8129687              -1.7594781
           305              -3.2127976              -2.9288521              -0.8797390
           306              -3.3399158              -3.0447354               0.0000000
           307              -3.6115148              -2.2361553              -1.7594781
           308              -3.7602952              -2.3282762              -0.8797390
           309              -3.9090755              -2.4203970               0.0000000
           310              -1.9592204              -2.5944271              -3.2510917
           311              -2.2595325              -2.9921048              -2.5052848
           312              -2.5598447              -3.3897824              -1.7594781
           313              -2.3616772              -2.1529531              -3.2510917
           314              -2.7236786              -2.4829609              -2.5052848
           315              -3.0856798              -2.8129687              -1.7594781
           316              -2.7641337              -1.7114792              -3.2510917
           317              -3.1878242              -1.9738172              -2.5052848
           318              -3.6115148              -2.2361553              -1.7594781
           319              -1.0603225              -1.4040937              -4.2477560
           320              -1.5097715              -1.9992604              -3.7494240
           321              -1.9592204              -2.5944271              -3.2510917
           322              -1.4959384              -0.9262459              -4.2477560
           323              -2.1300361              -1.3188626              -3.7494240
           324              -2.7641337              -1.7114792              -3.2510917
           325               0.0000000               0.0000000              -4.5977378
           326              -0.5301613              -0.7020469              -4.4227467
           327              -1.0603225              -1.4040937              -4.2477560
           328               0.0000000               0.0000000              -4.5977378
           329              -0.7479692              -0.4631230              -4.4227467
           330              -1.4959384              -0.9262459              -4.2477560
           331              -1.1624537              -4.0856004              -1.7594781
           332              -1.2103422              -4.2539110              -0.8797390
           333              -1.2582307              -4.4222221               0.0000000
           334              -1.8611492              -3.7376914              -1.7594781
           335              -1.9378214              -3.8916698              -0.8797390
           336              -2.0144935              -4.0456481               0.0000000
           337              -2.5598447              -3.3897824              -1.7594781
           338              -2.6653004              -3.5294282              -0.8797390
           339              -2.7707560              -3.6690741               0.0000000
           340              -0.8897035              -3.1269834              -3.2510917
           341              -1.0260786              -3.6062918              -2.5052848
           342              -1.1624537              -4.0856004              -1.7594781
           343              -1.4244620              -2.8607054              -3.2510917
           344              -1.6428056              -3.2991984              -2.5052848
           345              -1.8611492              -3.7376914              -1.7594781
           346              -1.9592204              -2.5944271              -3.2510917
           347              -2.2595325              -2.9921048              -2.5052848
           348              -2.5598447              -3.3897824              -1.7594781
           349              -0.4815040              -1.6923112              -4.2477560
           350              -0.6856037              -2.4096472              -3.7494240
           351              -0.8897035              -3.1269834              -3.2510917
           352              -1.0603225              -1.4040937              -4.2477560
           353              -1.5097715              -1.9992604              -3.7494240
           354              -1.9592204              -2.5944271              -3.2510917
           355               0.0000000               0.0000000              -4.5977378
           356              -0.2407520              -0.8461556              -4.4227467
           357              -0.4815040              -1.6923112              -4.2477560
           358               0.0000000               0.0000000              -4.5977378
           359              -0.5301613              -0.7020469              -4.4227467
           360              -1.0603225              -1.4040937              -4.2477560
           361               0.3919335              -4.2296357              -1.7594781
           362               0.4080796              -4.4038801              -0.8797390
           363               0.4242257              -4.5781245               0.0000000
           364              -0.3852600              -4.1576180              -1.7594781
           365              -0.4011313              -4.3288956              -0.8797390
           366              -0.4170025              -4.5001736               0.0000000
           367              -1.1624537              -4.0856004              -1.7594781
           368              -1.2103422              -4.2539110              -0.8797390
           369              -1.2582307              -4.4222221               0.0000000
           370               0.2999729              -3.2372231              -3.2510917
           371               0.3459532              -3.7334294              -2.5052848
           372               0.3919335              -4.2296357              -1.7594781
           373              -0.2948653              -3.1821032              -3.2510917
           374              -0.3400627              -3.6698606              -2.5052848
           375              -0.3852600              -4.1576180              -1.7594781
           376              -0.8897035              -3.1269834              -3.2510917
           377              -1.0260786              -3.6062918              -2.5052848
           378              -1.1624537              -4.0856004              -1.7594781
           379               0.1623442              -1.7519726              -4.2477560
           380               0.2311586              -2.4945979              -3.7494240
           381               0.2999729              -3.2372231              -3.2510917
           382              -0.4815040              -1.6923112              -4.2477560
           383              -0.6856037              -2.4096472              -3.7494240
           384              -0.8897035              -3.1269834              -3.2510917
           385               0.0000000               0.0000000              -4.5977378
           386               0.0811721              -0.8759863              -4.4227467
           387               0.1623442              -1.7519726              -4.2477560
           388               0.0000000               0.0000000              -4.5977378
           389              -0.2407520              -0.8461556              -4.4227467
           390              -0.4815040              -1.6923112              -4.2477560
           391               1.8933877              -3.8024352              -1.7594781
           392               1.9713879              -3.9590807              -0.8797390
           393               2.0493882              -4.1157260               0.0000000
           394               1.1426606              -4.0160356              -1.7594781
           395               1.1897337              -4.1814804              -0.8797390
           396               1.2368069              -4.3469253               0.0000000
           397               0.3919336              -4.2296357              -1.7594781
           398               0.4080796              -4.4038801              -0.8797390
           399               0.4242257              -4.5781245               0.0000000
           400               1.4491363              -2.9102578              -3.2510917
           401               1.6712620              -3.3563466              -2.5052848
           402               1.8933877              -3.8024352              -1.7594781
           403               0.8745546              -3.0737405              -3.2510917
           404               1.0086076              -3.5448880              -2.5052848
           405               1.1426606              -4.0160356              -1.7594781
           406               0.2999729              -3.2372231              -3.2510917
           407               0.3459532              -3.7334294              -2.5052848
           408               0.3919336              -4.2296357              -1.7594781
           409               0.7842669              -1.5750202              -4.2477560
           410               1.1167016              -2.2426391              -3.7494240
           411               1.4491363              -2.9102578              -3.2510917
           412               0.1623442              -1.7519726              -4.2477560
           413               0.2311586              -2.4945979              -3.7494240
           414               0.2999729              -3.2372231              -3.2510917
           415               0.0000000               0.0000000              -4.5977378
           416               0.3921334              -0.7875101              -4.4227467
           417               0.7842669              -1.5750202              -4.2477560
           418               0.0000000               0.0000000              -4.5977378
           419               0.0811721              -0.8759863              -4.4227467
           420               0.1623442              -1.7519726              -4.2477560
           421               3.1391294              -2.8616948              -1.7594781
           422               3.2684493              -2.9795854              -0.8797390
           423               3.3977692              -3.0974760               0.0000000
           424               2.5162585              -3.3320651              -1.7594781
           425               2.6199186              -3.4693332              -0.8797390
           426               2.7235787              -3.6066010               0.0000000
           427               1.8933877              -3.8024352              -1.7594781
           428               1.9713879              -3.9590807              -0.8797390
           429               2.0493882              -4.1157260               0.0000000
           430               2.4025857              -2.1902463              -3.2510917
           431               2.7708576              -2.5259705              -2.5052848
           432               3.1391294              -2.8616948              -1.7594781
           433               1.9258610              -2.5502520              -3.2510917
           434               2.2210598              -2.9411585              -2.5052848
           435               2.5162585              -3.3320651              -1.7594781
           436               1.4491363              -2.9102578              -3.2510917
           437               1.6712620              -3.3563466              -2.5052848
           438               1.8933877              -3.8024352              -1.7594781
           439               1.3002700              -1.1853527              -4.2477560
           440               1.8514278              -1.6877995              -3.7494240
           441               2.4025857              -2.1902463              -3.2510917
           442               0.7842669              -1.5750202              -4.2477560
           443               1.1167016              -2.2426391              -3.7494240
           444               1.4491363              -2.9102578              -3.2510917
           445               0.0000000               0.0000000              -4.5977378
           446               0.6501350              -0.5926763              -4.4227467
           447               1.3002700              -1.1853527              -4.2477560
           448               0.0000000               0.0000000              -4.5977378
           449               0.3921334              -0.7875101              -4.4227467
           450               0.7842669              -1.5750202              -4.2477560
           451               3.9609144              -1.5344664              -1.7594781
           452               4.1240888              -1.5976804              -0.8797390
           453               4.2872629              -1.6608945               0.0000000
           454               3.5500219              -2.1980805              -1.7594781
           455               3.6962690              -2.2886329              -0.8797390
           456               3.8425159              -2.3791852               0.0000000
           457               3.1391294              -2.8616948              -1.7594781
           458               3.2684493              -2.9795854              -0.8797390
           459               3.3977692              -3.0974760               0.0000000
           460               3.0315528              -1.1744298              -3.2510917
           461               3.4962335              -1.3544481              -2.5052848
           462               3.9609144              -1.5344664              -1.7594781
           463               2.7170691              -1.6823380              -3.2510917
           464               3.1335454              -1.9402093              -2.5052848
           465               3.5500219              -2.1980805              -1.7594781
           466               2.4025857              -2.1902463              -3.2510917
           467               2.7708576              -2.5259705              -2.5052848
           468               3.1391294              -2.8616948              -1.7594781
           469               1.6406645              -0.6355968              -4.2477560
           470               2.3361087              -0.9050133              -3.7494240
           471               3.0315528              -1.1744298              -3.2510917
           472               1.3002700              -1.1853527              -4.2477560
           473               1.8514278              -1.6877995              -3.7494240
           474               2.4025857              -2.1902463              -3.2510917
           475               0.0000000               0.0000000              -4.5977378
           476               0.8203322              -0.3177984              -4.4227467
           477               1.6406645              -0.6355968              -4.2477560
           478               0.0000000               0.0000000              -4.5977378
           479               0.6501350              -0.5926763              -4.4227467
           480               1.3002700              -1.1853527              -4.2477560
           481               4.2477560               0.0000000              -1.7594781
           482               4.4227467               0.0000000              -0.8797390
           483               4.5977378               0.0000000               0.0000000
           484               4.1043353              -0.7672332              -1.7594781
           485               4.2734175              -0.7988402              -0.8797390
           486               4.4425001              -0.8304473               0.0000000
           487               3.9609144              -1.5344664              -1.7594781
           488               4.1240888              -1.5976804              -0.8797390
           489               4.2872629              -1.6608945               0.0000000
           490               3.2510917               0.0000000              -3.2510917
           491               3.7494240               0.0000000              -2.5052848
           492               4.2477560               0.0000000              -1.7594781
           493               3.1413221              -0.5872149              -3.2510917
           494               3.6228287              -0.6772240              -2.5052848
           495               4.1043353              -0.7672332              -1.7594781
           496               3.0315528              -1.1744298              -3.2510917
           497               3.4962335              -1.3544481              -2.5052848
           498               3.9609144              -1.5344664              -1.7594781
           499               1.7594781               0.0000000              -4.2477560
           500               2.5052848               0.0000000              -3.7494240
           501               3.2510917               0.0000000              -3.2510917
           502               1.6406645              -0.6355968              -4.2477560
           503               2.3361087              -0.9050133              -3.7494240
           504               3.0315528              -1.1744298              -3.2510917
           505               0.0000000               0.0000000              -4.5977378
           506               0.8797390               0.0000000              -4.4227467
           507               1.7594781               0.0000000              -4.2477560
           508               0.0000000               0.0000000              -4.5977378
           509               0.8203322              -0.3177984              -4.4227467
           510               1.6406645              -0.6355968              -4.2477560
             0          0.00          0.00          0.00
               1               2               5               4
               2               3               6               5
               4               5               8               7
               5               6               9               8
              10              11              14              13
              11              12              15              14
              13              14              17              16
              14              15              18              17
              19              20              23              22
              20              21              24              23
              25              26              29              28
              26              27              30              29
              31              32              35              34
              32              33              36              35
              34              35              38              37
              35              36              39              38
              40              41              44              43
              41              42              45              44
              43              44              47              46
              44              45              48              47
              49              50              53              52
              50              51              54              53
              55              56              59              58
              56              57              60              59
              61              62              65              64
              62              63              66              65
              64              65              68              67
              65              66              69              68
              70              71              74              73
              71              72              75              74
              73              74              77              76
              74              75              78              77
              79              80              83              82
              80              81              84              83
              85              86              89              88
              86              87              90              89
              91              92              95              94
              92              93              96              95
              94              95              98              97
              95              96              99              98
             100             101             104             103
             101             102             105             104
             103             104             107             106
             104             105             108             107
             109             110             113             112
             110             111             114             113
             115             116             119             118
             116             117             120             119
             121             122             125             124
             122             123             126             125
             124             125             128             127
             125             126             129             128
             130             131             134             133
             131             132             135             134
             133             134             137             136
             134             135             138             137
             139             140             143             142
             140             141             144             143
             145             146             149             148
             146             147             150             149
             151             152             155             154
             152             153             156             155
             154             155             158             157
             155             156             159             158
             160             161             164             163
             161             162             165             164
             163             164             167             166
             164             165             168             167
             169             170             173             172
             170             171             174             173
             175             176             179             178
             176             177             180             179
             181             182             185             184
             182             183             186             185
             184             185             188             187
             185             186             189             188
             190             191             194             193
             191             192             195             194
             193             194             197             196
             194             195             198             197
             199             200             203             202
             200             201             204             203
             205             206             209             208
             206             207             210             209
             211             212             215             214
             212             213             216             215
             214             215             218             217
             215             216             219             218
             220             221             224             223
             221             222             225             224
             223             224             227             226
             224             225             228             227
             229             230             233             232
             230             231             234             233
             235             236             239             238
             236             237             240             239
             241             242             245             244
             242             243             246             245
             244             245             248             247
             245             246             249             248
             250             251             254             253
             251             252             255             254
             253             254             257             256
             254             255             258             257
             259             260             263             262
             260             261             264             263
             265             266             269             268
             266             267             270             269
             271             272             275             274
             272             273             276             275
             274             275             278             277
             275             276             279             278
             280             281             284             283
             281             282             285             284
             283             284             287             286
             284             285             288             287
             289             290             293             292
             290             291             294             293
             295             296             299             298
             296             297             300             299
             301             302             305             304
             302             303             306             305
             304             305             308             307
             305             306             309             308
             310             311             314             313
             311             312             315             314
             313             314             317             316
             314             315             318             317
             319             320             323             322
             320             321             324             323
             325             326             329             328
             326             327             330             329
             331             332             335             334
             332             333             336             335
             334             335             338             337
             335             336             339             338
             340             341             344             343
             341             342             345             344
             343             344             347             346
             344             345             348             347
             349             350             353             352
             350             351             354             353
             355             356             359             358
             356             357             360             359
             361             362             365             364
             362             363             366             365
             364             365             368             367
             365             366             369             368
             370             371             374             373
             371             372             375             374
             373             374             377             376
             374             375             378             377
             379             380             383             382
             380             381             384             383
             385             386             389             388
             386             387             390             389
             391             392             395             394
             392             393             396             395
             394             395             398             397
             395             396             399             398
             400             401             404             403
             401             402             405             404
             403             404             407             406
             404             405             408             407
             409             410             413             412
             410             411             414             413
             415             416             419             418
             416             417             420             419
             421             422             425             424
             422             423             426             425
             424             425             428             427
             425             426             429             428
             430             431             434             433
             431             432             435             434
             433             434             437             436
             434             435             438             437
             439             440             443             442
             440             441             444             443
             445             446             449             448
             446             447             450             449
             451             452             455             454
             452             453             456             455
             454             455             458             457
             455             456             459             458
             460             461             464             463
             461             462             465             464
             463             464             467             466
             464             465             468             467
             469             470             473             472
             470             471             474             473
             475             476             479             478
             476             477             480             479
             481             482             485             484
             482             483             486             485
             484             485             488             487
             485             486             489             488
             490             491             494             493
             491             492             495             494
             493             494             497             496
             494             495             498             497
             499             500             503             502
             500             501             504             503
             505             506             509             508
             506             507             510             509
          0          0          0          0
