                    2          0
             1               2.7307951               1.0579157              -6.5976219
             2               2.7307951               1.0579157              -5.4980183
             3               2.7307951               1.0579157              -4.3984146
             4               2.7307951               1.0579157              -3.2988110
             5               2.7307951               1.0579157              -2.1992073
             6               2.7307951               1.0579157              -1.0996037
             7               2.7307951               1.0579157               0.0000000
             8               2.9285538               0.0000000              -6.5976219
             9               2.9285538               0.0000000              -5.4980183
            10               2.9285538               0.0000000              -4.3984146
            11               2.9285538               0.0000000              -3.2988110
            12               2.9285538               0.0000000              -2.1992073
            13               2.9285538               0.0000000              -1.0996037
            14               2.9285538               0.0000000               0.0000000
            15               2.1642275               1.9729540              -6.5976219
            16               2.1642275               1.9729540              -5.4980183
            17               2.1642275               1.9729540              -4.3984146
            18               2.1642275               1.9729540              -3.2988110
            19               2.1642275               1.9729540              -2.1992073
            20               2.1642275               1.9729540              -1.0996037
            21               2.1642275               1.9729540               0.0000000
            22               2.7307951               1.0579157              -6.5976219
            23               2.7307951               1.0579157              -5.4980183
            24               2.7307951               1.0579157              -4.3984146
            25               2.7307951               1.0579157              -3.2988110
            26               2.7307951               1.0579157              -2.1992073
            27               2.7307951               1.0579157              -1.0996037
            28               2.7307951               1.0579157               0.0000000
            29               1.3053688               2.6215339              -6.5976219
            30               1.3053688               2.6215339              -5.4980183
            31               1.3053688               2.6215339              -4.3984146
            32               1.3053688               2.6215339              -3.2988110
            33               1.3053688               2.6215339              -2.1992073
            34               1.3053688               2.6215339              -1.0996037
            35               1.3053688               2.6215339               0.0000000
            36               2.1642275               1.9729540              -6.5976219
            37               2.1642275               1.9729540              -5.4980183
            38               2.1642275               1.9729540              -4.3984146
            39               2.1642275               1.9729540              -3.2988110
            40               2.1642275               1.9729540              -2.1992073
            41               2.1642275               1.9729540              -1.0996037
            42               2.1642275               1.9729540               0.0000000
            43               0.2702129               2.9160612              -6.5976219
            44               0.2702129               2.9160612              -5.4980183
            45               0.2702129               2.9160612              -4.3984146
            46               0.2702129               2.9160612              -3.2988110
            47               0.2702129               2.9160612              -2.1992073
            48               0.2702129               2.9160612              -1.0996037
            49               0.2702129               2.9160612               0.0000000
            50               1.3053688               2.6215339              -6.5976219
            51               1.3053688               2.6215339              -5.4980183
            52               1.3053688               2.6215339              -4.3984146
            53               1.3053688               2.6215339              -3.2988110
            54               1.3053688               2.6215339              -2.1992073
            55               1.3053688               2.6215339              -1.0996037
            56               1.3053688               2.6215339               0.0000000
            57              -0.8014368               2.8167582              -6.5976219
            58              -0.8014368               2.8167582              -5.4980183
            59              -0.8014368               2.8167582              -4.3984146
            60              -0.8014368               2.8167582              -3.2988110
            61              -0.8014368               2.8167582              -2.1992073
            62              -0.8014368               2.8167582              -1.0996037
            63              -0.8014368               2.8167582               0.0000000
            64               0.2702129               2.9160612              -6.5976219
            65               0.2702129               2.9160612              -5.4980183
            66               0.2702129               2.9160612              -4.3984146
            67               0.2702129               2.9160612              -3.2988110
            68               0.2702129               2.9160612              -2.1992073
            69               0.2702129               2.9160612              -1.0996037
            70               0.2702129               2.9160612               0.0000000
            71              -1.7648480               2.3370366              -6.5976219
            72              -1.7648480               2.3370366              -5.4980183
            73              -1.7648480               2.3370366              -4.3984146
            74              -1.7648480               2.3370366              -3.2988110
            75              -1.7648480               2.3370366              -2.1992073
            76              -1.7648480               2.3370366              -1.0996037
            77              -1.7648480               2.3370366               0.0000000
            78              -0.8014368               2.8167582              -6.5976219
            79              -0.8014368               2.8167582              -5.4980183
            80              -0.8014368               2.8167582              -4.3984146
            81              -0.8014368               2.8167582              -3.2988110
            82              -0.8014368               2.8167582              -2.1992073
            83              -0.8014368               2.8167582              -1.0996037
            84              -0.8014368               2.8167582               0.0000000
            85              -2.4899068               1.5416850              -6.5976219
            86              -2.4899068               1.5416850              -5.4980183
            87              -2.4899068               1.5416850              -4.3984146
            88              -2.4899068               1.5416850              -3.2988110
            89              -2.4899068               1.5416850              -2.1992073
            90              -2.4899068               1.5416850              -1.0996037
            91              -2.4899068               1.5416850               0.0000000
            92              -1.7648480               2.3370366              -6.5976219
            93              -1.7648480               2.3370366              -5.4980183
            94              -1.7648480               2.3370366              -4.3984146
            95              -1.7648480               2.3370366              -3.2988110
            96              -1.7648480               2.3370366              -2.1992073
            97              -1.7648480               2.3370366              -1.0996037
            98              -1.7648480               2.3370366               0.0000000
            99              -2.8786898               0.5381204              -6.5976219
           100              -2.8786898               0.5381204              -5.4980183
           101              -2.8786898               0.5381204              -4.3984146
           102              -2.8786898               0.5381204              -3.2988110
           103              -2.8786898               0.5381204              -2.1992073
           104              -2.8786898               0.5381204              -1.0996037
           105              -2.8786898               0.5381204               0.0000000
           106              -2.4899068               1.5416850              -6.5976219
           107              -2.4899068               1.5416850              -5.4980183
           108              -2.4899068               1.5416850              -4.3984146
           109              -2.4899068               1.5416850              -3.2988110
           110              -2.4899068               1.5416850              -2.1992073
           111              -2.4899068               1.5416850              -1.0996037
           112              -2.4899068               1.5416850               0.0000000
           113              -2.8786898              -0.5381204              -6.5976219
           114              -2.8786898              -0.5381204              -5.4980183
           115              -2.8786898              -0.5381204              -4.3984146
           116              -2.8786898              -0.5381204              -3.2988110
           117              -2.8786898              -0.5381204              -2.1992073
           118              -2.8786898              -0.5381204              -1.0996037
           119              -2.8786898              -0.5381204               0.0000000
           120              -2.8786898               0.5381204              -6.5976219
           121              -2.8786898               0.5381204              -5.4980183
           122              -2.8786898               0.5381204              -4.3984146
           123              -2.8786898               0.5381204              -3.2988110
           124              -2.8786898               0.5381204              -2.1992073
           125              -2.8786898               0.5381204              -1.0996037
           126              -2.8786898               0.5381204               0.0000000
           127              -2.4899068              -1.5416850              -6.5976219
           128              -2.4899068              -1.5416850              -5.4980183
           129              -2.4899068              -1.5416850              -4.3984146
           130              -2.4899068              -1.5416850              -3.2988110
           131              -2.4899068              -1.5416850              -2.1992073
           132              -2.4899068              -1.5416850              -1.0996037
           133              -2.4899068              -1.5416850               0.0000000
           134              -2.8786898              -0.5381204              -6.5976219
           135              -2.8786898              -0.5381204              -5.4980183
           136              -2.8786898              -0.5381204              -4.3984146
           137              -2.8786898              -0.5381204              -3.2988110
           138              -2.8786898              -0.5381204              -2.1992073
           139              -2.8786898              -0.5381204              -1.0996037
           140              -2.8786898              -0.5381204               0.0000000
           141              -1.7648480              -2.3370366              -6.5976219
           142              -1.7648480              -2.3370366              -5.4980183
           143              -1.7648480              -2.3370366              -4.3984146
           144              -1.7648480              -2.3370366              -3.2988110
           145              -1.7648480              -2.3370366              -2.1992073
           146              -1.7648480              -2.3370366              -1.0996037
           147              -1.7648480              -2.3370366               0.0000000
           148              -2.4899068              -1.5416850              -6.5976219
           149              -2.4899068              -1.5416850              -5.4980183
           150              -2.4899068              -1.5416850              -4.3984146
           151              -2.4899068              -1.5416850              -3.2988110
           152              -2.4899068              -1.5416850              -2.1992073
           153              -2.4899068              -1.5416850              -1.0996037
           154              -2.4899068              -1.5416850               0.0000000
           155              -0.8014368              -2.8167582              -6.5976219
           156              -0.8014368              -2.8167582              -5.4980183
           157              -0.8014368              -2.8167582              -4.3984146
           158              -0.8014368              -2.8167582              -3.2988110
           159              -0.8014368              -2.8167582              -2.1992073
           160              -0.8014368              -2.8167582              -1.0996037
           161              -0.8014368              -2.8167582               0.0000000
           162              -1.7648480              -2.3370366              -6.5976219
           163              -1.7648480              -2.3370366              -5.4980183
           164              -1.7648480              -2.3370366              -4.3984146
           165              -1.7648480              -2.3370366              -3.2988110
           166              -1.7648480              -2.3370366              -2.1992073
           167              -1.7648480              -2.3370366              -1.0996037
           168              -1.7648480              -2.3370366               0.0000000
           169               0.2702129              -2.9160612              -6.5976219
           170               0.2702129              -2.9160612              -5.4980183
           171               0.2702129              -2.9160612              -4.3984146
           172               0.2702129              -2.9160612              -3.2988110
           173               0.2702129              -2.9160612              -2.1992073
           174               0.2702129              -2.9160612              -1.0996037
           175               0.2702129              -2.9160612               0.0000000
           176              -0.8014368              -2.8167582              -6.5976219
           177              -0.8014368              -2.8167582              -5.4980183
           178              -0.8014368              -2.8167582              -4.3984146
           179              -0.8014368              -2.8167582              -3.2988110
           180              -0.8014368              -2.8167582              -2.1992073
           181              -0.8014368              -2.8167582              -1.0996037
           182              -0.8014368              -2.8167582               0.0000000
           183               1.3053688              -2.6215339              -6.5976219
           184               1.3053688              -2.6215339              -5.4980183
           185               1.3053688              -2.6215339              -4.3984146
           186               1.3053688              -2.6215339              -3.2988110
           187               1.3053688              -2.6215339              -2.1992073
           188               1.3053688              -2.6215339              -1.0996037
           189               1.3053688              -2.6215339               0.0000000
           190               0.2702129              -2.9160612              -6.5976219
           191               0.2702129              -2.9160612              -5.4980183
           192               0.2702129              -2.9160612              -4.3984146
           193               0.2702129              -2.9160612              -3.2988110
           194               0.2702129              -2.9160612              -2.1992073
           195               0.2702129              -2.9160612              -1.0996037
           196               0.2702129              -2.9160612               0.0000000
           197               2.1642275              -1.9729540              -6.5976219
           198               2.1642275              -1.9729540              -5.4980183
           199               2.1642275              -1.9729540              -4.3984146
           200               2.1642275              -1.9729540              -3.2988110
           201               2.1642275              -1.9729540              -2.1992073
           202               2.1642275              -1.9729540              -1.0996037
           203               2.1642275              -1.9729540               0.0000000
           204               1.3053688              -2.6215339              -6.5976219
           205               1.3053688              -2.6215339              -5.4980183
           206               1.3053688              -2.6215339              -4.3984146
           207               1.3053688              -2.6215339              -3.2988110
           208               1.3053688              -2.6215339              -2.1992073
           209               1.3053688              -2.6215339              -1.0996037
           210               1.3053688              -2.6215339               0.0000000
           211               2.7307951              -1.0579157              -6.5976219
           212               2.7307951              -1.0579157              -5.4980183
           213               2.7307951              -1.0579157              -4.3984146
           214               2.7307951              -1.0579157              -3.2988110
           215               2.7307951              -1.0579157              -2.1992073
           216               2.7307951              -1.0579157              -1.0996037
           217               2.7307951              -1.0579157               0.0000000
           218               2.1642275              -1.9729540              -6.5976219
           219               2.1642275              -1.9729540              -5.4980183
           220               2.1642275              -1.9729540              -4.3984146
           221               2.1642275              -1.9729540              -3.2988110
           222               2.1642275              -1.9729540              -2.1992073
           223               2.1642275              -1.9729540              -1.0996037
           224               2.1642275              -1.9729540               0.0000000
           225               2.9285538               0.0000000              -6.5976219
           226               2.9285538               0.0000000              -5.4980183
           227               2.9285538               0.0000000              -4.3984146
           228               2.9285538               0.0000000              -3.2988110
           229               2.9285538               0.0000000              -2.1992073
           230               2.9285538               0.0000000              -1.0996037
           231               2.9285538               0.0000000               0.0000000
           232               2.7307951              -1.0579157              -6.5976219
           233               2.7307951              -1.0579157              -5.4980183
           234               2.7307951              -1.0579157              -4.3984146
           235               2.7307951              -1.0579157              -3.2988110
           236               2.7307951              -1.0579157              -2.1992073
           237               2.7307951              -1.0579157              -1.0996037
           238               2.7307951              -1.0579157               0.0000000
           239               0.0000000               0.0000000              -6.5976219
           240               0.0000000               0.0000000              -6.5976219
           241               0.9761846               0.0000000              -6.5976219
           242               0.9102650               0.3526386              -6.5976219
           243               1.9523692               0.0000000              -6.5976219
           244               1.8205301               0.7052771              -6.5976219
           245               2.9285538               0.0000000              -6.5976219
           246               2.7307951               1.0579157              -6.5976219
           247               0.0000000               0.0000000              -6.5976219
           248               0.0000000               0.0000000              -6.5976219
           249               0.9102650               0.3526386              -6.5976219
           250               0.7214091               0.6576514              -6.5976219
           251               1.8205301               0.7052771              -6.5976219
           252               1.4428183               1.3153027              -6.5976219
           253               2.7307951               1.0579157              -6.5976219
           254               2.1642275               1.9729542              -6.5976219
           255               0.0000000               0.0000000              -6.5976219
           256               0.0000000               0.0000000              -6.5976219
           257               0.7214091               0.6576514              -6.5976219
           258               0.4351229               0.8738446              -6.5976219
           259               1.4428183               1.3153027              -6.5976219
           260               0.8702459               1.7476892              -6.5976219
           261               2.1642275               1.9729542              -6.5976219
           262               1.3053688               2.6215339              -6.5976219
           263               0.0000000               0.0000000              -6.5976219
           264               0.0000000               0.0000000              -6.5976219
           265               0.4351229               0.8738446              -6.5976219
           266               0.0900710               0.9720204              -6.5976219
           267               0.8702459               1.7476892              -6.5976219
           268               0.1801419               1.9440408              -6.5976219
           269               1.3053688               2.6215339              -6.5976219
           270               0.2702129               2.9160612              -6.5976219
           271               0.0000000               0.0000000              -6.5976219
           272               0.0000000               0.0000000              -6.5976219
           273               0.0900710               0.9720204              -6.5976219
           274              -0.2671456               0.9389194              -6.5976219
           275               0.1801419               1.9440408              -6.5976219
           276              -0.5342912               1.8778387              -6.5976219
           277               0.2702129               2.9160612              -6.5976219
           278              -0.8014367               2.8167582              -6.5976219
           279               0.0000000               0.0000000              -6.5976219
           280               0.0000000               0.0000000              -6.5976219
           281              -0.2671456               0.9389194              -6.5976219
           282              -0.5882826               0.7790122              -6.5976219
           283              -0.5342912               1.8778387              -6.5976219
           284              -1.1765653               1.5580244              -6.5976219
           285              -0.8014367               2.8167582              -6.5976219
           286              -1.7648481               2.3370366              -6.5976219
           287               0.0000000               0.0000000              -6.5976219
           288               0.0000000               0.0000000              -6.5976219
           289              -0.5882826               0.7790122              -6.5976219
           290              -0.8299689               0.5138950              -6.5976219
           291              -1.1765653               1.5580244              -6.5976219
           292              -1.6599379               1.0277900              -6.5976219
           293              -1.7648481               2.3370366              -6.5976219
           294              -2.4899068               1.5416850              -6.5976219
           295               0.0000000               0.0000000              -6.5976219
           296               0.0000000               0.0000000              -6.5976219
           297              -0.8299689               0.5138950              -6.5976219
           298              -0.9595633               0.1793734              -6.5976219
           299              -1.6599379               1.0277900              -6.5976219
           300              -1.9191265               0.3587469              -6.5976219
           301              -2.4899068               1.5416850              -6.5976219
           302              -2.8786898               0.5381204              -6.5976219
           303               0.0000000               0.0000000              -6.5976219
           304               0.0000000               0.0000000              -6.5976219
           305              -0.9595633               0.1793735              -6.5976219
           306              -0.9595633              -0.1793735              -6.5976219
           307              -1.9191265               0.3587469              -6.5976219
           308              -1.9191265              -0.3587469              -6.5976219
           309              -2.8786898               0.5381204              -6.5976219
           310              -2.8786898              -0.5381204              -6.5976219
           311               0.0000000               0.0000000              -6.5976219
           312               0.0000000               0.0000000              -6.5976219
           313              -0.9595633              -0.1793735              -6.5976219
           314              -0.8299689              -0.5138950              -6.5976219
           315              -1.9191265              -0.3587469              -6.5976219
           316              -1.6599379              -1.0277900              -6.5976219
           317              -2.8786898              -0.5381204              -6.5976219
           318              -2.4899068              -1.5416850              -6.5976219
           319               0.0000000               0.0000000              -6.5976219
           320               0.0000000               0.0000000              -6.5976219
           321              -0.8299689              -0.5138950              -6.5976219
           322              -0.5882826              -0.7790122              -6.5976219
           323              -1.6599379              -1.0277900              -6.5976219
           324              -1.1765653              -1.5580244              -6.5976219
           325              -2.4899068              -1.5416850              -6.5976219
           326              -1.7648481              -2.3370366              -6.5976219
           327               0.0000000               0.0000000              -6.5976219
           328               0.0000000               0.0000000              -6.5976219
           329              -0.5882826              -0.7790122              -6.5976219
           330              -0.2671456              -0.9389194              -6.5976219
           331              -1.1765653              -1.5580244              -6.5976219
           332              -0.5342912              -1.8778387              -6.5976219
           333              -1.7648481              -2.3370366              -6.5976219
           334              -0.8014367              -2.8167582              -6.5976219
           335               0.0000000               0.0000000              -6.5976219
           336               0.0000000               0.0000000              -6.5976219
           337              -0.2671456              -0.9389194              -6.5976219
           338               0.0900710              -0.9720204              -6.5976219
           339              -0.5342912              -1.8778387              -6.5976219
           340               0.1801419              -1.9440408              -6.5976219
           341              -0.8014367              -2.8167582              -6.5976219
           342               0.2702128              -2.9160612              -6.5976219
           343               0.0000000               0.0000000              -6.5976219
           344               0.0000000               0.0000000              -6.5976219
           345               0.0900710              -0.9720204              -6.5976219
           346               0.4351229              -0.8738446              -6.5976219
           347               0.1801419              -1.9440408              -6.5976219
           348               0.8702459              -1.7476892              -6.5976219
           349               0.2702129              -2.9160612              -6.5976219
           350               1.3053688              -2.6215339              -6.5976219
           351               0.0000000               0.0000000              -6.5976219
           352               0.0000000               0.0000000              -6.5976219
           353               0.4351229              -0.8738446              -6.5976219
           354               0.7214091              -0.6576514              -6.5976219
           355               0.8702459              -1.7476892              -6.5976219
           356               1.4428183              -1.3153027              -6.5976219
           357               1.3053688              -2.6215339              -6.5976219
           358               2.1642275              -1.9729542              -6.5976219
           359               0.0000000               0.0000000              -6.5976219
           360               0.0000000               0.0000000              -6.5976219
           361               0.7214091              -0.6576514              -6.5976219
           362               0.9102650              -0.3526386              -6.5976219
           363               1.4428183              -1.3153027              -6.5976219
           364               1.8205301              -0.7052771              -6.5976219
           365               2.1642275              -1.9729542              -6.5976219
           366               2.7307951              -1.0579157              -6.5976219
           367               0.0000000               0.0000000              -6.5976219
           368               0.0000000               0.0000000              -6.5976219
           369               0.9102650              -0.3526386              -6.5976219
           370               0.9761846               0.0000000              -6.5976219
           371               1.8205301              -0.7052771              -6.5976219
           372               1.9523692               0.0000000              -6.5976219
           373               2.7307951              -1.0579157              -6.5976219
           374               2.9285538               0.0000000              -6.5976219
             0          0.00          0.00          0.00
               1               2               9               8
               2               3              10               9
               3               4              11              10
               4               5              12              11
               5               6              13              12
               6               7              14              13
              15              16              23              22
              16              17              24              23
              17              18              25              24
              18              19              26              25
              19              20              27              26
              20              21              28              27
              29              30              37              36
              30              31              38              37
              31              32              39              38
              32              33              40              39
              33              34              41              40
              34              35              42              41
              43              44              51              50
              44              45              52              51
              45              46              53              52
              46              47              54              53
              47              48              55              54
              48              49              56              55
              57              58              65              64
              58              59              66              65
              59              60              67              66
              60              61              68              67
              61              62              69              68
              62              63              70              69
              71              72              79              78
              72              73              80              79
              73              74              81              80
              74              75              82              81
              75              76              83              82
              76              77              84              83
              85              86              93              92
              86              87              94              93
              87              88              95              94
              88              89              96              95
              89              90              97              96
              90              91              98              97
              99             100             107             106
             100             101             108             107
             101             102             109             108
             102             103             110             109
             103             104             111             110
             104             105             112             111
             113             114             121             120
             114             115             122             121
             115             116             123             122
             116             117             124             123
             117             118             125             124
             118             119             126             125
             127             128             135             134
             128             129             136             135
             129             130             137             136
             130             131             138             137
             131             132             139             138
             132             133             140             139
             141             142             149             148
             142             143             150             149
             143             144             151             150
             144             145             152             151
             145             146             153             152
             146             147             154             153
             155             156             163             162
             156             157             164             163
             157             158             165             164
             158             159             166             165
             159             160             167             166
             160             161             168             167
             169             170             177             176
             170             171             178             177
             171             172             179             178
             172             173             180             179
             173             174             181             180
             174             175             182             181
             183             184             191             190
             184             185             192             191
             185             186             193             192
             186             187             194             193
             187             188             195             194
             188             189             196             195
             197             198             205             204
             198             199             206             205
             199             200             207             206
             200             201             208             207
             201             202             209             208
             202             203             210             209
             211             212             219             218
             212             213             220             219
             213             214             221             220
             214             215             222             221
             215             216             223             222
             216             217             224             223
             225             226             233             232
             226             227             234             233
             227             228             235             234
             228             229             236             235
             229             230             237             236
             230             231             238             237
             239             240             242             241
             241             242             244             243
             243             244             246             245
             247             248             250             249
             249             250             252             251
             251             252             254             253
             255             256             258             257
             257             258             260             259
             259             260             262             261
             263             264             266             265
             265             266             268             267
             267             268             270             269
             271             272             274             273
             273             274             276             275
             275             276             278             277
             279             280             282             281
             281             282             284             283
             283             284             286             285
             287             288             290             289
             289             290             292             291
             291             292             294             293
             295             296             298             297
             297             298             300             299
             299             300             302             301
             303             304             306             305
             305             306             308             307
             307             308             310             309
             311             312             314             313
             313             314             316             315
             315             316             318             317
             319             320             322             321
             321             322             324             323
             323             324             326             325
             327             328             330             329
             329             330             332             331
             331             332             334             333
             335             336             338             337
             337             338             340             339
             339             340             342             341
             343             344             346             345
             345             346             348             347
             347             348             350             349
             351             352             354             353
             353             354             356             355
             355             356             358             357
             359             360             362             361
             361             362             364             363
             363             364             366             365
             367             368             370             369
             369             370             372             371
             371             372             374             373
          0          0          0          0
