                    2          0
             1               0.0000000               0.0000000              -6.4044065
             2               0.3443108               0.1333867              -5.8221879
             3               0.6886216               0.2667734              -5.2399693
             4               1.0329324               0.4001601              -4.6577501
             5               1.3772432               0.5335469              -4.0755315
             6               1.7215539               0.6669335              -3.4933126
             7               2.0658648               0.8003203              -2.9110940
             8               2.4101756               0.9337070              -2.3288751
             9               2.7544863               1.0670937              -1.7466564
            10               3.0987971               1.2004803              -1.1644373
            11               3.4431078               1.3338671              -0.5822186
            12               3.7874186               1.4672538               0.0000000
            13               0.0000000               0.0000000              -6.4044065
            14               0.3692451               0.0000000              -5.8221879
            15               0.7384902               0.0000000              -5.2399693
            16               1.1077353               0.0000000              -4.6577501
            17               1.4769803               0.0000000              -4.0755315
            18               1.8462254               0.0000000              -3.4933126
            19               2.2154706               0.0000000              -2.9110940
            20               2.5847158               0.0000000              -2.3288751
            21               2.9539607               0.0000000              -1.7466564
            22               3.3232057               0.0000000              -1.1644373
            23               3.6924508               0.0000000              -0.5822186
            24               4.0616961               0.0000000               0.0000000
            25               0.0000000               0.0000000              -6.4044065
            26               0.2728754               0.2487588              -5.8221879
            27               0.5457509               0.4975176              -5.2399693
            28               0.8186262               0.7462764              -4.6577501
            29               1.0915017               0.9950352              -4.0755315
            30               1.3643771               1.2437941              -3.4933126
            31               1.6372524               1.4925529              -2.9110940
            32               1.9101280               1.7413117              -2.3288751
            33               2.1830034               1.9900705              -1.7466564
            34               2.4558787               2.2388294              -1.1644373
            35               2.7287543               2.4875882              -0.5822186
            36               3.0016296               2.7363470               0.0000000
            37               0.0000000               0.0000000              -6.4044065
            38               0.3443108               0.1333867              -5.8221879
            39               0.6886216               0.2667734              -5.2399693
            40               1.0329324               0.4001601              -4.6577501
            41               1.3772432               0.5335469              -4.0755315
            42               1.7215539               0.6669335              -3.4933126
            43               2.0658648               0.8003203              -2.9110940
            44               2.4101756               0.9337070              -2.3288751
            45               2.7544863               1.0670937              -1.7466564
            46               3.0987971               1.2004803              -1.1644373
            47               3.4431078               1.3338671              -0.5822186
            48               3.7874186               1.4672538               0.0000000
            49               0.0000000               0.0000000              -6.4044065
            50               0.1645867               0.3305347              -5.8221879
            51               0.3291734               0.6610693              -5.2399693
            52               0.4937601               0.9916039              -4.6577501
            53               0.6583468               1.3221387              -4.0755315
            54               0.8229334               1.6526732              -3.4933126
            55               0.9875202               1.9832078              -2.9110940
            56               1.1521069               2.3137426              -2.3288751
            57               1.3166935               2.6442773              -1.7466564
            58               1.4812802               2.9748118              -1.1644373
            59               1.6458669               3.3053465              -0.5822186
            60               1.8104535               3.6358812               0.0000000
            61               0.0000000               0.0000000              -6.4044065
            62               0.2728754               0.2487588              -5.8221879
            63               0.5457509               0.4975176              -5.2399693
            64               0.8186262               0.7462764              -4.6577501
            65               1.0915017               0.9950352              -4.0755315
            66               1.3643771               1.2437941              -3.4933126
            67               1.6372524               1.4925529              -2.9110940
            68               1.9101280               1.7413117              -2.3288751
            69               2.1830034               1.9900705              -1.7466564
            70               2.4558787               2.2388294              -1.1644373
            71               2.7287543               2.4875882              -0.5822186
            72               3.0016296               2.7363470               0.0000000
            73               0.0000000               0.0000000              -6.4044065
            74               0.0340696               0.3676700              -5.8221879
            75               0.0681393               0.7353399              -5.2399693
            76               0.1022089               1.1030099              -4.6577501
            77               0.1362785               1.4706799              -4.0755315
            78               0.1703482               1.8383498              -3.4933126
            79               0.2044178               2.2060199              -2.9110940
            80               0.2384875               2.5736899              -2.3288751
            81               0.2725571               2.9413598              -1.7466564
            82               0.3066267               3.3090296              -1.1644373
            83               0.3406964               3.6766996              -0.5822186
            84               0.3747660               4.0443697               0.0000000
            85               0.0000000               0.0000000              -6.4044065
            86               0.1645867               0.3305347              -5.8221879
            87               0.3291734               0.6610693              -5.2399693
            88               0.4937601               0.9916039              -4.6577501
            89               0.6583468               1.3221387              -4.0755315
            90               0.8229334               1.6526732              -3.4933126
            91               0.9875202               1.9832078              -2.9110940
            92               1.1521069               2.3137426              -2.3288751
            93               1.3166935               2.6442773              -1.7466564
            94               1.4812802               2.9748118              -1.1644373
            95               1.6458669               3.3053465              -0.5822186
            96               1.8104535               3.6358812               0.0000000
            97               0.0000000               0.0000000              -6.4044065
            98              -0.1010487               0.3551494              -5.8221879
            99              -0.2020974               0.7102988              -5.2399693
           100              -0.3031462               1.0654483              -4.6577501
           101              -0.4041949               1.4205976              -4.0755315
           102              -0.5052436               1.7757469              -3.4933126
           103              -0.6062923               2.1308966              -2.9110940
           104              -0.7073410               2.4860458              -2.3288751
           105              -0.8083897               2.8411951              -1.7466564
           106              -0.9094385               3.1963446              -1.1644373
           107              -1.0104872               3.5514939              -0.5822186
           108              -1.1115359               3.9066432               0.0000000
           109               0.0000000               0.0000000              -6.4044065
           110               0.0340696               0.3676700              -5.8221879
           111               0.0681393               0.7353399              -5.2399693
           112               0.1022089               1.1030099              -4.6577501
           113               0.1362785               1.4706799              -4.0755315
           114               0.1703482               1.8383498              -3.4933126
           115               0.2044178               2.2060199              -2.9110940
           116               0.2384875               2.5736899              -2.3288751
           117               0.2725571               2.9413598              -1.7466564
           118               0.3066267               3.3090296              -1.1644373
           119               0.3406964               3.6766996              -0.5822186
           120               0.3747660               4.0443697               0.0000000
           121               0.0000000               0.0000000              -6.4044065
           122              -0.2225199               0.2946639              -5.8221879
           123              -0.4450397               0.5893279              -5.2399693
           124              -0.6675596               0.8839918              -4.6577501
           125              -0.8900795               1.1786557              -4.0755315
           126              -1.1125994               1.4733196              -3.4933126
           127              -1.3351192               1.7679837              -2.9110940
           128              -1.5576390               2.0626478              -2.3288751
           129              -1.7801590               2.3573115              -1.7466564
           130              -2.0026789               2.6519754              -1.1644373
           131              -2.2251987               2.9466393              -0.5822186
           132              -2.4477186               3.2413034               0.0000000
           133               0.0000000               0.0000000              -6.4044065
           134              -0.1010487               0.3551494              -5.8221879
           135              -0.2020974               0.7102988              -5.2399693
           136              -0.3031462               1.0654483              -4.6577501
           137              -0.4041949               1.4205976              -4.0755315
           138              -0.5052436               1.7757469              -3.4933126
           139              -0.6062923               2.1308966              -2.9110940
           140              -0.7073410               2.4860458              -2.3288751
           141              -0.8083897               2.8411951              -1.7466564
           142              -0.9094385               3.1963446              -1.1644373
           143              -1.0104872               3.5514939              -0.5822186
           144              -1.1115359               3.9066432               0.0000000
           145               0.0000000               0.0000000              -6.4044065
           146              -0.3139385               0.1943825              -5.8221879
           147              -0.6278770               0.3887650              -5.2399693
           148              -0.9418156               0.5831475              -4.6577501
           149              -1.2557540               0.7775300              -4.0755315
           150              -1.5696926               0.9719124              -3.4933126
           151              -1.8836311               1.1662949              -2.9110940
           152              -2.1975696               1.3606775              -2.3288751
           153              -2.5115080               1.5550599              -1.7466564
           154              -2.8254466               1.7494423              -1.1644373
           155              -3.1393852               1.9438249              -0.5822186
           156              -3.4533236               2.1382074               0.0000000
           157               0.0000000               0.0000000              -6.4044065
           158              -0.2225199               0.2946639              -5.8221879
           159              -0.4450397               0.5893279              -5.2399693
           160              -0.6675596               0.8839918              -4.6577501
           161              -0.8900795               1.1786557              -4.0755315
           162              -1.1125994               1.4733196              -3.4933126
           163              -1.3351192               1.7679837              -2.9110940
           164              -1.5576390               2.0626478              -2.3288751
           165              -1.7801590               2.3573115              -1.7466564
           166              -2.0026789               2.6519754              -1.1644373
           167              -2.2251987               2.9466393              -0.5822186
           168              -2.4477186               3.2413034               0.0000000
           169               0.0000000               0.0000000              -6.4044065
           170              -0.3629580               0.0678486              -5.8221879
           171              -0.7259160               0.1356972              -5.2399693
           172              -1.0888740               0.2035458              -4.6577501
           173              -1.4518319               0.2713944              -4.0755315
           174              -1.8147900               0.3392430              -3.4933126
           175              -2.1777480               0.4070916              -2.9110940
           176              -2.5407059               0.4749403              -2.3288751
           177              -2.9036639               0.5427889              -1.7466564
           178              -3.2666221               0.6106374              -1.1644373
           179              -3.6295800               0.6784860              -0.5822186
           180              -3.9925382               0.7463347               0.0000000
           181               0.0000000               0.0000000              -6.4044065
           182              -0.3139385               0.1943825              -5.8221879
           183              -0.6278770               0.3887650              -5.2399693
           184              -0.9418156               0.5831475              -4.6577501
           185              -1.2557540               0.7775300              -4.0755315
           186              -1.5696926               0.9719124              -3.4933126
           187              -1.8836311               1.1662949              -2.9110940
           188              -2.1975696               1.3606775              -2.3288751
           189              -2.5115080               1.5550599              -1.7466564
           190              -2.8254466               1.7494423              -1.1644373
           191              -3.1393852               1.9438249              -0.5822186
           192              -3.4533236               2.1382074               0.0000000
           193               0.0000000               0.0000000              -6.4044065
           194              -0.3629580              -0.0678486              -5.8221879
           195              -0.7259160              -0.1356972              -5.2399693
           196              -1.0888740              -0.2035458              -4.6577501
           197              -1.4518319              -0.2713944              -4.0755315
           198              -1.8147900              -0.3392430              -3.4933126
           199              -2.1777480              -0.4070916              -2.9110940
           200              -2.5407059              -0.4749403              -2.3288751
           201              -2.9036639              -0.5427889              -1.7466564
           202              -3.2666221              -0.6106374              -1.1644373
           203              -3.6295800              -0.6784860              -0.5822186
           204              -3.9925382              -0.7463347               0.0000000
           205               0.0000000               0.0000000              -6.4044065
           206              -0.3629580               0.0678486              -5.8221879
           207              -0.7259160               0.1356972              -5.2399693
           208              -1.0888740               0.2035458              -4.6577501
           209              -1.4518319               0.2713944              -4.0755315
           210              -1.8147900               0.3392430              -3.4933126
           211              -2.1777480               0.4070916              -2.9110940
           212              -2.5407059               0.4749403              -2.3288751
           213              -2.9036639               0.5427889              -1.7466564
           214              -3.2666221               0.6106374              -1.1644373
           215              -3.6295800               0.6784860              -0.5822186
           216              -3.9925382               0.7463347               0.0000000
           217               0.0000000               0.0000000              -6.4044065
           218              -0.3139385              -0.1943825              -5.8221879
           219              -0.6278770              -0.3887650              -5.2399693
           220              -0.9418156              -0.5831475              -4.6577501
           221              -1.2557540              -0.7775300              -4.0755315
           222              -1.5696926              -0.9719124              -3.4933126
           223              -1.8836311              -1.1662949              -2.9110940
           224              -2.1975696              -1.3606775              -2.3288751
           225              -2.5115080              -1.5550599              -1.7466564
           226              -2.8254466              -1.7494423              -1.1644373
           227              -3.1393852              -1.9438249              -0.5822186
           228              -3.4533236              -2.1382074               0.0000000
           229               0.0000000               0.0000000              -6.4044065
           230              -0.3629580              -0.0678486              -5.8221879
           231              -0.7259160              -0.1356972              -5.2399693
           232              -1.0888740              -0.2035458              -4.6577501
           233              -1.4518319              -0.2713944              -4.0755315
           234              -1.8147900              -0.3392430              -3.4933126
           235              -2.1777480              -0.4070916              -2.9110940
           236              -2.5407059              -0.4749403              -2.3288751
           237              -2.9036639              -0.5427889              -1.7466564
           238              -3.2666221              -0.6106374              -1.1644373
           239              -3.6295800              -0.6784860              -0.5822186
           240              -3.9925382              -0.7463347               0.0000000
           241               0.0000000               0.0000000              -6.4044065
           242              -0.2225199              -0.2946639              -5.8221879
           243              -0.4450397              -0.5893279              -5.2399693
           244              -0.6675596              -0.8839918              -4.6577501
           245              -0.8900795              -1.1786557              -4.0755315
           246              -1.1125994              -1.4733196              -3.4933126
           247              -1.3351192              -1.7679837              -2.9110940
           248              -1.5576390              -2.0626478              -2.3288751
           249              -1.7801590              -2.3573115              -1.7466564
           250              -2.0026789              -2.6519754              -1.1644373
           251              -2.2251987              -2.9466393              -0.5822186
           252              -2.4477186              -3.2413034               0.0000000
           253               0.0000000               0.0000000              -6.4044065
           254              -0.3139385              -0.1943825              -5.8221879
           255              -0.6278770              -0.3887650              -5.2399693
           256              -0.9418156              -0.5831475              -4.6577501
           257              -1.2557540              -0.7775300              -4.0755315
           258              -1.5696926              -0.9719124              -3.4933126
           259              -1.8836311              -1.1662949              -2.9110940
           260              -2.1975696              -1.3606775              -2.3288751
           261              -2.5115080              -1.5550599              -1.7466564
           262              -2.8254466              -1.7494423              -1.1644373
           263              -3.1393852              -1.9438249              -0.5822186
           264              -3.4533236              -2.1382074               0.0000000
           265               0.0000000               0.0000000              -6.4044065
           266              -0.1010487              -0.3551494              -5.8221879
           267              -0.2020974              -0.7102988              -5.2399693
           268              -0.3031462              -1.0654483              -4.6577501
           269              -0.4041949              -1.4205976              -4.0755315
           270              -0.5052436              -1.7757469              -3.4933126
           271              -0.6062923              -2.1308966              -2.9110940
           272              -0.7073410              -2.4860458              -2.3288751
           273              -0.8083897              -2.8411951              -1.7466564
           274              -0.9094385              -3.1963446              -1.1644373
           275              -1.0104872              -3.5514939              -0.5822186
           276              -1.1115359              -3.9066432               0.0000000
           277               0.0000000               0.0000000              -6.4044065
           278              -0.2225199              -0.2946639              -5.8221879
           279              -0.4450397              -0.5893279              -5.2399693
           280              -0.6675596              -0.8839918              -4.6577501
           281              -0.8900795              -1.1786557              -4.0755315
           282              -1.1125994              -1.4733196              -3.4933126
           283              -1.3351192              -1.7679837              -2.9110940
           284              -1.5576390              -2.0626478              -2.3288751
           285              -1.7801590              -2.3573115              -1.7466564
           286              -2.0026789              -2.6519754              -1.1644373
           287              -2.2251987              -2.9466393              -0.5822186
           288              -2.4477186              -3.2413034               0.0000000
           289               0.0000000               0.0000000              -6.4044065
           290               0.0340696              -0.3676700              -5.8221879
           291               0.0681393              -0.7353399              -5.2399693
           292               0.1022089              -1.1030099              -4.6577501
           293               0.1362785              -1.4706799              -4.0755315
           294               0.1703482              -1.8383498              -3.4933126
           295               0.2044178              -2.2060199              -2.9110940
           296               0.2384875              -2.5736899              -2.3288751
           297               0.2725571              -2.9413598              -1.7466564
           298               0.3066267              -3.3090296              -1.1644373
           299               0.3406964              -3.6766996              -0.5822186
           300               0.3747660              -4.0443697               0.0000000
           301               0.0000000               0.0000000              -6.4044065
           302              -0.1010487              -0.3551494              -5.8221879
           303              -0.2020974              -0.7102988              -5.2399693
           304              -0.3031462              -1.0654483              -4.6577501
           305              -0.4041949              -1.4205976              -4.0755315
           306              -0.5052436              -1.7757469              -3.4933126
           307              -0.6062923              -2.1308966              -2.9110940
           308              -0.7073410              -2.4860458              -2.3288751
           309              -0.8083897              -2.8411951              -1.7466564
           310              -0.9094385              -3.1963446              -1.1644373
           311              -1.0104872              -3.5514939              -0.5822186
           312              -1.1115359              -3.9066432               0.0000000
           313               0.0000000               0.0000000              -6.4044065
           314               0.1645867              -0.3305347              -5.8221879
           315               0.3291734              -0.6610693              -5.2399693
           316               0.4937601              -0.9916039              -4.6577501
           317               0.6583468              -1.3221387              -4.0755315
           318               0.8229334              -1.6526732              -3.4933126
           319               0.9875202              -1.9832078              -2.9110940
           320               1.1521069              -2.3137426              -2.3288751
           321               1.3166935              -2.6442773              -1.7466564
           322               1.4812802              -2.9748118              -1.1644373
           323               1.6458669              -3.3053465              -0.5822186
           324               1.8104535              -3.6358812               0.0000000
           325               0.0000000               0.0000000              -6.4044065
           326               0.0340696              -0.3676700              -5.8221879
           327               0.0681393              -0.7353399              -5.2399693
           328               0.1022089              -1.1030099              -4.6577501
           329               0.1362785              -1.4706799              -4.0755315
           330               0.1703482              -1.8383498              -3.4933126
           331               0.2044178              -2.2060199              -2.9110940
           332               0.2384875              -2.5736899              -2.3288751
           333               0.2725571              -2.9413598              -1.7466564
           334               0.3066267              -3.3090296              -1.1644373
           335               0.3406964              -3.6766996              -0.5822186
           336               0.3747660              -4.0443697               0.0000000
           337               0.0000000               0.0000000              -6.4044065
           338               0.2728754              -0.2487588              -5.8221879
           339               0.5457509              -0.4975176              -5.2399693
           340               0.8186262              -0.7462764              -4.6577501
           341               1.0915017              -0.9950352              -4.0755315
           342               1.3643771              -1.2437941              -3.4933126
           343               1.6372524              -1.4925529              -2.9110940
           344               1.9101280              -1.7413117              -2.3288751
           345               2.1830034              -1.9900705              -1.7466564
           346               2.4558787              -2.2388294              -1.1644373
           347               2.7287543              -2.4875882              -0.5822186
           348               3.0016296              -2.7363470               0.0000000
           349               0.0000000               0.0000000              -6.4044065
           350               0.1645867              -0.3305347              -5.8221879
           351               0.3291734              -0.6610693              -5.2399693
           352               0.4937601              -0.9916039              -4.6577501
           353               0.6583468              -1.3221387              -4.0755315
           354               0.8229334              -1.6526732              -3.4933126
           355               0.9875202              -1.9832078              -2.9110940
           356               1.1521069              -2.3137426              -2.3288751
           357               1.3166935              -2.6442773              -1.7466564
           358               1.4812802              -2.9748118              -1.1644373
           359               1.6458669              -3.3053465              -0.5822186
           360               1.8104535              -3.6358812               0.0000000
           361               0.0000000               0.0000000              -6.4044065
           362               0.3443108              -0.1333867              -5.8221879
           363               0.6886216              -0.2667734              -5.2399693
           364               1.0329324              -0.4001601              -4.6577501
           365               1.3772432              -0.5335469              -4.0755315
           366               1.7215539              -0.6669335              -3.4933126
           367               2.0658648              -0.8003203              -2.9110940
           368               2.4101756              -0.9337070              -2.3288751
           369               2.7544863              -1.0670937              -1.7466564
           370               3.0987971              -1.2004803              -1.1644373
           371               3.4431078              -1.3338671              -0.5822186
           372               3.7874186              -1.4672538               0.0000000
           373               0.0000000               0.0000000              -6.4044065
           374               0.2728754              -0.2487588              -5.8221879
           375               0.5457509              -0.4975176              -5.2399693
           376               0.8186262              -0.7462764              -4.6577501
           377               1.0915017              -0.9950352              -4.0755315
           378               1.3643771              -1.2437941              -3.4933126
           379               1.6372524              -1.4925529              -2.9110940
           380               1.9101280              -1.7413117              -2.3288751
           381               2.1830034              -1.9900705              -1.7466564
           382               2.4558787              -2.2388294              -1.1644373
           383               2.7287543              -2.4875882              -0.5822186
           384               3.0016296              -2.7363470               0.0000000
           385               0.0000000               0.0000000              -6.4044065
           386               0.3692451               0.0000000              -5.8221879
           387               0.7384902               0.0000000              -5.2399693
           388               1.1077353               0.0000000              -4.6577501
           389               1.4769803               0.0000000              -4.0755315
           390               1.8462254               0.0000000              -3.4933126
           391               2.2154706               0.0000000              -2.9110940
           392               2.5847158               0.0000000              -2.3288751
           393               2.9539607               0.0000000              -1.7466564
           394               3.3232057               0.0000000              -1.1644373
           395               3.6924508               0.0000000              -0.5822186
           396               4.0616961               0.0000000               0.0000000
           397               0.0000000               0.0000000              -6.4044065
           398               0.3443108              -0.1333867              -5.8221879
           399               0.6886216              -0.2667734              -5.2399693
           400               1.0329324              -0.4001601              -4.6577501
           401               1.3772432              -0.5335469              -4.0755315
           402               1.7215539              -0.6669335              -3.4933126
           403               2.0658648              -0.8003203              -2.9110940
           404               2.4101756              -0.9337070              -2.3288751
           405               2.7544863              -1.0670937              -1.7466564
           406               3.0987971              -1.2004803              -1.1644373
           407               3.4431078              -1.3338671              -0.5822186
           408               3.7874186              -1.4672538               0.0000000
             0          0.00          0.00          0.00
               1               2              14              13
               2               3              15              14
               3               4              16              15
               4               5              17              16
               5               6              18              17
               6               7              19              18
               7               8              20              19
               8               9              21              20
               9              10              22              21
              10              11              23              22
              11              12              24              23
              25              26              38              37
              26              27              39              38
              27              28              40              39
              28              29              41              40
              29              30              42              41
              30              31              43              42
              31              32              44              43
              32              33              45              44
              33              34              46              45
              34              35              47              46
              35              36              48              47
              49              50              62              61
              50              51              63              62
              51              52              64              63
              52              53              65              64
              53              54              66              65
              54              55              67              66
              55              56              68              67
              56              57              69              68
              57              58              70              69
              58              59              71              70
              59              60              72              71
              73              74              86              85
              74              75              87              86
              75              76              88              87
              76              77              89              88
              77              78              90              89
              78              79              91              90
              79              80              92              91
              80              81              93              92
              81              82              94              93
              82              83              95              94
              83              84              96              95
              97              98             110             109
              98              99             111             110
              99             100             112             111
             100             101             113             112
             101             102             114             113
             102             103             115             114
             103             104             116             115
             104             105             117             116
             105             106             118             117
             106             107             119             118
             107             108             120             119
             121             122             134             133
             122             123             135             134
             123             124             136             135
             124             125             137             136
             125             126             138             137
             126             127             139             138
             127             128             140             139
             128             129             141             140
             129             130             142             141
             130             131             143             142
             131             132             144             143
             145             146             158             157
             146             147             159             158
             147             148             160             159
             148             149             161             160
             149             150             162             161
             150             151             163             162
             151             152             164             163
             152             153             165             164
             153             154             166             165
             154             155             167             166
             155             156             168             167
             169             170             182             181
             170             171             183             182
             171             172             184             183
             172             173             185             184
             173             174             186             185
             174             175             187             186
             175             176             188             187
             176             177             189             188
             177             178             190             189
             178             179             191             190
             179             180             192             191
             193             194             206             205
             194             195             207             206
             195             196             208             207
             196             197             209             208
             197             198             210             209
             198             199             211             210
             199             200             212             211
             200             201             213             212
             201             202             214             213
             202             203             215             214
             203             204             216             215
             217             218             230             229
             218             219             231             230
             219             220             232             231
             220             221             233             232
             221             222             234             233
             222             223             235             234
             223             224             236             235
             224             225             237             236
             225             226             238             237
             226             227             239             238
             227             228             240             239
             241             242             254             253
             242             243             255             254
             243             244             256             255
             244             245             257             256
             245             246             258             257
             246             247             259             258
             247             248             260             259
             248             249             261             260
             249             250             262             261
             250             251             263             262
             251             252             264             263
             265             266             278             277
             266             267             279             278
             267             268             280             279
             268             269             281             280
             269             270             282             281
             270             271             283             282
             271             272             284             283
             272             273             285             284
             273             274             286             285
             274             275             287             286
             275             276             288             287
             289             290             302             301
             290             291             303             302
             291             292             304             303
             292             293             305             304
             293             294             306             305
             294             295             307             306
             295             296             308             307
             296             297             309             308
             297             298             310             309
             298             299             311             310
             299             300             312             311
             313             314             326             325
             314             315             327             326
             315             316             328             327
             316             317             329             328
             317             318             330             329
             318             319             331             330
             319             320             332             331
             320             321             333             332
             321             322             334             333
             322             323             335             334
             323             324             336             335
             337             338             350             349
             338             339             351             350
             339             340             352             351
             340             341             353             352
             341             342             354             353
             342             343             355             354
             343             344             356             355
             344             345             357             356
             345             346             358             357
             346             347             359             358
             347             348             360             359
             361             362             374             373
             362             363             375             374
             363             364             376             375
             364             365             377             376
             365             366             378             377
             366             367             379             378
             367             368             380             379
             368             369             381             380
             369             370             382             381
             370             371             383             382
             371             372             384             383
             385             386             398             397
             386             387             399             398
             387             388             400             399
             388             389             401             400
             389             390             402             401
             390             391             403             402
             391             392             404             403
             392             393             405             404
             393             394             406             405
             394             395             407             406
             395             396             408             407
          0          0          0          0
