                    2          0
             1               0.0000000               0.0000000              -5.5439076
             2               0.2632014               0.1019648              -5.0399160
             3               0.5264028               0.2039296              -4.5359244
             4               0.7896042               0.3058943              -4.0319328
             5               1.0528057               0.4078591              -3.5279412
             6               1.3160071               0.5098239              -3.0239496
             7               1.5792084               0.6117887              -2.5199580
             8               1.8424098               0.7137535              -2.0159664
             9               2.1056113               0.8157182              -1.5119748
            10               2.3688128               0.9176830              -1.0079832
            11               2.6320143               1.0196477              -0.5039916
            12               2.8952155               1.1216125               0.0000000
            13               0.0000000               0.0000000              -5.5439076
            14               0.2822619               0.0000000              -5.0399160
            15               0.5645239               0.0000000              -4.5359244
            16               0.8467858               0.0000000              -4.0319328
            17               1.1290478               0.0000000              -3.5279412
            18               1.4113097               0.0000000              -3.0239496
            19               1.6935716               0.0000000              -2.5199580
            20               1.9758335               0.0000000              -2.0159664
            21               2.2580955               0.0000000              -1.5119748
            22               2.5403574               0.0000000              -1.0079832
            23               2.8226194               0.0000000              -0.5039916
            24               3.1048813               0.0000000               0.0000000
            25               0.0000000               0.0000000              -5.5439076
            26               0.2085941               0.1901586              -5.0399160
            27               0.4171882               0.3803172              -4.5359244
            28               0.6257823               0.5704759              -4.0319328
            29               0.8343763               0.7606345              -3.5279412
            30               1.0429704               0.9507932              -3.0239496
            31               1.2515645               1.1409518              -2.5199580
            32               1.4601586               1.3311104              -2.0159664
            33               1.6687527               1.5212690              -1.5119748
            34               1.8773468               1.7114277              -1.0079832
            35               2.0859408               1.9015864              -0.5039916
            36               2.2945349               2.0917449               0.0000000
            37               0.0000000               0.0000000              -5.5439076
            38               0.2632014               0.1019648              -5.0399160
            39               0.5264028               0.2039296              -4.5359244
            40               0.7896042               0.3058943              -4.0319328
            41               1.0528057               0.4078591              -3.5279412
            42               1.3160071               0.5098239              -3.0239496
            43               1.5792084               0.6117887              -2.5199580
            44               1.8424098               0.7137535              -2.0159664
            45               2.1056113               0.8157182              -1.5119748
            46               2.3688128               0.9176830              -1.0079832
            47               2.6320143               1.0196477              -0.5039916
            48               2.8952155               1.1216125               0.0000000
            49               0.0000000               0.0000000              -5.5439076
            50               0.1258150               0.2526705              -5.0399160
            51               0.2516299               0.5053411              -4.5359244
            52               0.3774449               0.7580116              -4.0319328
            53               0.5032599               1.0106821              -3.5279412
            54               0.6290748               1.2633526              -3.0239496
            55               0.7548898               1.5160232              -2.5199580
            56               0.8807048               1.7686938              -2.0159664
            57               1.0065198               2.0213642              -1.5119748
            58               1.1323347               2.2740347              -1.0079832
            59               1.2581496               2.5267053              -0.5039916
            60               1.3839647               2.7793758               0.0000000
            61               0.0000000               0.0000000              -5.5439076
            62               0.2085941               0.1901586              -5.0399160
            63               0.4171882               0.3803172              -4.5359244
            64               0.6257823               0.5704759              -4.0319328
            65               0.8343763               0.7606345              -3.5279412
            66               1.0429704               0.9507932              -3.0239496
            67               1.2515645               1.1409518              -2.5199580
            68               1.4601586               1.3311104              -2.0159664
            69               1.6687527               1.5212690              -1.5119748
            70               1.8773468               1.7114277              -1.0079832
            71               2.0859408               1.9015864              -0.5039916
            72               2.2945349               2.0917449               0.0000000
            73               0.0000000               0.0000000              -5.5439076
            74               0.0260438               0.2810579              -5.0399160
            75               0.0520877               0.5621157              -4.5359244
            76               0.0781315               0.8431736              -4.0319328
            77               0.1041754               1.1242315              -3.5279412
            78               0.1302192               1.4052893              -3.0239496
            79               0.1562631               1.6863471              -2.5199580
            80               0.1823069               1.9674050              -2.0159664
            81               0.2083508               2.2484629              -1.5119748
            82               0.2343946               2.5295208              -1.0079832
            83               0.2604385               2.8105786              -0.5039916
            84               0.2864823               3.0916364               0.0000000
            85               0.0000000               0.0000000              -5.5439076
            86               0.1258150               0.2526705              -5.0399160
            87               0.2516299               0.5053411              -4.5359244
            88               0.3774449               0.7580116              -4.0319328
            89               0.5032599               1.0106821              -3.5279412
            90               0.6290748               1.2633526              -3.0239496
            91               0.7548898               1.5160232              -2.5199580
            92               0.8807048               1.7686938              -2.0159664
            93               1.0065198               2.0213642              -1.5119748
            94               1.1323347               2.2740347              -1.0079832
            95               1.2581496               2.5267053              -0.5039916
            96               1.3839647               2.7793758               0.0000000
            97               0.0000000               0.0000000              -5.5439076
            98              -0.0772446               0.2714868              -5.0399160
            99              -0.1544893               0.5429735              -4.5359244
           100              -0.2317339               0.8144602              -4.0319328
           101              -0.3089786               1.0859470              -3.5279412
           102              -0.3862232               1.3574338              -3.0239496
           103              -0.4634679               1.6289204              -2.5199580
           104              -0.5407125               1.9004073              -2.0159664
           105              -0.6179572               2.1718941              -1.5119748
           106              -0.6952018               2.4433808              -1.0079832
           107              -0.7724465               2.7148676              -0.5039916
           108              -0.8496912               2.9863546               0.0000000
           109               0.0000000               0.0000000              -5.5439076
           110               0.0260438               0.2810579              -5.0399160
           111               0.0520877               0.5621157              -4.5359244
           112               0.0781315               0.8431736              -4.0319328
           113               0.1041754               1.1242315              -3.5279412
           114               0.1302192               1.4052893              -3.0239496
           115               0.1562631               1.6863471              -2.5199580
           116               0.1823069               1.9674050              -2.0159664
           117               0.2083507               2.2484629              -1.5119748
           118               0.2343946               2.5295208              -1.0079832
           119               0.2604384               2.8105786              -0.5039916
           120               0.2864823               3.0916364               0.0000000
           121               0.0000000               0.0000000              -5.5439076
           122              -0.1701008               0.2252499              -5.0399160
           123              -0.3402016               0.4504997              -4.5359244
           124              -0.5103025               0.6757496              -4.0319328
           125              -0.6804033               0.9009995              -3.5279412
           126              -0.8505041               1.1262494              -3.0239496
           127              -1.0206050               1.3514992              -2.5199580
           128              -1.1907058               1.5767491              -2.0159664
           129              -1.3608066               1.8019990              -1.5119748
           130              -1.5309074               2.0272489              -1.0079832
           131              -1.7010082               2.2524989              -0.5039916
           132              -1.8711090               2.4777486               0.0000000
           133               0.0000000               0.0000000              -5.5439076
           134              -0.0772446               0.2714868              -5.0399160
           135              -0.1544893               0.5429735              -4.5359244
           136              -0.2317339               0.8144602              -4.0319328
           137              -0.3089786               1.0859470              -3.5279412
           138              -0.3862233               1.3574338              -3.0239496
           139              -0.4634679               1.6289204              -2.5199580
           140              -0.5407125               1.9004073              -2.0159664
           141              -0.6179572               2.1718941              -1.5119748
           142              -0.6952019               2.4433808              -1.0079832
           143              -0.7724466               2.7148676              -0.5039916
           144              -0.8496912               2.9863546               0.0000000
           145               0.0000000               0.0000000              -5.5439076
           146              -0.2399839               0.1485918              -5.0399160
           147              -0.4799679               0.2971835              -4.5359244
           148              -0.7199518               0.4457753              -4.0319328
           149              -0.9599357               0.5943670              -3.5279412
           150              -1.1999196               0.7429588              -3.0239496
           151              -1.4399036               0.8915506              -2.5199580
           152              -1.6798874               1.0401423              -2.0159664
           153              -1.9198714               1.1887341              -1.5119748
           154              -2.1598554               1.3373258              -1.0079832
           155              -2.3998392               1.4859176              -0.5039916
           156              -2.6398232               1.6345093               0.0000000
           157               0.0000000               0.0000000              -5.5439076
           158              -0.1701008               0.2252499              -5.0399160
           159              -0.3402016               0.4504997              -4.5359244
           160              -0.5103025               0.6757496              -4.0319328
           161              -0.6804033               0.9009995              -3.5279412
           162              -0.8505041               1.1262494              -3.0239496
           163              -1.0206050               1.3514992              -2.5199580
           164              -1.1907058               1.5767491              -2.0159664
           165              -1.3608066               1.8019990              -1.5119748
           166              -1.5309074               2.0272489              -1.0079832
           167              -1.7010082               2.2524989              -0.5039916
           168              -1.8711090               2.4777486               0.0000000
           169               0.0000000               0.0000000              -5.5439076
           170              -0.2774559               0.0518655              -5.0399160
           171              -0.5549117               0.1037310              -4.5359244
           172              -0.8323677               0.1555965              -4.0319328
           173              -1.1098235               0.2074620              -3.5279412
           174              -1.3872794               0.2593274              -3.0239496
           175              -1.6647353               0.3111930              -2.5199580
           176              -1.9421910               0.3630584              -2.0159664
           177              -2.2196469               0.4149239              -1.5119748
           178              -2.4971030               0.4667894              -1.0079832
           179              -2.7745588               0.5186549              -0.5039916
           180              -3.0520144               0.5705204               0.0000000
           181               0.0000000               0.0000000              -5.5439076
           182              -0.2399839               0.1485918              -5.0399160
           183              -0.4799679               0.2971835              -4.5359244
           184              -0.7199518               0.4457753              -4.0319328
           185              -0.9599357               0.5943670              -3.5279412
           186              -1.1999196               0.7429588              -3.0239496
           187              -1.4399036               0.8915506              -2.5199580
           188              -1.6798874               1.0401423              -2.0159664
           189              -1.9198714               1.1887341              -1.5119748
           190              -2.1598554               1.3373258              -1.0079832
           191              -2.3998392               1.4859176              -0.5039916
           192              -2.6398232               1.6345093               0.0000000
           193               0.0000000               0.0000000              -5.5439076
           194              -0.2774559              -0.0518655              -5.0399160
           195              -0.5549117              -0.1037310              -4.5359244
           196              -0.8323677              -0.1555965              -4.0319328
           197              -1.1098235              -0.2074620              -3.5279412
           198              -1.3872794              -0.2593274              -3.0239496
           199              -1.6647353              -0.3111930              -2.5199580
           200              -1.9421910              -0.3630584              -2.0159664
           201              -2.2196469              -0.4149239              -1.5119748
           202              -2.4971030              -0.4667894              -1.0079832
           203              -2.7745588              -0.5186549              -0.5039916
           204              -3.0520144              -0.5705204               0.0000000
           205               0.0000000               0.0000000              -5.5439076
           206              -0.2774559               0.0518655              -5.0399160
           207              -0.5549117               0.1037310              -4.5359244
           208              -0.8323677               0.1555965              -4.0319328
           209              -1.1098235               0.2074620              -3.5279412
           210              -1.3872794               0.2593274              -3.0239496
           211              -1.6647353               0.3111930              -2.5199580
           212              -1.9421910               0.3630584              -2.0159664
           213              -2.2196469               0.4149239              -1.5119748
           214              -2.4971030               0.4667894              -1.0079832
           215              -2.7745588               0.5186549              -0.5039916
           216              -3.0520144               0.5705204               0.0000000
           217               0.0000000               0.0000000              -5.5439076
           218              -0.2399839              -0.1485918              -5.0399160
           219              -0.4799679              -0.2971835              -4.5359244
           220              -0.7199518              -0.4457753              -4.0319328
           221              -0.9599357              -0.5943670              -3.5279412
           222              -1.1999196              -0.7429588              -3.0239496
           223              -1.4399036              -0.8915506              -2.5199580
           224              -1.6798874              -1.0401423              -2.0159664
           225              -1.9198714              -1.1887341              -1.5119748
           226              -2.1598554              -1.3373258              -1.0079832
           227              -2.3998392              -1.4859176              -0.5039916
           228              -2.6398232              -1.6345093               0.0000000
           229               0.0000000               0.0000000              -5.5439076
           230              -0.2774559              -0.0518655              -5.0399160
           231              -0.5549117              -0.1037310              -4.5359244
           232              -0.8323677              -0.1555965              -4.0319328
           233              -1.1098235              -0.2074620              -3.5279412
           234              -1.3872794              -0.2593274              -3.0239496
           235              -1.6647353              -0.3111930              -2.5199580
           236              -1.9421910              -0.3630584              -2.0159664
           237              -2.2196469              -0.4149239              -1.5119748
           238              -2.4971030              -0.4667894              -1.0079832
           239              -2.7745588              -0.5186549              -0.5039916
           240              -3.0520144              -0.5705204               0.0000000
           241               0.0000000               0.0000000              -5.5439076
           242              -0.1701008              -0.2252499              -5.0399160
           243              -0.3402016              -0.4504997              -4.5359244
           244              -0.5103025              -0.6757496              -4.0319328
           245              -0.6804033              -0.9009995              -3.5279412
           246              -0.8505041              -1.1262494              -3.0239496
           247              -1.0206050              -1.3514992              -2.5199580
           248              -1.1907058              -1.5767491              -2.0159664
           249              -1.3608066              -1.8019990              -1.5119748
           250              -1.5309074              -2.0272489              -1.0079832
           251              -1.7010082              -2.2524989              -0.5039916
           252              -1.8711090              -2.4777486               0.0000000
           253               0.0000000               0.0000000              -5.5439076
           254              -0.2399839              -0.1485918              -5.0399160
           255              -0.4799679              -0.2971835              -4.5359244
           256              -0.7199518              -0.4457753              -4.0319328
           257              -0.9599357              -0.5943670              -3.5279412
           258              -1.1999196              -0.7429588              -3.0239496
           259              -1.4399036              -0.8915506              -2.5199580
           260              -1.6798874              -1.0401423              -2.0159664
           261              -1.9198714              -1.1887341              -1.5119748
           262              -2.1598554              -1.3373258              -1.0079832
           263              -2.3998392              -1.4859176              -0.5039916
           264              -2.6398232              -1.6345093               0.0000000
           265               0.0000000               0.0000000              -5.5439076
           266              -0.0772446              -0.2714868              -5.0399160
           267              -0.1544893              -0.5429735              -4.5359244
           268              -0.2317339              -0.8144602              -4.0319328
           269              -0.3089786              -1.0859470              -3.5279412
           270              -0.3862232              -1.3574338              -3.0239496
           271              -0.4634679              -1.6289204              -2.5199580
           272              -0.5407125              -1.9004073              -2.0159664
           273              -0.6179572              -2.1718941              -1.5119748
           274              -0.6952018              -2.4433808              -1.0079832
           275              -0.7724465              -2.7148676              -0.5039916
           276              -0.8496912              -2.9863546               0.0000000
           277               0.0000000               0.0000000              -5.5439076
           278              -0.1701008              -0.2252499              -5.0399160
           279              -0.3402016              -0.4504997              -4.5359244
           280              -0.5103025              -0.6757496              -4.0319328
           281              -0.6804033              -0.9009995              -3.5279412
           282              -0.8505041              -1.1262494              -3.0239496
           283              -1.0206050              -1.3514992              -2.5199580
           284              -1.1907058              -1.5767491              -2.0159664
           285              -1.3608066              -1.8019990              -1.5119748
           286              -1.5309074              -2.0272489              -1.0079832
           287              -1.7010082              -2.2524989              -0.5039916
           288              -1.8711090              -2.4777486               0.0000000
           289               0.0000000               0.0000000              -5.5439076
           290               0.0260438              -0.2810579              -5.0399160
           291               0.0520877              -0.5621157              -4.5359244
           292               0.0781315              -0.8431736              -4.0319328
           293               0.1041754              -1.1242315              -3.5279412
           294               0.1302192              -1.4052893              -3.0239496
           295               0.1562631              -1.6863471              -2.5199580
           296               0.1823069              -1.9674050              -2.0159664
           297               0.2083508              -2.2484629              -1.5119748
           298               0.2343946              -2.5295208              -1.0079832
           299               0.2604385              -2.8105786              -0.5039916
           300               0.2864823              -3.0916364               0.0000000
           301               0.0000000               0.0000000              -5.5439076
           302              -0.0772446              -0.2714868              -5.0399160
           303              -0.1544893              -0.5429735              -4.5359244
           304              -0.2317339              -0.8144602              -4.0319328
           305              -0.3089786              -1.0859470              -3.5279412
           306              -0.3862232              -1.3574338              -3.0239496
           307              -0.4634679              -1.6289204              -2.5199580
           308              -0.5407125              -1.9004073              -2.0159664
           309              -0.6179571              -2.1718941              -1.5119748
           310              -0.6952018              -2.4433808              -1.0079832
           311              -0.7724464              -2.7148676              -0.5039916
           312              -0.8496910              -2.9863546               0.0000000
           313               0.0000000               0.0000000              -5.5439076
           314               0.1258150              -0.2526705              -5.0399160
           315               0.2516299              -0.5053411              -4.5359244
           316               0.3774449              -0.7580116              -4.0319328
           317               0.5032599              -1.0106821              -3.5279412
           318               0.6290748              -1.2633526              -3.0239496
           319               0.7548898              -1.5160232              -2.5199580
           320               0.8807048              -1.7686938              -2.0159664
           321               1.0065198              -2.0213642              -1.5119748
           322               1.1323347              -2.2740347              -1.0079832
           323               1.2581496              -2.5267053              -0.5039916
           324               1.3839647              -2.7793758               0.0000000
           325               0.0000000               0.0000000              -5.5439076
           326               0.0260438              -0.2810579              -5.0399160
           327               0.0520877              -0.5621157              -4.5359244
           328               0.0781315              -0.8431736              -4.0319328
           329               0.1041754              -1.1242315              -3.5279412
           330               0.1302192              -1.4052893              -3.0239496
           331               0.1562631              -1.6863471              -2.5199580
           332               0.1823069              -1.9674050              -2.0159664
           333               0.2083508              -2.2484629              -1.5119748
           334               0.2343946              -2.5295208              -1.0079832
           335               0.2604385              -2.8105786              -0.5039916
           336               0.2864823              -3.0916364               0.0000000
           337               0.0000000               0.0000000              -5.5439076
           338               0.2085941              -0.1901586              -5.0399160
           339               0.4171882              -0.3803172              -4.5359244
           340               0.6257823              -0.5704759              -4.0319328
           341               0.8343763              -0.7606345              -3.5279412
           342               1.0429704              -0.9507932              -3.0239496
           343               1.2515645              -1.1409518              -2.5199580
           344               1.4601586              -1.3311104              -2.0159664
           345               1.6687527              -1.5212690              -1.5119748
           346               1.8773468              -1.7114277              -1.0079832
           347               2.0859408              -1.9015864              -0.5039916
           348               2.2945349              -2.0917449               0.0000000
           349               0.0000000               0.0000000              -5.5439076
           350               0.1258150              -0.2526705              -5.0399160
           351               0.2516299              -0.5053411              -4.5359244
           352               0.3774449              -0.7580116              -4.0319328
           353               0.5032599              -1.0106821              -3.5279412
           354               0.6290748              -1.2633526              -3.0239496
           355               0.7548898              -1.5160232              -2.5199580
           356               0.8807048              -1.7686938              -2.0159664
           357               1.0065198              -2.0213642              -1.5119748
           358               1.1323347              -2.2740347              -1.0079832
           359               1.2581496              -2.5267053              -0.5039916
           360               1.3839647              -2.7793758               0.0000000
           361               0.0000000               0.0000000              -5.5439076
           362               0.2632014              -0.1019648              -5.0399160
           363               0.5264028              -0.2039296              -4.5359244
           364               0.7896042              -0.3058943              -4.0319328
           365               1.0528057              -0.4078591              -3.5279412
           366               1.3160071              -0.5098239              -3.0239496
           367               1.5792084              -0.6117887              -2.5199580
           368               1.8424098              -0.7137535              -2.0159664
           369               2.1056113              -0.8157182              -1.5119748
           370               2.3688128              -0.9176830              -1.0079832
           371               2.6320143              -1.0196477              -0.5039916
           372               2.8952155              -1.1216125               0.0000000
           373               0.0000000               0.0000000              -5.5439076
           374               0.2085941              -0.1901586              -5.0399160
           375               0.4171882              -0.3803172              -4.5359244
           376               0.6257823              -0.5704759              -4.0319328
           377               0.8343763              -0.7606345              -3.5279412
           378               1.0429704              -0.9507932              -3.0239496
           379               1.2515645              -1.1409518              -2.5199580
           380               1.4601586              -1.3311104              -2.0159664
           381               1.6687527              -1.5212690              -1.5119748
           382               1.8773468              -1.7114277              -1.0079832
           383               2.0859408              -1.9015864              -0.5039916
           384               2.2945349              -2.0917449               0.0000000
           385               0.0000000               0.0000000              -5.5439076
           386               0.2822619               0.0000000              -5.0399160
           387               0.5645239               0.0000000              -4.5359244
           388               0.8467858               0.0000000              -4.0319328
           389               1.1290478               0.0000000              -3.5279412
           390               1.4113097               0.0000000              -3.0239496
           391               1.6935716               0.0000000              -2.5199580
           392               1.9758335               0.0000000              -2.0159664
           393               2.2580955               0.0000000              -1.5119748
           394               2.5403574               0.0000000              -1.0079832
           395               2.8226194               0.0000000              -0.5039916
           396               3.1048813               0.0000000               0.0000000
           397               0.0000000               0.0000000              -5.5439076
           398               0.2632014              -0.1019648              -5.0399160
           399               0.5264028              -0.2039296              -4.5359244
           400               0.7896042              -0.3058943              -4.0319328
           401               1.0528057              -0.4078591              -3.5279412
           402               1.3160071              -0.5098239              -3.0239496
           403               1.5792084              -0.6117887              -2.5199580
           404               1.8424098              -0.7137535              -2.0159664
           405               2.1056113              -0.8157182              -1.5119748
           406               2.3688128              -0.9176830              -1.0079832
           407               2.6320143              -1.0196477              -0.5039916
           408               2.8952155              -1.1216125               0.0000000
             0          0.00          0.00          0.00
               1               2              14              13
               2               3              15              14
               3               4              16              15
               4               5              17              16
               5               6              18              17
               6               7              19              18
               7               8              20              19
               8               9              21              20
               9              10              22              21
              10              11              23              22
              11              12              24              23
              25              26              38              37
              26              27              39              38
              27              28              40              39
              28              29              41              40
              29              30              42              41
              30              31              43              42
              31              32              44              43
              32              33              45              44
              33              34              46              45
              34              35              47              46
              35              36              48              47
              49              50              62              61
              50              51              63              62
              51              52              64              63
              52              53              65              64
              53              54              66              65
              54              55              67              66
              55              56              68              67
              56              57              69              68
              57              58              70              69
              58              59              71              70
              59              60              72              71
              73              74              86              85
              74              75              87              86
              75              76              88              87
              76              77              89              88
              77              78              90              89
              78              79              91              90
              79              80              92              91
              80              81              93              92
              81              82              94              93
              82              83              95              94
              83              84              96              95
              97              98             110             109
              98              99             111             110
              99             100             112             111
             100             101             113             112
             101             102             114             113
             102             103             115             114
             103             104             116             115
             104             105             117             116
             105             106             118             117
             106             107             119             118
             107             108             120             119
             121             122             134             133
             122             123             135             134
             123             124             136             135
             124             125             137             136
             125             126             138             137
             126             127             139             138
             127             128             140             139
             128             129             141             140
             129             130             142             141
             130             131             143             142
             131             132             144             143
             145             146             158             157
             146             147             159             158
             147             148             160             159
             148             149             161             160
             149             150             162             161
             150             151             163             162
             151             152             164             163
             152             153             165             164
             153             154             166             165
             154             155             167             166
             155             156             168             167
             169             170             182             181
             170             171             183             182
             171             172             184             183
             172             173             185             184
             173             174             186             185
             174             175             187             186
             175             176             188             187
             176             177             189             188
             177             178             190             189
             178             179             191             190
             179             180             192             191
             193             194             206             205
             194             195             207             206
             195             196             208             207
             196             197             209             208
             197             198             210             209
             198             199             211             210
             199             200             212             211
             200             201             213             212
             201             202             214             213
             202             203             215             214
             203             204             216             215
             217             218             230             229
             218             219             231             230
             219             220             232             231
             220             221             233             232
             221             222             234             233
             222             223             235             234
             223             224             236             235
             224             225             237             236
             225             226             238             237
             226             227             239             238
             227             228             240             239
             241             242             254             253
             242             243             255             254
             243             244             256             255
             244             245             257             256
             245             246             258             257
             246             247             259             258
             247             248             260             259
             248             249             261             260
             249             250             262             261
             250             251             263             262
             251             252             264             263
             265             266             278             277
             266             267             279             278
             267             268             280             279
             268             269             281             280
             269             270             282             281
             270             271             283             282
             271             272             284             283
             272             273             285             284
             273             274             286             285
             274             275             287             286
             275             276             288             287
             289             290             302             301
             290             291             303             302
             291             292             304             303
             292             293             305             304
             293             294             306             305
             294             295             307             306
             295             296             308             307
             296             297             309             308
             297             298             310             309
             298             299             311             310
             299             300             312             311
             313             314             326             325
             314             315             327             326
             315             316             328             327
             316             317             329             328
             317             318             330             329
             318             319             331             330
             319             320             332             331
             320             321             333             332
             321             322             334             333
             322             323             335             334
             323             324             336             335
             337             338             350             349
             338             339             351             350
             339             340             352             351
             340             341             353             352
             341             342             354             353
             342             343             355             354
             343             344             356             355
             344             345             357             356
             345             346             358             357
             346             347             359             358
             347             348             360             359
             361             362             374             373
             362             363             375             374
             363             364             376             375
             364             365             377             376
             365             366             378             377
             366             367             379             378
             367             368             380             379
             368             369             381             380
             369             370             382             381
             370             371             383             382
             371             372             384             383
             385             386             398             397
             386             387             399             398
             387             388             400             399
             388             389             401             400
             389             390             402             401
             390             391             403             402
             391             392             404             403
             392             393             405             404
             393             394             406             405
             394             395             407             406
             395             396             408             407
          0          0          0          0
