                    2          0
             1              -1.8653469               2.0208683              -4.9105434
             2              -1.8653469               2.0208683              -4.2090373
             3              -1.8653469               2.0208683              -3.5075312
             4              -1.8653469               2.0208683              -2.8060248
             5              -1.8653469               2.0208683              -2.1045187
             6              -1.8653469               2.0208683              -1.4030125
             7              -1.8653469               2.0208683              -0.7015061
             8              -1.8653469               2.0208683              -0.0000005
             9              -1.1192081               2.0208683              -4.9105434
            10              -1.1192081               2.0208683              -4.2090373
            11              -1.1192081               2.0208683              -3.5075312
            12              -1.1192081               2.0208683              -2.8060248
            13              -1.1192081               2.0208683              -2.1045187
            14              -1.1192081               2.0208683              -1.4030125
            15              -1.1192081               2.0208683              -0.7015061
            16              -1.1192081               2.0208683              -0.0000005
            17              -0.3730694               2.0208683              -4.9105434
            18              -0.3730694               2.0208683              -4.2090373
            19              -0.3730694               2.0208683              -3.5075312
            20              -0.3730694               2.0208683              -2.8060248
            21              -0.3730694               2.0208683              -2.1045187
            22              -0.3730694               2.0208683              -1.4030125
            23              -0.3730694               2.0208683              -0.7015061
            24              -0.3730694               2.0208683              -0.0000005
            25               0.3730693               2.0208683              -4.9105434
            26               0.3730693               2.0208683              -4.2090373
            27               0.3730693               2.0208683              -3.5075312
            28               0.3730693               2.0208683              -2.8060248
            29               0.3730693               2.0208683              -2.1045187
            30               0.3730693               2.0208683              -1.4030125
            31               0.3730693               2.0208683              -0.7015061
            32               0.3730693               2.0208683              -0.0000005
            33               1.1192081               2.0208683              -4.9105434
            34               1.1192081               2.0208683              -4.2090373
            35               1.1192081               2.0208683              -3.5075312
            36               1.1192081               2.0208683              -2.8060248
            37               1.1192081               2.0208683              -2.1045187
            38               1.1192081               2.0208683              -1.4030125
            39               1.1192081               2.0208683              -0.7015061
            40               1.1192081               2.0208683              -0.0000005
            41               1.8653469               2.0208683              -4.9105434
            42               1.8653469               2.0208683              -4.2090373
            43               1.8653469               2.0208683              -3.5075312
            44               1.8653469               2.0208683              -2.8060248
            45               1.8653469               2.0208683              -2.1045187
            46               1.8653469               2.0208683              -1.4030125
            47               1.8653469               2.0208683              -0.7015061
            48               1.8653469               2.0208683              -0.0000005
            49               1.8653469               2.0208683              -4.9105434
            50               1.8653469               2.0208683              -4.2090373
            51               1.8653469               2.0208683              -3.5075312
            52               1.8653469               2.0208683              -2.8060248
            53               1.8653469               2.0208683              -2.1045187
            54               1.8653469               2.0208683              -1.4030125
            55               1.8653469               2.0208683              -0.7015061
            56               1.8653469               2.0208683              -0.0000005
            57               1.8653469               1.3472455              -4.9105434
            58               1.8653469               1.3472455              -4.2090373
            59               1.8653469               1.3472455              -3.5075312
            60               1.8653469               1.3472455              -2.8060248
            61               1.8653469               1.3472455              -2.1045187
            62               1.8653469               1.3472455              -1.4030125
            63               1.8653469               1.3472455              -0.7015061
            64               1.8653469               1.3472455              -0.0000005
            65               1.8653469               0.6736227              -4.9105434
            66               1.8653469               0.6736227              -4.2090373
            67               1.8653469               0.6736227              -3.5075312
            68               1.8653469               0.6736227              -2.8060248
            69               1.8653469               0.6736227              -2.1045187
            70               1.8653469               0.6736227              -1.4030125
            71               1.8653469               0.6736227              -0.7015061
            72               1.8653469               0.6736227              -0.0000005
            73               1.8653469               0.0000000              -4.9105434
            74               1.8653469               0.0000000              -4.2090373
            75               1.8653469               0.0000000              -3.5075312
            76               1.8653469               0.0000000              -2.8060248
            77               1.8653469               0.0000000              -2.1045187
            78               1.8653469               0.0000000              -1.4030125
            79               1.8653469               0.0000000              -0.7015061
            80               1.8653469               0.0000000              -0.0000005
            81               1.8653469              -0.6736228              -4.9105434
            82               1.8653469              -0.6736228              -4.2090373
            83               1.8653469              -0.6736228              -3.5075312
            84               1.8653469              -0.6736228              -2.8060248
            85               1.8653469              -0.6736228              -2.1045187
            86               1.8653469              -0.6736228              -1.4030125
            87               1.8653469              -0.6736228              -0.7015061
            88               1.8653469              -0.6736228              -0.0000005
            89               1.8653469              -1.3472455              -4.9105434
            90               1.8653469              -1.3472455              -4.2090373
            91               1.8653469              -1.3472455              -3.5075312
            92               1.8653469              -1.3472455              -2.8060248
            93               1.8653469              -1.3472455              -2.1045187
            94               1.8653469              -1.3472455              -1.4030125
            95               1.8653469              -1.3472455              -0.7015061
            96               1.8653469              -1.3472455              -0.0000005
            97               1.8653469              -2.0208683              -4.9105434
            98               1.8653469              -2.0208683              -4.2090373
            99               1.8653469              -2.0208683              -3.5075312
           100               1.8653469              -2.0208683              -2.8060248
           101               1.8653469              -2.0208683              -2.1045187
           102               1.8653469              -2.0208683              -1.4030125
           103               1.8653469              -2.0208683              -0.7015061
           104               1.8653469              -2.0208683              -0.0000005
           105               1.8653469              -2.0208683              -4.9105434
           106               1.8653469              -2.0208683              -4.2090373
           107               1.8653469              -2.0208683              -3.5075312
           108               1.8653469              -2.0208683              -2.8060248
           109               1.8653469              -2.0208683              -2.1045187
           110               1.8653469              -2.0208683              -1.4030125
           111               1.8653469              -2.0208683              -0.7015061
           112               1.8653469              -2.0208683              -0.0000005
           113               1.1192081              -2.0208683              -4.9105434
           114               1.1192081              -2.0208683              -4.2090373
           115               1.1192081              -2.0208683              -3.5075312
           116               1.1192081              -2.0208683              -2.8060248
           117               1.1192081              -2.0208683              -2.1045187
           118               1.1192081              -2.0208683              -1.4030125
           119               1.1192081              -2.0208683              -0.7015061
           120               1.1192081              -2.0208683              -0.0000005
           121               0.3730694              -2.0208683              -4.9105434
           122               0.3730694              -2.0208683              -4.2090373
           123               0.3730694              -2.0208683              -3.5075312
           124               0.3730694              -2.0208683              -2.8060248
           125               0.3730694              -2.0208683              -2.1045187
           126               0.3730694              -2.0208683              -1.4030125
           127               0.3730694              -2.0208683              -0.7015061
           128               0.3730694              -2.0208683              -0.0000005
           129              -0.3730693              -2.0208683              -4.9105434
           130              -0.3730693              -2.0208683              -4.2090373
           131              -0.3730693              -2.0208683              -3.5075312
           132              -0.3730693              -2.0208683              -2.8060248
           133              -0.3730693              -2.0208683              -2.1045187
           134              -0.3730693              -2.0208683              -1.4030125
           135              -0.3730693              -2.0208683              -0.7015061
           136              -0.3730693              -2.0208683              -0.0000005
           137              -1.1192081              -2.0208683              -4.9105434
           138              -1.1192081              -2.0208683              -4.2090373
           139              -1.1192081              -2.0208683              -3.5075312
           140              -1.1192081              -2.0208683              -2.8060248
           141              -1.1192081              -2.0208683              -2.1045187
           142              -1.1192081              -2.0208683              -1.4030125
           143              -1.1192081              -2.0208683              -0.7015061
           144              -1.1192081              -2.0208683              -0.0000005
           145              -1.8653469              -2.0208683              -4.9105434
           146              -1.8653469              -2.0208683              -4.2090373
           147              -1.8653469              -2.0208683              -3.5075312
           148              -1.8653469              -2.0208683              -2.8060248
           149              -1.8653469              -2.0208683              -2.1045187
           150              -1.8653469              -2.0208683              -1.4030125
           151              -1.8653469              -2.0208683              -0.7015061
           152              -1.8653469              -2.0208683              -0.0000005
           153              -1.8653469              -2.0208683              -4.9105434
           154              -1.8653469              -2.0208683              -4.2090373
           155              -1.8653469              -2.0208683              -3.5075312
           156              -1.8653469              -2.0208683              -2.8060248
           157              -1.8653469              -2.0208683              -2.1045187
           158              -1.8653469              -2.0208683              -1.4030125
           159              -1.8653469              -2.0208683              -0.7015061
           160              -1.8653469              -2.0208683              -0.0000005
           161              -1.8653469              -1.3472455              -4.9105434
           162              -1.8653469              -1.3472455              -4.2090373
           163              -1.8653469              -1.3472455              -3.5075312
           164              -1.8653469              -1.3472455              -2.8060248
           165              -1.8653469              -1.3472455              -2.1045187
           166              -1.8653469              -1.3472455              -1.4030125
           167              -1.8653469              -1.3472455              -0.7015061
           168              -1.8653469              -1.3472455              -0.0000005
           169              -1.8653469              -0.6736227              -4.9105434
           170              -1.8653469              -0.6736227              -4.2090373
           171              -1.8653469              -0.6736227              -3.5075312
           172              -1.8653469              -0.6736227              -2.8060248
           173              -1.8653469              -0.6736227              -2.1045187
           174              -1.8653469              -0.6736227              -1.4030125
           175              -1.8653469              -0.6736227              -0.7015061
           176              -1.8653469              -0.6736227              -0.0000005
           177              -1.8653469               0.0000000              -4.9105434
           178              -1.8653469               0.0000000              -4.2090373
           179              -1.8653469               0.0000000              -3.5075312
           180              -1.8653469               0.0000000              -2.8060248
           181              -1.8653469               0.0000000              -2.1045187
           182              -1.8653469               0.0000000              -1.4030125
           183              -1.8653469               0.0000000              -0.7015061
           184              -1.8653469               0.0000000              -0.0000005
           185              -1.8653469               0.6736228              -4.9105434
           186              -1.8653469               0.6736228              -4.2090373
           187              -1.8653469               0.6736228              -3.5075312
           188              -1.8653469               0.6736228              -2.8060248
           189              -1.8653469               0.6736228              -2.1045187
           190              -1.8653469               0.6736228              -1.4030125
           191              -1.8653469               0.6736228              -0.7015061
           192              -1.8653469               0.6736228              -0.0000005
           193              -1.8653469               1.3472455              -4.9105434
           194              -1.8653469               1.3472455              -4.2090373
           195              -1.8653469               1.3472455              -3.5075312
           196              -1.8653469               1.3472455              -2.8060248
           197              -1.8653469               1.3472455              -2.1045187
           198              -1.8653469               1.3472455              -1.4030125
           199              -1.8653469               1.3472455              -0.7015061
           200              -1.8653469               1.3472455              -0.0000005
           201              -1.8653469               2.0208683              -4.9105434
           202              -1.8653469               2.0208683              -4.2090373
           203              -1.8653469               2.0208683              -3.5075312
           204              -1.8653469               2.0208683              -2.8060248
           205              -1.8653469               2.0208683              -2.1045187
           206              -1.8653469               2.0208683              -1.4030125
           207              -1.8653469               2.0208683              -0.7015061
           208              -1.8653469               2.0208683              -0.0000005
           209               1.8653469              -2.0208683              -4.9105434
           210               1.1192081              -2.0208683              -4.9105434
           211               0.3730694              -2.0208683              -4.9105434
           212              -0.3730693              -2.0208683              -4.9105434
           213              -1.1192081              -2.0208683              -4.9105434
           214              -1.8653469              -2.0208683              -4.9105434
           215               1.8653469              -1.3472455              -4.9105434
           216               1.1192081              -1.3472455              -4.9105434
           217               0.3730694              -1.3472455              -4.9105434
           218              -0.3730693              -1.3472455              -4.9105434
           219              -1.1192081              -1.3472455              -4.9105434
           220              -1.8653469              -1.3472455              -4.9105434
           221               1.8653469              -0.6736227              -4.9105434
           222               1.1192081              -0.6736227              -4.9105434
           223               0.3730694              -0.6736227              -4.9105434
           224              -0.3730693              -0.6736227              -4.9105434
           225              -1.1192081              -0.6736227              -4.9105434
           226              -1.8653469              -0.6736227              -4.9105434
           227               1.8653469               0.0000000              -4.9105434
           228               1.1192081               0.0000000              -4.9105434
           229               0.3730694               0.0000000              -4.9105434
           230              -0.3730693               0.0000000              -4.9105434
           231              -1.1192081               0.0000000              -4.9105434
           232              -1.8653469               0.0000000              -4.9105434
           233               1.8653469               0.6736228              -4.9105434
           234               1.1192081               0.6736228              -4.9105434
           235               0.3730694               0.6736228              -4.9105434
           236              -0.3730693               0.6736228              -4.9105434
           237              -1.1192081               0.6736228              -4.9105434
           238              -1.8653469               0.6736228              -4.9105434
           239               1.8653469               1.3472455              -4.9105434
           240               1.1192081               1.3472455              -4.9105434
           241               0.3730694               1.3472455              -4.9105434
           242              -0.3730693               1.3472455              -4.9105434
           243              -1.1192081               1.3472455              -4.9105434
           244              -1.8653469               1.3472455              -4.9105434
           245               1.8653469               2.0208683              -4.9105434
           246               1.1192081               2.0208683              -4.9105434
           247               0.3730694               2.0208683              -4.9105434
           248              -0.3730693               2.0208683              -4.9105434
           249              -1.1192081               2.0208683              -4.9105434
           250              -1.8653469               2.0208683              -4.9105434
             0          0.00          0.00          0.00
               1               2              10               9
               2               3              11              10
               3               4              12              11
               4               5              13              12
               5               6              14              13
               6               7              15              14
               7               8              16              15
               9              10              18              17
              10              11              19              18
              11              12              20              19
              12              13              21              20
              13              14              22              21
              14              15              23              22
              15              16              24              23
              17              18              26              25
              18              19              27              26
              19              20              28              27
              20              21              29              28
              21              22              30              29
              22              23              31              30
              23              24              32              31
              25              26              34              33
              26              27              35              34
              27              28              36              35
              28              29              37              36
              29              30              38              37
              30              31              39              38
              31              32              40              39
              33              34              42              41
              34              35              43              42
              35              36              44              43
              36              37              45              44
              37              38              46              45
              38              39              47              46
              39              40              48              47
              49              50              58              57
              50              51              59              58
              51              52              60              59
              52              53              61              60
              53              54              62              61
              54              55              63              62
              55              56              64              63
              57              58              66              65
              58              59              67              66
              59              60              68              67
              60              61              69              68
              61              62              70              69
              62              63              71              70
              63              64              72              71
              65              66              74              73
              66              67              75              74
              67              68              76              75
              68              69              77              76
              69              70              78              77
              70              71              79              78
              71              72              80              79
              73              74              82              81
              74              75              83              82
              75              76              84              83
              76              77              85              84
              77              78              86              85
              78              79              87              86
              79              80              88              87
              81              82              90              89
              82              83              91              90
              83              84              92              91
              84              85              93              92
              85              86              94              93
              86              87              95              94
              87              88              96              95
              89              90              98              97
              90              91              99              98
              91              92             100              99
              92              93             101             100
              93              94             102             101
              94              95             103             102
              95              96             104             103
             105             106             114             113
             106             107             115             114
             107             108             116             115
             108             109             117             116
             109             110             118             117
             110             111             119             118
             111             112             120             119
             113             114             122             121
             114             115             123             122
             115             116             124             123
             116             117             125             124
             117             118             126             125
             118             119             127             126
             119             120             128             127
             121             122             130             129
             122             123             131             130
             123             124             132             131
             124             125             133             132
             125             126             134             133
             126             127             135             134
             127             128             136             135
             129             130             138             137
             130             131             139             138
             131             132             140             139
             132             133             141             140
             133             134             142             141
             134             135             143             142
             135             136             144             143
             137             138             146             145
             138             139             147             146
             139             140             148             147
             140             141             149             148
             141             142             150             149
             142             143             151             150
             143             144             152             151
             153             154             162             161
             154             155             163             162
             155             156             164             163
             156             157             165             164
             157             158             166             165
             158             159             167             166
             159             160             168             167
             161             162             170             169
             162             163             171             170
             163             164             172             171
             164             165             173             172
             165             166             174             173
             166             167             175             174
             167             168             176             175
             169             170             178             177
             170             171             179             178
             171             172             180             179
             172             173             181             180
             173             174             182             181
             174             175             183             182
             175             176             184             183
             177             178             186             185
             178             179             187             186
             179             180             188             187
             180             181             189             188
             181             182             190             189
             182             183             191             190
             183             184             192             191
             185             186             194             193
             186             187             195             194
             187             188             196             195
             188             189             197             196
             189             190             198             197
             190             191             199             198
             191             192             200             199
             193             194             202             201
             194             195             203             202
             195             196             204             203
             196             197             205             204
             197             198             206             205
             198             199             207             206
             199             200             208             207
             209             210             216             215
             210             211             217             216
             211             212             218             217
             212             213             219             218
             213             214             220             219
             215             216             222             221
             216             217             223             222
             217             218             224             223
             218             219             225             224
             219             220             226             225
             221             222             228             227
             222             223             229             228
             223             224             230             229
             224             225             231             230
             225             226             232             231
             227             228             234             233
             228             229             235             234
             229             230             236             235
             230             231             237             236
             231             232             238             237
             233             234             240             239
             234             235             241             240
             235             236             242             241
             236             237             243             242
             237             238             244             243
             239             240             246             245
             240             241             247             246
             241             242             248             247
             242             243             249             248
             243             244             250             249
          0          0          0          0
