                    2          0
             1               1.5047460               0.5829417              -0.6684233
             2               1.5667356               0.6069566              -0.3342116
             3               1.6287253               0.6309715               0.0000000
             4               1.5592313               0.2914709              -0.6684233
             5               1.6234655               0.3034783              -0.3342116
             6               1.6876998               0.3154857               0.0000000
             7               1.6137166               0.0000000              -0.6684233
             8               1.6801955               0.0000000              -0.3342116
             9               1.7466743               0.0000000               0.0000000
            10               1.1516827               0.4461643              -1.2350852
            11               1.3282144               0.5145530              -0.9517543
            12               1.5047460               0.5829417              -0.6684233
            13               1.1933839               0.2230822              -1.2350852
            14               1.3763076               0.2572765              -0.9517543
            15               1.5592313               0.2914709              -0.6684233
            16               1.2350852               0.0000000              -1.2350852
            17               1.4244009               0.0000000              -0.9517543
            18               1.6137166               0.0000000              -0.6684233
            19               0.6232862               0.2414624              -1.6137166
            20               0.8874844               0.3438134              -1.4244009
            21               1.1516827               0.4461643              -1.2350852
            22               0.6684233               0.0000000              -1.6137166
            23               0.9517543               0.0000000              -1.4244009
            24               1.2350852               0.0000000              -1.2350852
            25               0.0000000               0.0000000              -1.7466743
            26               0.3116431               0.1207312              -1.6801955
            27               0.6232862               0.2414624              -1.6137166
            28               0.0000000               0.0000000              -1.7466743
            29               0.3342116               0.0000000              -1.6801955
            30               0.6684233               0.0000000              -1.6137166
            31               1.1925510               1.0871539              -0.6684233
            32               1.2416794               1.1319404              -0.3342116
            33               1.2908078               1.1767269               0.0000000
            34               1.3486485               0.8350478              -0.6684233
            35               1.4042076               0.8694485              -0.3342116
            36               1.4597666               0.9038492               0.0000000
            37               1.5047460               0.5829417              -0.6684233
            38               1.5667356               0.6069566              -0.3342116
            39               1.6287253               0.6309715               0.0000000
            40               0.9127390               0.8320716              -1.2350852
            41               1.0526450               0.9596127              -0.9517543
            42               1.1925510               1.0871539              -0.6684233
            43               1.0322108               0.6391180              -1.2350852
            44               1.1904297               0.7370829              -0.9517543
            45               1.3486485               0.8350478              -0.6684233
            46               1.1516827               0.4461643              -1.2350852
            47               1.3282144               0.5145530              -0.9517543
            48               1.5047460               0.5829417              -0.6684233
            49               0.4939708               0.4503139              -1.6137166
            50               0.7033549               0.6411927              -1.4244009
            51               0.9127390               0.8320716              -1.2350852
            52               0.6232862               0.2414624              -1.6137166
            53               0.8874844               0.3438134              -1.4244009
            54               1.1516827               0.4461643              -1.2350852
            55               0.0000000               0.0000000              -1.7466743
            56               0.2469854               0.2251569              -1.6801955
            57               0.4939708               0.4503139              -1.6137166
            58               0.0000000               0.0000000              -1.7466743
            59               0.3116431               0.1207312              -1.6801955
            60               0.6232862               0.2414624              -1.6137166
            61               0.7192954               1.4445399              -0.6684233
            62               0.7489275               1.5040493              -0.3342116
            63               0.7785597               1.5635587               0.0000000
            64               0.9559232               1.2658470              -0.6684233
            65               0.9953035               1.3179948              -0.3342116
            66               1.0346837               1.3701428               0.0000000
            67               1.1925510               1.0871539              -0.6684233
            68               1.2416794               1.1319404              -0.3342116
            69               1.2908078               1.1767269               0.0000000
            70               0.5505249               1.1056030              -1.2350852
            71               0.6349101               1.2750714              -0.9517543
            72               0.7192954               1.4445399              -0.6684233
            73               0.7316319               0.9688373              -1.2350852
            74               0.8437775               1.1173421              -0.9517543
            75               0.9559232               1.2658470              -0.6684233
            76               0.9127390               0.8320716              -1.2350852
            77               1.0526450               0.9596127              -0.9517543
            78               1.1925510               1.0871539              -0.6684233
            79               0.2979419               0.5983480              -1.6137166
            80               0.4242334               0.8519755              -1.4244009
            81               0.5505249               1.1056030              -1.2350852
            82               0.4939708               0.4503139              -1.6137166
            83               0.7033549               0.6411927              -1.4244009
            84               0.9127390               0.8320716              -1.2350852
            85               0.0000000               0.0000000              -1.7466743
            86               0.1489709               0.2991740              -1.6801955
            87               0.2979419               0.5983480              -1.6137166
            88               0.0000000               0.0000000              -1.7466743
            89               0.2469854               0.2251569              -1.6801955
            90               0.4939708               0.4503139              -1.6137166
            91               0.1488950               1.6068327              -0.6684233
            92               0.1550289               1.6730280              -0.3342116
            93               0.1611628               1.7392232               0.0000000
            94               0.4340952               1.5256863              -0.6684233
            95               0.4519782               1.5885386              -0.3342116
            96               0.4698612               1.6513910               0.0000000
            97               0.7192954               1.4445399              -0.6684233
            98               0.7489275               1.5040493              -0.3342116
            99               0.7785597               1.5635587               0.0000000
           100               0.1139593               1.2298166              -1.2350852
           101               0.1314271               1.4183247              -0.9517543
           102               0.1488950               1.6068327              -0.6684233
           103               0.3322421               1.1677098              -1.2350852
           104               0.3831686               1.3466980              -0.9517543
           105               0.4340952               1.5256863              -0.6684233
           106               0.5505249               1.1056030              -1.2350852
           107               0.6349101               1.2750714              -0.9517543
           108               0.7192954               1.4445399              -0.6684233
           109               0.0616743               0.6655719              -1.6137166
           110               0.0878168               0.9476942              -1.4244009
           111               0.1139593               1.2298166              -1.2350852
           112               0.2979419               0.5983480              -1.6137166
           113               0.4242334               0.8519755              -1.4244009
           114               0.5505249               1.1056030              -1.2350852
           115               0.0000000               0.0000000              -1.7466743
           116               0.0308372               0.3327860              -1.6801955
           117               0.0616743               0.6655719              -1.6137166
           118               0.0000000               0.0000000              -1.7466743
           119               0.1489709               0.2991740              -1.6801955
           120               0.2979419               0.5983480              -1.6137166
           121              -0.4416145               1.5521140              -0.6684233
           122              -0.4598073               1.6160550              -0.3342116
           123              -0.4780001               1.6799961               0.0000000
           124              -0.1463597               1.5794734              -0.6684233
           125              -0.1523892               1.6445415              -0.3342116
           126              -0.1584187               1.7096097               0.0000000
           127               0.1488950               1.6068327              -0.6684233
           128               0.1550289               1.6730280              -0.3342116
           129               0.1611628               1.7392232               0.0000000
           130              -0.3379971               1.1879367              -1.2350852
           131              -0.3898058               1.3700254              -0.9517543
           132              -0.4416145               1.5521140              -0.6684233
           133              -0.1120189               1.2088766              -1.2350852
           134              -0.1291893               1.3941751              -0.9517543
           135              -0.1463597               1.5794734              -0.6684233
           136               0.1139593               1.2298166              -1.2350852
           137               0.1314272               1.4183247              -0.9517543
           138               0.1488950               1.6068327              -0.6684233
           139              -0.1829227               0.6429067              -1.6137166
           140              -0.2604599               0.9154217              -1.4244009
           141              -0.3379971               1.1879367              -1.2350852
           142               0.0616743               0.6655719              -1.6137166
           143               0.0878168               0.9476942              -1.4244009
           144               0.1139593               1.2298166              -1.2350852
           145               0.0000000               0.0000000              -1.7466743
           146              -0.0914614               0.3214534              -1.6801955
           147              -0.1829227               0.6429067              -1.6137166
           148               0.0000000               0.0000000              -1.7466743
           149               0.0308371               0.3327860              -1.6801955
           150               0.0616743               0.6655719              -1.6137166
           151              -0.9724815               1.2877737              -0.6684233
           152              -1.0125439               1.3408250              -0.3342116
           153              -1.0526063               1.3938762               0.0000000
           154              -0.7070480               1.4199438              -0.6684233
           155              -0.7361757               1.4784400              -0.3342116
           156              -0.7653033               1.5369362               0.0000000
           157              -0.4416145               1.5521140              -0.6684233
           158              -0.4598073               1.6160550              -0.3342116
           159              -0.4780001               1.6799961               0.0000000
           160              -0.7443051               0.9856193              -1.2350852
           161              -0.8583933               1.1366966              -0.9517543
           162              -0.9724815               1.2877737              -0.6684233
           163              -0.5411511               1.0867779              -1.2350852
           164              -0.6240996               1.2533609              -0.9517543
           165              -0.7070480               1.4199438              -0.6684233
           166              -0.3379971               1.1879367              -1.2350852
           167              -0.3898058               1.3700254              -0.9517543
           168              -0.4416145               1.5521140              -0.6684233
           169              -0.4028150               0.5334133              -1.6137166
           170              -0.5735601               0.7595163              -1.4244009
           171              -0.7443051               0.9856193              -1.2350852
           172              -0.1829227               0.6429067              -1.6137166
           173              -0.2604599               0.9154217              -1.4244009
           174              -0.3379971               1.1879367              -1.2350852
           175               0.0000000               0.0000000              -1.7466743
           176              -0.2014075               0.2667066              -1.6801955
           177              -0.4028150               0.5334133              -1.6137166
           178               0.0000000               0.0000000              -1.7466743
           179              -0.0914614               0.3214534              -1.6801955
           180              -0.1829227               0.6429067              -1.6137166
           181              -1.3720095               0.8495123              -0.6684233
           182              -1.4285309               0.8845088              -0.3342116
           183              -1.4850523               0.9195055               0.0000000
           184              -1.1722455               1.0686430              -0.6684233
           185              -1.2205374               1.1126668              -0.3342116
           186              -1.2688293               1.1566908               0.0000000
           187              -0.9724815               1.2877737              -0.6684233
           188              -1.0125439               1.3408250              -0.3342116
           189              -1.0526063               1.3938762               0.0000000
           190              -1.0500906               0.6501886              -1.2350852
           191              -1.2110500               0.7498505              -0.9517543
           192              -1.3720095               0.8495123              -0.6684233
           193              -0.8971978               0.8179040              -1.2350852
           194              -1.0347216               0.9432735              -0.9517543
           195              -1.1722455               1.0686430              -0.6684233
           196              -0.7443051               0.9856193              -1.2350852
           197              -0.8583933               1.1366966              -0.9517543
           198              -0.9724815               1.2877737              -0.6684233
           199              -0.5683050               0.3518795              -1.6137166
           200              -0.8091978               0.5010341              -1.4244009
           201              -1.0500906               0.6501886              -1.2350852
           202              -0.4028150               0.5334133              -1.6137166
           203              -0.5735601               0.7595163              -1.4244009
           204              -0.7443051               0.9856193              -1.2350852
           205               0.0000000               0.0000000              -1.7466743
           206              -0.2841525               0.1759398              -1.6801955
           207              -0.5683050               0.3518795              -1.6137166
           208               0.0000000               0.0000000              -1.7466743
           209              -0.2014075               0.2667066              -1.6801955
           210              -0.4028150               0.5334133              -1.6137166
           211              -1.5862401               0.2965197              -0.6684233
           212              -1.6515870               0.3087351              -0.3342116
           213              -1.7169338               0.3209506               0.0000000
           214              -1.4791248               0.5730160              -0.6684233
           215              -1.5400590               0.5966220              -0.3342116
           216              -1.6009932               0.6202281               0.0000000
           217              -1.3720095               0.8495123              -0.6684233
           218              -1.4285309               0.8845088              -0.3342116
           219              -1.4850523               0.9195055               0.0000000
           220              -1.2140557               0.2269463              -1.2350852
           221              -1.4001479               0.2617330              -0.9517543
           222              -1.5862401               0.2965197              -0.6684233
           223              -1.1320732               0.4385675              -1.2350852
           224              -1.3055990               0.5057917              -0.9517543
           225              -1.4791248               0.5730160              -0.6684233
           226              -1.0500906               0.6501886              -1.2350852
           227              -1.2110500               0.7498505              -0.9517543
           228              -1.3720095               0.8495123              -0.6684233
           229              -0.6570421               0.1228225              -1.6137166
           230              -0.9355489               0.1748844              -1.4244009
           231              -1.2140557               0.2269463              -1.2350852
           232              -0.5683050               0.3518795              -1.6137166
           233              -0.8091978               0.5010341              -1.4244009
           234              -1.0500906               0.6501886              -1.2350852
           235               0.0000000               0.0000000              -1.7466743
           236              -0.3285210               0.0614113              -1.6801955
           237              -0.6570421               0.1228225              -1.6137166
           238               0.0000000               0.0000000              -1.7466743
           239              -0.2841525               0.1759398              -1.6801955
           240              -0.5683050               0.3518795              -1.6137166
           241              -1.5862401              -0.2965197              -0.6684233
           242              -1.6515870              -0.3087351              -0.3342116
           243              -1.7169338              -0.3209506               0.0000000
           244              -1.5862401               0.0000000              -0.6684233
           245              -1.6515870               0.0000000              -0.3342116
           246              -1.7169338               0.0000000               0.0000000
           247              -1.5862401               0.2965197              -0.6684233
           248              -1.6515870               0.3087351              -0.3342116
           249              -1.7169338               0.3209506               0.0000000
           250              -1.2140557              -0.2269463              -1.2350852
           251              -1.4001479              -0.2617330              -0.9517543
           252              -1.5862401              -0.2965197              -0.6684233
           253              -1.2140557               0.0000000              -1.2350852
           254              -1.4001479               0.0000000              -0.9517543
           255              -1.5862401               0.0000000              -0.6684233
           256              -1.2140557               0.2269463              -1.2350852
           257              -1.4001479               0.2617330              -0.9517543
           258              -1.5862401               0.2965197              -0.6684233
           259              -0.6570421              -0.1228225              -1.6137166
           260              -0.9355489              -0.1748844              -1.4244009
           261              -1.2140557              -0.2269463              -1.2350852
           262              -0.6570421               0.1228225              -1.6137166
           263              -0.9355489               0.1748844              -1.4244009
           264              -1.2140557               0.2269463              -1.2350852
           265               0.0000000               0.0000000              -1.7466743
           266              -0.3285210              -0.0614113              -1.6801955
           267              -0.6570421              -0.1228225              -1.6137166
           268               0.0000000               0.0000000              -1.7466743
           269              -0.3285210               0.0614113              -1.6801955
           270              -0.6570421               0.1228225              -1.6137166
           271              -1.3720095              -0.8495123              -0.6684233
           272              -1.4285309              -0.8845088              -0.3342116
           273              -1.4850523              -0.9195055               0.0000000
           274              -1.4791248              -0.5730160              -0.6684233
           275              -1.5400590              -0.5966220              -0.3342116
           276              -1.6009932              -0.6202281               0.0000000
           277              -1.5862401              -0.2965197              -0.6684233
           278              -1.6515870              -0.3087352              -0.3342116
           279              -1.7169338              -0.3209506               0.0000000
           280              -1.0500906              -0.6501886              -1.2350852
           281              -1.2110500              -0.7498505              -0.9517543
           282              -1.3720095              -0.8495123              -0.6684233
           283              -1.1320732              -0.4385675              -1.2350852
           284              -1.3055990              -0.5057917              -0.9517543
           285              -1.4791248              -0.5730160              -0.6684233
           286              -1.2140557              -0.2269463              -1.2350852
           287              -1.4001479              -0.2617330              -0.9517543
           288              -1.5862401              -0.2965197              -0.6684233
           289              -0.5683050              -0.3518795              -1.6137166
           290              -0.8091978              -0.5010341              -1.4244009
           291              -1.0500906              -0.6501886              -1.2350852
           292              -0.6570421              -0.1228225              -1.6137166
           293              -0.9355489              -0.1748844              -1.4244009
           294              -1.2140557              -0.2269463              -1.2350852
           295               0.0000000               0.0000000              -1.7466743
           296              -0.2841525              -0.1759398              -1.6801955
           297              -0.5683050              -0.3518795              -1.6137166
           298               0.0000000               0.0000000              -1.7466743
           299              -0.3285210              -0.0614112              -1.6801955
           300              -0.6570421              -0.1228225              -1.6137166
           301              -0.9724815              -1.2877737              -0.6684233
           302              -1.0125439              -1.3408250              -0.3342116
           303              -1.0526063              -1.3938762               0.0000000
           304              -1.1722455              -1.0686430              -0.6684233
           305              -1.2205374              -1.1126668              -0.3342116
           306              -1.2688293              -1.1566908               0.0000000
           307              -1.3720095              -0.8495123              -0.6684233
           308              -1.4285309              -0.8845088              -0.3342116
           309              -1.4850523              -0.9195055               0.0000000
           310              -0.7443051              -0.9856193              -1.2350852
           311              -0.8583933              -1.1366966              -0.9517543
           312              -0.9724815              -1.2877737              -0.6684233
           313              -0.8971978              -0.8179040              -1.2350852
           314              -1.0347216              -0.9432735              -0.9517543
           315              -1.1722455              -1.0686430              -0.6684233
           316              -1.0500906              -0.6501886              -1.2350852
           317              -1.2110500              -0.7498505              -0.9517543
           318              -1.3720095              -0.8495123              -0.6684233
           319              -0.4028150              -0.5334133              -1.6137166
           320              -0.5735601              -0.7595163              -1.4244009
           321              -0.7443051              -0.9856193              -1.2350852
           322              -0.5683050              -0.3518795              -1.6137166
           323              -0.8091978              -0.5010341              -1.4244009
           324              -1.0500906              -0.6501886              -1.2350852
           325               0.0000000               0.0000000              -1.7466743
           326              -0.2014075              -0.2667066              -1.6801955
           327              -0.4028150              -0.5334133              -1.6137166
           328               0.0000000               0.0000000              -1.7466743
           329              -0.2841525              -0.1759398              -1.6801955
           330              -0.5683050              -0.3518795              -1.6137166
           331              -0.4416145              -1.5521140              -0.6684233
           332              -0.4598073              -1.6160550              -0.3342116
           333              -0.4780001              -1.6799961               0.0000000
           334              -0.7070480              -1.4199438              -0.6684233
           335              -0.7361757              -1.4784400              -0.3342116
           336              -0.7653033              -1.5369362               0.0000000
           337              -0.9724815              -1.2877737              -0.6684233
           338              -1.0125439              -1.3408250              -0.3342116
           339              -1.0526063              -1.3938762               0.0000000
           340              -0.3379971              -1.1879367              -1.2350852
           341              -0.3898058              -1.3700254              -0.9517543
           342              -0.4416145              -1.5521140              -0.6684233
           343              -0.5411511              -1.0867779              -1.2350852
           344              -0.6240996              -1.2533609              -0.9517543
           345              -0.7070480              -1.4199438              -0.6684233
           346              -0.7443051              -0.9856193              -1.2350852
           347              -0.8583933              -1.1366966              -0.9517543
           348              -0.9724815              -1.2877737              -0.6684233
           349              -0.1829227              -0.6429067              -1.6137166
           350              -0.2604599              -0.9154217              -1.4244009
           351              -0.3379971              -1.1879367              -1.2350852
           352              -0.4028150              -0.5334133              -1.6137166
           353              -0.5735601              -0.7595163              -1.4244009
           354              -0.7443051              -0.9856193              -1.2350852
           355               0.0000000               0.0000000              -1.7466743
           356              -0.0914614              -0.3214534              -1.6801955
           357              -0.1829227              -0.6429067              -1.6137166
           358               0.0000000               0.0000000              -1.7466743
           359              -0.2014075              -0.2667066              -1.6801955
           360              -0.4028150              -0.5334133              -1.6137166
           361               0.1488950              -1.6068327              -0.6684233
           362               0.1550289              -1.6730280              -0.3342116
           363               0.1611628              -1.7392232               0.0000000
           364              -0.1463598              -1.5794734              -0.6684233
           365              -0.1523892              -1.6445415              -0.3342116
           366              -0.1584187              -1.7096097               0.0000000
           367              -0.4416145              -1.5521140              -0.6684233
           368              -0.4598073              -1.6160550              -0.3342116
           369              -0.4780001              -1.6799961               0.0000000
           370               0.1139593              -1.2298166              -1.2350852
           371               0.1314271              -1.4183247              -0.9517543
           372               0.1488950              -1.6068327              -0.6684233
           373              -0.1120189              -1.2088766              -1.2350852
           374              -0.1291893              -1.3941751              -0.9517543
           375              -0.1463598              -1.5794734              -0.6684233
           376              -0.3379971              -1.1879367              -1.2350852
           377              -0.3898058              -1.3700254              -0.9517543
           378              -0.4416145              -1.5521140              -0.6684233
           379               0.0616743              -0.6655719              -1.6137166
           380               0.0878168              -0.9476942              -1.4244009
           381               0.1139593              -1.2298166              -1.2350852
           382              -0.1829227              -0.6429067              -1.6137166
           383              -0.2604599              -0.9154217              -1.4244009
           384              -0.3379971              -1.1879367              -1.2350852
           385               0.0000000               0.0000000              -1.7466743
           386               0.0308372              -0.3327860              -1.6801955
           387               0.0616743              -0.6655719              -1.6137166
           388               0.0000000               0.0000000              -1.7466743
           389              -0.0914614              -0.3214534              -1.6801955
           390              -0.1829227              -0.6429067              -1.6137166
           391               0.7192954              -1.4445399              -0.6684233
           392               0.7489275              -1.5040493              -0.3342116
           393               0.7785597              -1.5635587               0.0000000
           394               0.4340952              -1.5256863              -0.6684233
           395               0.4519782              -1.5885386              -0.3342116
           396               0.4698612              -1.6513910               0.0000000
           397               0.1488950              -1.6068327              -0.6684233
           398               0.1550289              -1.6730280              -0.3342116
           399               0.1611628              -1.7392232               0.0000000
           400               0.5505249              -1.1056030              -1.2350852
           401               0.6349101              -1.2750714              -0.9517543
           402               0.7192954              -1.4445399              -0.6684233
           403               0.3322421              -1.1677098              -1.2350852
           404               0.3831686              -1.3466980              -0.9517543
           405               0.4340952              -1.5256863              -0.6684233
           406               0.1139593              -1.2298166              -1.2350852
           407               0.1314272              -1.4183247              -0.9517543
           408               0.1488950              -1.6068327              -0.6684233
           409               0.2979419              -0.5983480              -1.6137166
           410               0.4242334              -0.8519755              -1.4244009
           411               0.5505249              -1.1056030              -1.2350852
           412               0.0616743              -0.6655719              -1.6137166
           413               0.0878168              -0.9476942              -1.4244009
           414               0.1139593              -1.2298166              -1.2350852
           415               0.0000000               0.0000000              -1.7466743
           416               0.1489709              -0.2991740              -1.6801955
           417               0.2979419              -0.5983480              -1.6137166
           418               0.0000000               0.0000000              -1.7466743
           419               0.0308371              -0.3327860              -1.6801955
           420               0.0616743              -0.6655719              -1.6137166
           421               1.1925510              -1.0871539              -0.6684233
           422               1.2416794              -1.1319404              -0.3342116
           423               1.2908078              -1.1767269               0.0000000
           424               0.9559232              -1.2658470              -0.6684233
           425               0.9953035              -1.3179948              -0.3342116
           426               1.0346837              -1.3701428               0.0000000
           427               0.7192954              -1.4445399              -0.6684233
           428               0.7489275              -1.5040493              -0.3342116
           429               0.7785597              -1.5635587               0.0000000
           430               0.9127390              -0.8320716              -1.2350852
           431               1.0526450              -0.9596127              -0.9517543
           432               1.1925510              -1.0871539              -0.6684233
           433               0.7316319              -0.9688373              -1.2350852
           434               0.8437775              -1.1173421              -0.9517543
           435               0.9559232              -1.2658470              -0.6684233
           436               0.5505249              -1.1056030              -1.2350852
           437               0.6349101              -1.2750714              -0.9517543
           438               0.7192954              -1.4445399              -0.6684233
           439               0.4939708              -0.4503139              -1.6137166
           440               0.7033549              -0.6411927              -1.4244009
           441               0.9127390              -0.8320716              -1.2350852
           442               0.2979419              -0.5983480              -1.6137166
           443               0.4242334              -0.8519755              -1.4244009
           444               0.5505249              -1.1056030              -1.2350852
           445               0.0000000               0.0000000              -1.7466743
           446               0.2469854              -0.2251569              -1.6801955
           447               0.4939708              -0.4503139              -1.6137166
           448               0.0000000               0.0000000              -1.7466743
           449               0.1489709              -0.2991740              -1.6801955
           450               0.2979419              -0.5983480              -1.6137166
           451               1.5047460              -0.5829417              -0.6684233
           452               1.5667356              -0.6069566              -0.3342116
           453               1.6287253              -0.6309715               0.0000000
           454               1.3486485              -0.8350478              -0.6684233
           455               1.4042076              -0.8694485              -0.3342116
           456               1.4597666              -0.9038492               0.0000000
           457               1.1925510              -1.0871539              -0.6684233
           458               1.2416794              -1.1319404              -0.3342116
           459               1.2908078              -1.1767269               0.0000000
           460               1.1516827              -0.4461643              -1.2350852
           461               1.3282144              -0.5145530              -0.9517543
           462               1.5047460              -0.5829417              -0.6684233
           463               1.0322108              -0.6391180              -1.2350852
           464               1.1904297              -0.7370829              -0.9517543
           465               1.3486485              -0.8350478              -0.6684233
           466               0.9127390              -0.8320716              -1.2350852
           467               1.0526450              -0.9596127              -0.9517543
           468               1.1925510              -1.0871539              -0.6684233
           469               0.6232862              -0.2414624              -1.6137166
           470               0.8874844              -0.3438134              -1.4244009
           471               1.1516827              -0.4461643              -1.2350852
           472               0.4939708              -0.4503139              -1.6137166
           473               0.7033549              -0.6411927              -1.4244009
           474               0.9127390              -0.8320716              -1.2350852
           475               0.0000000               0.0000000              -1.7466743
           476               0.3116431              -0.1207312              -1.6801955
           477               0.6232862              -0.2414624              -1.6137166
           478               0.0000000               0.0000000              -1.7466743
           479               0.2469854              -0.2251569              -1.6801955
           480               0.4939708              -0.4503139              -1.6137166
           481               1.6137166               0.0000000              -0.6684233
           482               1.6801955               0.0000000              -0.3342116
           483               1.7466743               0.0000000               0.0000000
           484               1.5592313              -0.2914709              -0.6684233
           485               1.6234655              -0.3034783              -0.3342116
           486               1.6876998              -0.3154857               0.0000000
           487               1.5047460              -0.5829417              -0.6684233
           488               1.5667356              -0.6069566              -0.3342116
           489               1.6287253              -0.6309715               0.0000000
           490               1.2350852               0.0000000              -1.2350852
           491               1.4244009               0.0000000              -0.9517543
           492               1.6137166               0.0000000              -0.6684233
           493               1.1933839              -0.2230822              -1.2350852
           494               1.3763076              -0.2572765              -0.9517543
           495               1.5592313              -0.2914709              -0.6684233
           496               1.1516827              -0.4461643              -1.2350852
           497               1.3282144              -0.5145530              -0.9517543
           498               1.5047460              -0.5829417              -0.6684233
           499               0.6684233               0.0000000              -1.6137166
           500               0.9517543               0.0000000              -1.4244009
           501               1.2350852               0.0000000              -1.2350852
           502               0.6232862              -0.2414624              -1.6137166
           503               0.8874844              -0.3438134              -1.4244009
           504               1.1516827              -0.4461643              -1.2350852
           505               0.0000000               0.0000000              -1.7466743
           506               0.3342116               0.0000000              -1.6801955
           507               0.6684233               0.0000000              -1.6137166
           508               0.0000000               0.0000000              -1.7466743
           509               0.3116431              -0.1207312              -1.6801955
           510               0.6232862              -0.2414624              -1.6137166
             0          0.00          0.00          0.00
               1               2               5               4
               2               3               6               5
               4               5               8               7
               5               6               9               8
              10              11              14              13
              11              12              15              14
              13              14              17              16
              14              15              18              17
              19              20              23              22
              20              21              24              23
              25              26              29              28
              26              27              30              29
              31              32              35              34
              32              33              36              35
              34              35              38              37
              35              36              39              38
              40              41              44              43
              41              42              45              44
              43              44              47              46
              44              45              48              47
              49              50              53              52
              50              51              54              53
              55              56              59              58
              56              57              60              59
              61              62              65              64
              62              63              66              65
              64              65              68              67
              65              66              69              68
              70              71              74              73
              71              72              75              74
              73              74              77              76
              74              75              78              77
              79              80              83              82
              80              81              84              83
              85              86              89              88
              86              87              90              89
              91              92              95              94
              92              93              96              95
              94              95              98              97
              95              96              99              98
             100             101             104             103
             101             102             105             104
             103             104             107             106
             104             105             108             107
             109             110             113             112
             110             111             114             113
             115             116             119             118
             116             117             120             119
             121             122             125             124
             122             123             126             125
             124             125             128             127
             125             126             129             128
             130             131             134             133
             131             132             135             134
             133             134             137             136
             134             135             138             137
             139             140             143             142
             140             141             144             143
             145             146             149             148
             146             147             150             149
             151             152             155             154
             152             153             156             155
             154             155             158             157
             155             156             159             158
             160             161             164             163
             161             162             165             164
             163             164             167             166
             164             165             168             167
             169             170             173             172
             170             171             174             173
             175             176             179             178
             176             177             180             179
             181             182             185             184
             182             183             186             185
             184             185             188             187
             185             186             189             188
             190             191             194             193
             191             192             195             194
             193             194             197             196
             194             195             198             197
             199             200             203             202
             200             201             204             203
             205             206             209             208
             206             207             210             209
             211             212             215             214
             212             213             216             215
             214             215             218             217
             215             216             219             218
             220             221             224             223
             221             222             225             224
             223             224             227             226
             224             225             228             227
             229             230             233             232
             230             231             234             233
             235             236             239             238
             236             237             240             239
             241             242             245             244
             242             243             246             245
             244             245             248             247
             245             246             249             248
             250             251             254             253
             251             252             255             254
             253             254             257             256
             254             255             258             257
             259             260             263             262
             260             261             264             263
             265             266             269             268
             266             267             270             269
             271             272             275             274
             272             273             276             275
             274             275             278             277
             275             276             279             278
             280             281             284             283
             281             282             285             284
             283             284             287             286
             284             285             288             287
             289             290             293             292
             290             291             294             293
             295             296             299             298
             296             297             300             299
             301             302             305             304
             302             303             306             305
             304             305             308             307
             305             306             309             308
             310             311             314             313
             311             312             315             314
             313             314             317             316
             314             315             318             317
             319             320             323             322
             320             321             324             323
             325             326             329             328
             326             327             330             329
             331             332             335             334
             332             333             336             335
             334             335             338             337
             335             336             339             338
             340             341             344             343
             341             342             345             344
             343             344             347             346
             344             345             348             347
             349             350             353             352
             350             351             354             353
             355             356             359             358
             356             357             360             359
             361             362             365             364
             362             363             366             365
             364             365             368             367
             365             366             369             368
             370             371             374             373
             371             372             375             374
             373             374             377             376
             374             375             378             377
             379             380             383             382
             380             381             384             383
             385             386             389             388
             386             387             390             389
             391             392             395             394
             392             393             396             395
             394             395             398             397
             395             396             399             398
             400             401             404             403
             401             402             405             404
             403             404             407             406
             404             405             408             407
             409             410             413             412
             410             411             414             413
             415             416             419             418
             416             417             420             419
             421             422             425             424
             422             423             426             425
             424             425             428             427
             425             426             429             428
             430             431             434             433
             431             432             435             434
             433             434             437             436
             434             435             438             437
             439             440             443             442
             440             441             444             443
             445             446             449             448
             446             447             450             449
             451             452             455             454
             452             453             456             455
             454             455             458             457
             455             456             459             458
             460             461             464             463
             461             462             465             464
             463             464             467             466
             464             465             468             467
             469             470             473             472
             470             471             474             473
             475             476             479             478
             476             477             480             479
             481             482             485             484
             482             483             486             485
             484             485             488             487
             485             486             489             488
             490             491             494             493
             491             492             495             494
             493             494             497             496
             494             495             498             497
             499             500             503             502
             500             501             504             503
             505             506             509             508
             506             507             510             509
          0          0          0          0
