                    2          0
             1               2.2108970               0.8565060              -0.9821027
             2               2.3019772               0.8917907              -0.4910513
             3               2.3930576               0.9270754               0.0000000
             4               2.2909513               0.4282530              -0.9821027
             5               2.3853295               0.4458953              -0.4910513
             6               2.4797077               0.4635377               0.0000000
             7               2.3710055               0.0000000              -0.9821027
             8               2.4686818               0.0000000              -0.4910513
             9               2.5663579               0.0000000               0.0000000
            10               1.6921473               0.6555413              -1.8146892
            11               1.9515221               0.7560236              -1.3983959
            12               2.2108970               0.8565060              -0.9821027
            13               1.8146892               0.0000000              -1.8146892
            14               2.0928473               0.0000000              -1.3983959
            15               2.3710055               0.0000000              -0.9821027
            16               0.9157835               0.3547764              -2.3710055
            17               1.3039653               0.5051588              -2.0928473
            18               1.6921473               0.6555413              -1.8146892
            19               0.9821027               0.0000000              -2.3710055
            20               1.3983959               0.0000000              -2.0928473
            21               1.8146892               0.0000000              -1.8146892
            22               0.0000000               0.0000000              -2.5663579
            23               0.4578918               0.1773882              -2.4686818
            24               0.9157835               0.3547764              -2.3710055
            25               0.0000000               0.0000000              -2.5663579
            26               0.4910513               0.0000000              -2.4686818
            27               0.9821027               0.0000000              -2.3710055
            28               1.7521943               1.5973361              -0.9821027
            29               1.8243778               1.6631401              -0.4910513
            30               1.8965614               1.7289442               0.0000000
            31               1.9815457               1.2269211              -0.9821027
            32               2.0631776               1.2774655              -0.4910513
            33               2.1448095               1.3280098               0.0000000
            34               2.2108970               0.8565060              -0.9821027
            35               2.3019772               0.8917907              -0.4910513
            36               2.3930576               0.9270754               0.0000000
            37               1.3410714               1.2225481              -1.8146892
            38               1.5466328               1.4099422              -1.3983959
            39               1.7521943               1.5973361              -0.9821027
            40               1.6921473               0.6555413              -1.8146892
            41               1.9515221               0.7560236              -1.3983959
            42               2.2108970               0.8565060              -0.9821027
            43               0.7257826               0.6616383              -2.3710055
            44               1.0334270               0.9420933              -2.0928473
            45               1.3410714               1.2225481              -1.8146892
            46               0.9157835               0.3547764              -2.3710055
            47               1.3039653               0.5051588              -2.0928473
            48               1.6921473               0.6555413              -1.8146892
            49               0.0000000               0.0000000              -2.5663579
            50               0.3628913               0.3308192              -2.4686818
            51               0.7257826               0.6616383              -2.3710055
            52               0.0000000               0.0000000              -2.5663579
            53               0.4578918               0.1773882              -2.4686818
            54               0.9157835               0.3547764              -2.3710055
            55               1.0568480               2.1224372              -0.9821027
            56               1.1003861               2.2098732              -0.4910513
            57               1.1439242               2.2973094               0.0000000
            58               1.4045212               1.8598866              -0.9821027
            59               1.4623821               1.9365067              -0.4910513
            60               1.5202428               2.0131269               0.0000000
            61               1.7521943               1.5973361              -0.9821027
            62               1.8243778               1.6631401              -0.4910513
            63               1.8965614               1.7289442               0.0000000
            64               0.8088765               1.6244431              -1.8146892
            65               0.9328623               1.8734401              -1.3983959
            66               1.0568480               2.1224372              -0.9821027
            67               1.3410714               1.2225481              -1.8146892
            68               1.5466328               1.4099422              -1.3983959
            69               1.7521943               1.5973361              -0.9821027
            70               0.4377608               0.8791423              -2.3710055
            71               0.6233187               1.2517927              -2.0928473
            72               0.8088765               1.6244431              -1.8146892
            73               0.7257826               0.6616383              -2.3710055
            74               1.0334270               0.9420933              -2.0928473
            75               1.3410714               1.2225481              -1.8146892
            76               0.0000000               0.0000000              -2.5663579
            77               0.2188804               0.4395711              -2.4686818
            78               0.4377608               0.8791423              -2.3710055
            79               0.0000000               0.0000000              -2.5663579
            80               0.3628913               0.3308192              -2.4686818
            81               0.7257826               0.6616383              -2.3710055
            82               0.2187688               2.3608913              -0.9821027
            83               0.2277812               2.4581509              -0.4910513
            84               0.2367936               2.5554104               0.0000000
            85               0.6378084               2.2416644              -0.9821027
            86               0.6640837               2.3340120              -0.4910513
            87               0.6903589               2.4263599               0.0000000
            88               1.0568480               2.1224372              -0.9821027
            89               1.1003861               2.2098732              -0.4910513
            90               1.1439242               2.2973094               0.0000000
            91               0.1674384               1.8069479              -1.8146892
            92               0.1931036               2.0839195              -1.3983959
            93               0.2187688               2.3608913              -0.9821027
            94               0.8088765               1.6244431              -1.8146892
            95               0.9328623               1.8734401              -1.3983959
            96               1.0568480               2.1224372              -0.9821027
            97               0.0906170               0.9779132              -2.3710055
            98               0.1290277               1.3924305              -2.0928473
            99               0.1674384               1.8069479              -1.8146892
           100               0.4377608               0.8791423              -2.3710055
           101               0.6233187               1.2517927              -2.0928473
           102               0.8088765               1.6244431              -1.8146892
           103               0.0000000               0.0000000              -2.5663579
           104               0.0453085               0.4889566              -2.4686818
           105               0.0906170               0.9779132              -2.3710055
           106               0.0000000               0.0000000              -2.5663579
           107               0.2188804               0.4395711              -2.4686818
           108               0.4377608               0.8791423              -2.3710055
           109              -0.6488565               2.2804940              -0.9821027
           110              -0.6755868               2.3744414              -0.4910513
           111              -0.7023172               2.4683888               0.0000000
           112              -0.2150438               2.3206925              -0.9821027
           113              -0.2239028               2.4162960              -0.4910513
           114              -0.2327618               2.5118995               0.0000000
           115               0.2187688               2.3608913              -0.9821027
           116               0.2277812               2.4581509              -0.4910513
           117               0.2367936               2.5554104               0.0000000
           118              -0.4966132               1.7454145              -1.8146892
           119              -0.5727348               2.0129542              -1.3983959
           120              -0.6488565               2.2804940              -0.9821027
           121               0.1674384               1.8069479              -1.8146892
           122               0.1931036               2.0839195              -1.3983959
           123               0.2187688               2.3608913              -0.9821027
           124              -0.2687652               0.9446115              -2.3710055
           125              -0.3826892               1.3450130              -2.0928473
           126              -0.4966132               1.7454145              -1.8146892
           127               0.0906170               0.9779132              -2.3710055
           128               0.1290277               1.3924305              -2.0928473
           129               0.1674384               1.8069479              -1.8146892
           130               0.0000000               0.0000000              -2.5663579
           131              -0.1343826               0.4723057              -2.4686818
           132              -0.2687652               0.9446115              -2.3710055
           133               0.0000000               0.0000000              -2.5663579
           134               0.0453085               0.4889566              -2.4686818
           135               0.0906170               0.9779132              -2.3710055
           136              -1.4288501               1.8921033              -0.9821027
           137              -1.4877131               1.9700506              -0.4910513
           138              -1.5465761               2.0479977               0.0000000
           139              -1.0388533               2.0862987              -0.9821027
           140              -1.0816500               2.1722460              -0.4910513
           141              -1.1244466               2.2581933               0.0000000
           142              -0.6488565               2.2804940              -0.9821027
           143              -0.6755868               2.3744414              -0.4910513
           144              -0.7023172               2.4683888               0.0000000
           145              -1.0935946               1.4481533              -1.8146892
           146              -1.2612224               1.6701283              -1.3983959
           147              -1.4288501               1.8921033              -0.9821027
           148              -0.4966132               1.7454145              -1.8146892
           149              -0.5727348               2.0129542              -1.3983959
           150              -0.6488565               2.2804940              -0.9821027
           151              -0.5918491               0.7837348              -2.3710055
           152              -0.8427218               1.1159440              -2.0928473
           153              -1.0935946               1.4481533              -1.8146892
           154              -0.2687652               0.9446115              -2.3710055
           155              -0.3826892               1.3450130              -2.0928473
           156              -0.4966132               1.7454145              -1.8146892
           157               0.0000000               0.0000000              -2.5663579
           158              -0.2959245               0.3918674              -2.4686818
           159              -0.5918491               0.7837348              -2.3710055
           160               0.0000000               0.0000000              -2.5663579
           161              -0.1343826               0.4723057              -2.4686818
           162              -0.2687652               0.9446115              -2.3710055
           163              -2.0158696               1.2481736              -0.9821027
           164              -2.0989156               1.2995934              -0.4910513
           165              -2.1819615               1.3510134               0.0000000
           166              -1.7223599               1.5701385              -0.9821027
           167              -1.7933143               1.6348220              -0.4910513
           168              -1.8642688               1.6995056               0.0000000
           169              -1.4288501               1.8921033              -0.9821027
           170              -1.4877131               1.9700506              -0.4910513
           171              -1.5465761               2.0479977               0.0000000
           172              -1.5428798               0.9553107              -1.8146892
           173              -1.7793747               1.1017421              -1.3983959
           174              -2.0158696               1.2481736              -0.9821027
           175              -1.0935946               1.4481533              -1.8146892
           176              -1.2612224               1.6701283              -1.3983959
           177              -1.4288501               1.8921033              -0.9821027
           178              -0.8350005               0.5170104              -2.3710055
           179              -1.1889402               0.7361605              -2.0928473
           180              -1.5428798               0.9553107              -1.8146892
           181              -0.5918491               0.7837348              -2.3710055
           182              -0.8427218               1.1159440              -2.0928473
           183              -1.0935946               1.4481533              -1.8146892
           184               0.0000000               0.0000000              -2.5663579
           185              -0.4175003               0.2585052              -2.4686818
           186              -0.8350005               0.5170104              -2.3710055
           187               0.0000000               0.0000000              -2.5663579
           188              -0.2959245               0.3918674              -2.4686818
           189              -0.5918491               0.7837348              -2.3710055
           190              -2.3306346               0.4356711              -0.9821027
           191              -2.4266477               0.4536191              -0.4910513
           192              -2.5226607               0.4715670               0.0000000
           193              -2.1732521               0.8419223              -0.9821027
           194              -2.2627816               0.8766062              -0.4910513
           195              -2.3523111               0.9112902               0.0000000
           196              -2.0158696               1.2481736              -0.9821027
           197              -2.0989156               1.2995934              -0.4910513
           198              -2.1819615               1.3510134               0.0000000
           199              -1.7837906               0.3334482              -1.8146892
           200              -2.0572126               0.3845596              -1.3983959
           201              -2.3306346               0.4356711              -0.9821027
           202              -1.5428798               0.9553107              -1.8146892
           203              -1.7793747               1.1017421              -1.3983959
           204              -2.0158696               1.2481736              -0.9821027
           205              -0.9653805               0.1804609              -2.3710055
           206              -1.3745855               0.2569546              -2.0928473
           207              -1.7837906               0.3334482              -1.8146892
           208              -0.8350005               0.5170104              -2.3710055
           209              -1.1889402               0.7361605              -2.0928473
           210              -1.5428798               0.9553107              -1.8146892
           211               0.0000000               0.0000000              -2.5663579
           212              -0.4826902               0.0902305              -2.4686818
           213              -0.9653805               0.1804609              -2.3710055
           214               0.0000000               0.0000000              -2.5663579
           215              -0.4175003               0.2585052              -2.4686818
           216              -0.8350005               0.5170104              -2.3710055
           217              -2.3306346              -0.4356711              -0.9821027
           218              -2.4266477              -0.4536191              -0.4910513
           219              -2.5226607              -0.4715670               0.0000000
           220              -2.3306346               0.0000000              -0.9821027
           221              -2.4266477               0.0000000              -0.4910513
           222              -2.5226607               0.0000000               0.0000000
           223              -2.3306346               0.4356711              -0.9821027
           224              -2.4266477               0.4536191              -0.4910513
           225              -2.5226607               0.4715670               0.0000000
           226              -1.7837906              -0.3334482              -1.8146892
           227              -2.0572126              -0.3845596              -1.3983959
           228              -2.3306346              -0.4356711              -0.9821027
           229              -1.7837906               0.3334482              -1.8146892
           230              -2.0572126               0.3845596              -1.3983959
           231              -2.3306346               0.4356711              -0.9821027
           232              -0.9653805              -0.1804609              -2.3710055
           233              -1.3745855              -0.2569546              -2.0928473
           234              -1.7837906              -0.3334482              -1.8146892
           235              -0.9653805               0.1804609              -2.3710055
           236              -1.3745855               0.2569546              -2.0928473
           237              -1.7837906               0.3334482              -1.8146892
           238               0.0000000               0.0000000              -2.5663579
           239              -0.4826902              -0.0902305              -2.4686818
           240              -0.9653805              -0.1804609              -2.3710055
           241               0.0000000               0.0000000              -2.5663579
           242              -0.4826902               0.0902305              -2.4686818
           243              -0.9653805               0.1804609              -2.3710055
           244              -2.0158696              -1.2481736              -0.9821027
           245              -2.0989156              -1.2995934              -0.4910513
           246              -2.1819615              -1.3510134               0.0000000
           247              -2.1732521              -0.8419223              -0.9821027
           248              -2.2627816              -0.8766063              -0.4910513
           249              -2.3523111              -0.9112902               0.0000000
           250              -2.3306346              -0.4356711              -0.9821027
           251              -2.4266477              -0.4536191              -0.4910513
           252              -2.5226607              -0.4715670               0.0000000
           253              -1.5428798              -0.9553107              -1.8146892
           254              -1.7793747              -1.1017421              -1.3983959
           255              -2.0158696              -1.2481736              -0.9821027
           256              -1.7837906              -0.3334482              -1.8146892
           257              -2.0572126              -0.3845596              -1.3983959
           258              -2.3306346              -0.4356711              -0.9821027
           259              -0.8350005              -0.5170104              -2.3710055
           260              -1.1889402              -0.7361605              -2.0928473
           261              -1.5428798              -0.9553107              -1.8146892
           262              -0.9653805              -0.1804609              -2.3710055
           263              -1.3745855              -0.2569546              -2.0928473
           264              -1.7837906              -0.3334482              -1.8146892
           265               0.0000000               0.0000000              -2.5663579
           266              -0.4175003              -0.2585052              -2.4686818
           267              -0.8350005              -0.5170104              -2.3710055
           268               0.0000000               0.0000000              -2.5663579
           269              -0.4826902              -0.0902305              -2.4686818
           270              -0.9653805              -0.1804609              -2.3710055
           271              -1.4288501              -1.8921033              -0.9821027
           272              -1.4877131              -1.9700506              -0.4910513
           273              -1.5465761              -2.0479977               0.0000000
           274              -1.7223599              -1.5701385              -0.9821027
           275              -1.7933143              -1.6348220              -0.4910513
           276              -1.8642688              -1.6995056               0.0000000
           277              -2.0158696              -1.2481736              -0.9821027
           278              -2.0989156              -1.2995934              -0.4910513
           279              -2.1819615              -1.3510134               0.0000000
           280              -1.0935946              -1.4481533              -1.8146892
           281              -1.2612224              -1.6701283              -1.3983959
           282              -1.4288501              -1.8921033              -0.9821027
           283              -1.5428798              -0.9553107              -1.8146892
           284              -1.7793747              -1.1017421              -1.3983959
           285              -2.0158696              -1.2481736              -0.9821027
           286              -0.5918491              -0.7837348              -2.3710055
           287              -0.8427218              -1.1159440              -2.0928473
           288              -1.0935946              -1.4481533              -1.8146892
           289              -0.8350005              -0.5170104              -2.3710055
           290              -1.1889402              -0.7361605              -2.0928473
           291              -1.5428798              -0.9553107              -1.8146892
           292               0.0000000               0.0000000              -2.5663579
           293              -0.2959245              -0.3918674              -2.4686818
           294              -0.5918491              -0.7837348              -2.3710055
           295               0.0000000               0.0000000              -2.5663579
           296              -0.4175003              -0.2585052              -2.4686818
           297              -0.8350005              -0.5170104              -2.3710055
           298              -0.6488565              -2.2804940              -0.9821027
           299              -0.6755868              -2.3744414              -0.4910513
           300              -0.7023172              -2.4683888               0.0000000
           301              -1.0388533              -2.0862987              -0.9821027
           302              -1.0816500              -2.1722460              -0.4910513
           303              -1.1244466              -2.2581933               0.0000000
           304              -1.4288501              -1.8921033              -0.9821027
           305              -1.4877131              -1.9700506              -0.4910513
           306              -1.5465761              -2.0479977               0.0000000
           307              -0.4966132              -1.7454145              -1.8146892
           308              -0.5727348              -2.0129542              -1.3983959
           309              -0.6488565              -2.2804940              -0.9821027
           310              -1.0935946              -1.4481533              -1.8146892
           311              -1.2612224              -1.6701283              -1.3983959
           312              -1.4288501              -1.8921033              -0.9821027
           313              -0.2687652              -0.9446115              -2.3710055
           314              -0.3826892              -1.3450130              -2.0928473
           315              -0.4966132              -1.7454145              -1.8146892
           316              -0.5918491              -0.7837348              -2.3710055
           317              -0.8427218              -1.1159440              -2.0928473
           318              -1.0935946              -1.4481533              -1.8146892
           319               0.0000000               0.0000000              -2.5663579
           320              -0.1343826              -0.4723057              -2.4686818
           321              -0.2687652              -0.9446115              -2.3710055
           322               0.0000000               0.0000000              -2.5663579
           323              -0.2959245              -0.3918674              -2.4686818
           324              -0.5918491              -0.7837348              -2.3710055
           325               0.2187688              -2.3608913              -0.9821027
           326               0.2277812              -2.4581509              -0.4910513
           327               0.2367936              -2.5554104               0.0000000
           328              -0.2150439              -2.3206925              -0.9821027
           329              -0.2239028              -2.4162960              -0.4910513
           330              -0.2327618              -2.5118995               0.0000000
           331              -0.6488565              -2.2804940              -0.9821027
           332              -0.6755868              -2.3744414              -0.4910513
           333              -0.7023172              -2.4683888               0.0000000
           334               0.1674384              -1.8069479              -1.8146892
           335               0.1931036              -2.0839195              -1.3983959
           336               0.2187688              -2.3608913              -0.9821027
           337              -0.4966132              -1.7454145              -1.8146892
           338              -0.5727348              -2.0129542              -1.3983959
           339              -0.6488565              -2.2804940              -0.9821027
           340               0.0906170              -0.9779132              -2.3710055
           341               0.1290277              -1.3924305              -2.0928473
           342               0.1674384              -1.8069479              -1.8146892
           343              -0.2687652              -0.9446115              -2.3710055
           344              -0.3826892              -1.3450130              -2.0928473
           345              -0.4966132              -1.7454145              -1.8146892
           346               0.0000000               0.0000000              -2.5663579
           347               0.0453085              -0.4889566              -2.4686818
           348               0.0906170              -0.9779132              -2.3710055
           349               0.0000000               0.0000000              -2.5663579
           350              -0.1343826              -0.4723057              -2.4686818
           351              -0.2687652              -0.9446115              -2.3710055
           352               1.0568480              -2.1224372              -0.9821027
           353               1.1003861              -2.2098732              -0.4910513
           354               1.1439242              -2.2973094               0.0000000
           355               0.6378084              -2.2416644              -0.9821027
           356               0.6640837              -2.3340120              -0.4910513
           357               0.6903589              -2.4263599               0.0000000
           358               0.2187688              -2.3608913              -0.9821027
           359               0.2277812              -2.4581509              -0.4910513
           360               0.2367936              -2.5554104               0.0000000
           361               0.8088765              -1.6244431              -1.8146892
           362               0.9328623              -1.8734401              -1.3983959
           363               1.0568480              -2.1224372              -0.9821027
           364               0.1674384              -1.8069479              -1.8146892
           365               0.1931036              -2.0839195              -1.3983959
           366               0.2187688              -2.3608913              -0.9821027
           367               0.4377608              -0.8791423              -2.3710055
           368               0.6233187              -1.2517927              -2.0928473
           369               0.8088765              -1.6244431              -1.8146892
           370               0.0906170              -0.9779132              -2.3710055
           371               0.1290277              -1.3924305              -2.0928473
           372               0.1674384              -1.8069479              -1.8146892
           373               0.0000000               0.0000000              -2.5663579
           374               0.2188804              -0.4395711              -2.4686818
           375               0.4377608              -0.8791423              -2.3710055
           376               0.0000000               0.0000000              -2.5663579
           377               0.0453085              -0.4889566              -2.4686818
           378               0.0906170              -0.9779132              -2.3710055
           379               1.7521943              -1.5973361              -0.9821027
           380               1.8243778              -1.6631401              -0.4910513
           381               1.8965614              -1.7289442               0.0000000
           382               1.4045212              -1.8598866              -0.9821027
           383               1.4623821              -1.9365067              -0.4910513
           384               1.5202428              -2.0131269               0.0000000
           385               1.0568480              -2.1224372              -0.9821027
           386               1.1003861              -2.2098732              -0.4910513
           387               1.1439242              -2.2973094               0.0000000
           388               1.3410714              -1.2225481              -1.8146892
           389               1.5466328              -1.4099422              -1.3983959
           390               1.7521943              -1.5973361              -0.9821027
           391               0.8088765              -1.6244431              -1.8146892
           392               0.9328623              -1.8734401              -1.3983959
           393               1.0568480              -2.1224372              -0.9821027
           394               0.7257826              -0.6616383              -2.3710055
           395               1.0334270              -0.9420933              -2.0928473
           396               1.3410714              -1.2225481              -1.8146892
           397               0.4377608              -0.8791423              -2.3710055
           398               0.6233187              -1.2517927              -2.0928473
           399               0.8088765              -1.6244431              -1.8146892
           400               0.0000000               0.0000000              -2.5663579
           401               0.3628913              -0.3308192              -2.4686818
           402               0.7257826              -0.6616383              -2.3710055
           403               0.0000000               0.0000000              -2.5663579
           404               0.2188804              -0.4395711              -2.4686818
           405               0.4377608              -0.8791423              -2.3710055
           406               2.2108970              -0.8565060              -0.9821027
           407               2.3019772              -0.8917907              -0.4910513
           408               2.3930576              -0.9270754               0.0000000
           409               1.9815457              -1.2269211              -0.9821027
           410               2.0631776              -1.2774655              -0.4910513
           411               2.1448095              -1.3280098               0.0000000
           412               1.7521943              -1.5973361              -0.9821027
           413               1.8243778              -1.6631401              -0.4910513
           414               1.8965614              -1.7289442               0.0000000
           415               1.6921473              -0.6555413              -1.8146892
           416               1.9515221              -0.7560236              -1.3983959
           417               2.2108970              -0.8565060              -0.9821027
           418               1.3410714              -1.2225481              -1.8146892
           419               1.5466328              -1.4099422              -1.3983959
           420               1.7521943              -1.5973361              -0.9821027
           421               0.9157835              -0.3547764              -2.3710055
           422               1.3039653              -0.5051588              -2.0928473
           423               1.6921473              -0.6555413              -1.8146892
           424               0.7257826              -0.6616383              -2.3710055
           425               1.0334270              -0.9420933              -2.0928473
           426               1.3410714              -1.2225481              -1.8146892
           427               0.0000000               0.0000000              -2.5663579
           428               0.4578918              -0.1773882              -2.4686818
           429               0.9157835              -0.3547764              -2.3710055
           430               0.0000000               0.0000000              -2.5663579
           431               0.3628913              -0.3308192              -2.4686818
           432               0.7257826              -0.6616383              -2.3710055
           433               2.3710055               0.0000000              -0.9821027
           434               2.4686818               0.0000000              -0.4910513
           435               2.5663579               0.0000000               0.0000000
           436               2.2909513              -0.4282530              -0.9821027
           437               2.3853295              -0.4458953              -0.4910513
           438               2.4797077              -0.4635377               0.0000000
           439               2.2108970              -0.8565060              -0.9821027
           440               2.3019772              -0.8917907              -0.4910513
           441               2.3930576              -0.9270754               0.0000000
           442               1.8146892               0.0000000              -1.8146892
           443               2.0928473               0.0000000              -1.3983959
           444               2.3710055               0.0000000              -0.9821027
           445               1.6921473              -0.6555413              -1.8146892
           446               1.9515221              -0.7560236              -1.3983959
           447               2.2108970              -0.8565060              -0.9821027
           448               0.9821027               0.0000000              -2.3710055
           449               1.3983959               0.0000000              -2.0928473
           450               1.8146892               0.0000000              -1.8146892
           451               0.9157835              -0.3547764              -2.3710055
           452               1.3039653              -0.5051588              -2.0928473
           453               1.6921473              -0.6555413              -1.8146892
           454               0.0000000               0.0000000              -2.5663579
           455               0.4910513               0.0000000              -2.4686818
           456               0.9821027               0.0000000              -2.3710055
           457               0.0000000               0.0000000              -2.5663579
           458               0.4578918              -0.1773882              -2.4686818
           459               0.9157835              -0.3547764              -2.3710055
             0          0.00          0.00          0.00
               1               2               5               4
               2               3               6               5
               4               5               8               7
               5               6               9               8
              10              11              14              13
              11              12              15              14
              16              17              20              19
              17              18              21              20
              22              23              26              25
              23              24              27              26
              28              29              32              31
              29              30              33              32
              31              32              35              34
              32              33              36              35
              37              38              41              40
              38              39              42              41
              43              44              47              46
              44              45              48              47
              49              50              53              52
              50              51              54              53
              55              56              59              58
              56              57              60              59
              58              59              62              61
              59              60              63              62
              64              65              68              67
              65              66              69              68
              70              71              74              73
              71              72              75              74
              76              77              80              79
              77              78              81              80
              82              83              86              85
              83              84              87              86
              85              86              89              88
              86              87              90              89
              91              92              95              94
              92              93              96              95
              97              98             101             100
              98              99             102             101
             103             104             107             106
             104             105             108             107
             109             110             113             112
             110             111             114             113
             112             113             116             115
             113             114             117             116
             118             119             122             121
             119             120             123             122
             124             125             128             127
             125             126             129             128
             130             131             134             133
             131             132             135             134
             136             137             140             139
             137             138             141             140
             139             140             143             142
             140             141             144             143
             145             146             149             148
             146             147             150             149
             151             152             155             154
             152             153             156             155
             157             158             161             160
             158             159             162             161
             163             164             167             166
             164             165             168             167
             166             167             170             169
             167             168             171             170
             172             173             176             175
             173             174             177             176
             178             179             182             181
             179             180             183             182
             184             185             188             187
             185             186             189             188
             190             191             194             193
             191             192             195             194
             193             194             197             196
             194             195             198             197
             199             200             203             202
             200             201             204             203
             205             206             209             208
             206             207             210             209
             211             212             215             214
             212             213             216             215
             217             218             221             220
             218             219             222             221
             220             221             224             223
             221             222             225             224
             226             227             230             229
             227             228             231             230
             232             233             236             235
             233             234             237             236
             238             239             242             241
             239             240             243             242
             244             245             248             247
             245             246             249             248
             247             248             251             250
             248             249             252             251
             253             254             257             256
             254             255             258             257
             259             260             263             262
             260             261             264             263
             265             266             269             268
             266             267             270             269
             271             272             275             274
             272             273             276             275
             274             275             278             277
             275             276             279             278
             280             281             284             283
             281             282             285             284
             286             287             290             289
             287             288             291             290
             292             293             296             295
             293             294             297             296
             298             299             302             301
             299             300             303             302
             301             302             305             304
             302             303             306             305
             307             308             311             310
             308             309             312             311
             313             314             317             316
             314             315             318             317
             319             320             323             322
             320             321             324             323
             325             326             329             328
             326             327             330             329
             328             329             332             331
             329             330             333             332
             334             335             338             337
             335             336             339             338
             340             341             344             343
             341             342             345             344
             346             347             350             349
             347             348             351             350
             352             353             356             355
             353             354             357             356
             355             356             359             358
             356             357             360             359
             361             362             365             364
             362             363             366             365
             367             368             371             370
             368             369             372             371
             373             374             377             376
             374             375             378             377
             379             380             383             382
             380             381             384             383
             382             383             386             385
             383             384             387             386
             388             389             392             391
             389             390             393             392
             394             395             398             397
             395             396             399             398
             400             401             404             403
             401             402             405             404
             406             407             410             409
             407             408             411             410
             409             410             413             412
             410             411             414             413
             415             416             419             418
             416             417             420             419
             421             422             425             424
             422             423             426             425
             427             428             431             430
             428             429             432             431
             433             434             437             436
             434             435             438             437
             436             437             440             439
             437             438             441             440
             442             443             446             445
             443             444             447             446
             448             449             452             451
             449             450             453             452
             454             455             458             457
             455             456             459             458
          0          0          0          0
