                    2          0
             1               3.0711541               1.1897715              -1.3642377
             2               3.1976738               1.2387855              -0.6821188
             3               3.3241935               1.2877994               0.0000000
             4               3.1823575               0.5948858              -1.3642377
             5               3.3134584               0.6193928              -0.6821188
             6               3.4445591               0.6438997               0.0000000
             7               3.2935610               0.0000000              -1.3642377
             8               3.4292428               0.0000000              -0.6821188
             9               3.5649247               0.0000000               0.0000000
            10               2.3505597               0.9106117              -2.5207825
            11               2.7108569               1.0501916              -1.9425101
            12               3.0711541               1.1897715              -1.3642377
            13               2.4356711               0.4553058              -2.5207825
            14               2.8090143               0.5250958              -1.9425101
            15               3.1823575               0.5948858              -1.3642377
            16               2.5207825               0.0000000              -2.5207825
            17               2.9071717               0.0000000              -1.9425101
            18               3.2935610               0.0000000              -1.3642377
            19               1.2721137               0.4928195              -3.2935610
            20               1.8113368               0.7017156              -2.9071717
            21               2.3505597               0.9106117              -2.5207825
            22               1.3642377               0.0000000              -3.2935610
            23               1.9425101               0.0000000              -2.9071717
            24               2.5207825               0.0000000              -2.5207825
            25               0.0000000               0.0000000              -3.5649247
            26               0.6360568               0.2464097              -3.4292428
            27               1.2721137               0.4928195              -3.2935610
            28               0.0000000               0.0000000              -3.5649247
            29               0.6821188               0.0000000              -3.4292428
            30               1.3642377               0.0000000              -3.2935610
            31               2.4339709               2.2188578              -1.3642377
            32               2.5342412               2.3102660              -0.6821188
            33               2.6345112               2.4016743               0.0000000
            34               2.7525625               1.7043147              -1.3642377
            35               2.8659575               1.7745258              -0.6821188
            36               2.9793525               1.8447368               0.0000000
            37               3.0711541               1.1897715              -1.3642377
            38               3.1976738               1.2387855              -0.6821188
            39               3.3241935               1.2877994               0.0000000
            40               1.8628808               1.6982402              -2.5207825
            41               2.1484258               1.9585490              -1.9425101
            42               2.4339709               2.2188578              -1.3642377
            43               2.1067202               1.3044260              -2.5207825
            44               2.4296412               1.5043703              -1.9425101
            45               2.7525625               1.7043147              -1.3642377
            46               2.3505597               0.9106117              -2.5207825
            47               2.7108569               1.0501916              -1.9425101
            48               3.0711541               1.1897715              -1.3642377
            49               1.0081838               0.9190810              -3.2935610
            50               1.4355323               1.3086605              -2.9071717
            51               1.8628808               1.6982402              -2.5207825
            52               1.2721137               0.4928195              -3.2935610
            53               1.8113368               0.7017156              -2.9071717
            54               2.3505597               0.9106117              -2.5207825
            55               0.0000000               0.0000000              -3.5649247
            56               0.5040919               0.4595405              -3.4292428
            57               1.0081838               0.9190810              -3.2935610
            58               0.0000000               0.0000000              -3.5649247
            59               0.6360568               0.2464097              -3.4292428
            60               1.2721137               0.4928195              -3.2935610
            61               1.4680665               2.9482751              -1.3642377
            62               1.5285451               3.0697324              -0.6821188
            63               1.5890237               3.1911898               0.0000000
            64               1.9510187               2.5835664              -1.3642377
            65               2.0313931               2.6899991              -0.6821188
            66               2.1117675               2.7964320               0.0000000
            67               2.4339709               2.2188578              -1.3642377
            68               2.5342412               2.3102660              -0.6821188
            69               2.6345112               2.4016743               0.0000000
            70               1.1236095               2.2565119              -2.5207825
            71               1.2958380               2.6023936              -1.9425101
            72               1.4680665               2.9482751              -1.3642377
            73               1.4932451               1.9773760              -2.5207825
            74               1.7221320               2.2804713              -1.9425101
            75               1.9510187               2.5835664              -1.3642377
            76               1.8628808               1.6982402              -2.5207825
            77               2.1484258               1.9585490              -1.9425101
            78               2.4339709               2.2188578              -1.3642377
            79               0.6080931               1.2212155              -3.2935610
            80               0.8658513               1.7388637              -2.9071717
            81               1.1236095               2.2565119              -2.5207825
            82               1.0081838               0.9190810              -3.2935610
            83               1.4355323               1.3086605              -2.9071717
            84               1.8628808               1.6982402              -2.5207825
            85               0.0000000               0.0000000              -3.5649247
            86               0.3040465               0.6106077              -3.4292428
            87               0.6080931               1.2212155              -3.2935610
            88               0.0000000               0.0000000              -3.5649247
            89               0.5040919               0.4595405              -3.4292428
            90               1.0081838               0.9190810              -3.2935610
            91               0.3038915               3.2795112              -1.3642377
            92               0.3164107               3.4146142              -0.6821188
            93               0.3289298               3.5497174               0.0000000
            94               0.8859789               3.1138930              -1.3642377
            95               0.9224778               3.2421732              -0.6821188
            96               0.9589767               3.3704536               0.0000000
            97               1.4680665               2.9482751              -1.3642377
            98               1.5285451               3.0697324              -0.6821188
            99               1.5890237               3.1911898               0.0000000
           100               0.2325885               2.5100293              -2.5207825
           101               0.2682400               2.8947701              -1.9425101
           102               0.3038915               3.2795112              -1.3642377
           103               0.6780990               2.3832707              -2.5207825
           104               0.7820390               2.7485819              -1.9425101
           105               0.8859789               3.1138930              -1.3642377
           106               1.1236095               2.2565119              -2.5207825
           107               1.2958380               2.6023936              -1.9425101
           108               1.4680665               2.9482751              -1.3642377
           109               0.1258760               1.3584181              -3.2935610
           110               0.1792322               1.9342237              -2.9071717
           111               0.2325885               2.5100293              -2.5207825
           112               0.6080931               1.2212155              -3.2935610
           113               0.8658513               1.7388637              -2.9071717
           114               1.1236095               2.2565119              -2.5207825
           115               0.0000000               0.0000000              -3.5649247
           116               0.0629380               0.6792091              -3.4292428
           117               0.1258760               1.3584181              -3.2935610
           118               0.0000000               0.0000000              -3.5649247
           119               0.3040465               0.6106077              -3.4292428
           120               0.6080931               1.2212155              -3.2935610
           121              -0.9013258               3.1678314              -1.3642377
           122              -0.9384569               3.2983336              -0.6821188
           123              -0.9755880               3.4288361               0.0000000
           124              -0.2987171               3.2236714              -1.3642377
           125              -0.3110231               3.3564742              -0.6821188
           126              -0.3233291               3.4892769               0.0000000
           127               0.3038915               3.2795112              -1.3642377
           128               0.3164107               3.4146142              -0.6821188
           129               0.3289298               3.5497174               0.0000000
           130              -0.6898449               2.4245534              -2.5207825
           131              -0.7955854               2.7961924              -1.9425101
           132              -0.9013258               3.1678314              -1.3642377
           133              -0.2286282               2.4672914              -2.5207825
           134              -0.2636727               2.8454814              -1.9425101
           135              -0.2987171               3.2236714              -1.3642377
           136               0.2325885               2.5100293              -2.5207825
           137               0.2682400               2.8947701              -1.9425101
           138               0.3038915               3.2795112              -1.3642377
           139              -0.3733414               1.3121588              -3.2935610
           140              -0.5315931               1.8683561              -2.9071717
           141              -0.6898449               2.4245534              -2.5207825
           142               0.1258760               1.3584181              -3.2935610
           143               0.1792322               1.9342237              -2.9071717
           144               0.2325885               2.5100293              -2.5207825
           145               0.0000000               0.0000000              -3.5649247
           146              -0.1866707               0.6560794              -3.4292428
           147              -0.3733414               1.3121588              -3.2935610
           148               0.0000000               0.0000000              -3.5649247
           149               0.0629380               0.6792091              -3.4292428
           150               0.1258760               1.3584181              -3.2935610
           151              -1.9848140               2.6283185              -1.3642377
           152              -2.0665805               2.7365949              -0.6821188
           153              -2.1483471               2.8448713               0.0000000
           154              -1.4430699               2.8980751              -1.3642377
           155              -1.5025188               3.0174644              -0.6821188
           156              -1.5619676               3.1368537               0.0000000
           157              -0.9013258               3.1678314              -1.3642377
           158              -0.9384570               3.2983336              -0.6821188
           159              -0.9755881               3.4288361               0.0000000
           160              -1.5191109               2.0116279              -2.5207825
           161              -1.7519624               2.3199732              -1.9425101
           162              -1.9848140               2.6283185              -1.3642377
           163              -1.1044779               2.2180905              -2.5207825
           164              -1.2737739               2.5580828              -1.9425101
           165              -1.4430699               2.8980751              -1.3642377
           166              -0.6898449               2.4245534              -2.5207825
           167              -0.7955854               2.7961924              -1.9425101
           168              -0.9013258               3.1678314              -1.3642377
           169              -0.8221369               1.0886852              -3.2935610
           170              -1.1706239               1.5501566              -2.9071717
           171              -1.5191109               2.0116279              -2.5207825
           172              -0.3733414               1.3121588              -3.2935610
           173              -0.5315931               1.8683561              -2.9071717
           174              -0.6898449               2.4245534              -2.5207825
           175               0.0000000               0.0000000              -3.5649247
           176              -0.4110684               0.5443426              -3.4292428
           177              -0.8221369               1.0886852              -3.2935610
           178               0.0000000               0.0000000              -3.5649247
           179              -0.1866707               0.6560794              -3.4292428
           180              -0.3733414               1.3121588              -3.2935610
           181              -2.8002422               1.7338365              -1.3642377
           182              -2.9156013               1.8052638              -0.6821188
           183              -3.0309601               1.8766911               0.0000000
           184              -2.3925281               2.1810775              -1.3642377
           185              -2.4910908               2.2709293              -0.6821188
           186              -2.5896535               2.3607812               0.0000000
           187              -1.9848140               2.6283185              -1.3642377
           188              -2.0665805               2.7365949              -0.6821188
           189              -2.1483471               2.8448713               0.0000000
           190              -2.1432126               1.3270210              -2.5207825
           191              -2.4717274               1.5304288              -1.9425101
           192              -2.8002422               1.7338365              -1.3642377
           193              -1.8311617               1.6693244              -2.5207825
           194              -2.1118450               1.9252009              -1.9425101
           195              -2.3925281               2.1810775              -1.3642377
           196              -1.5191109               2.0116279              -2.5207825
           197              -1.7519624               2.3199732              -1.9425101
           198              -1.9848140               2.6283185              -1.3642377
           199              -1.1598982               0.7181786              -3.2935610
           200              -1.6515553               1.0225998              -2.9071717
           201              -2.1432126               1.3270210              -2.5207825
           202              -0.8221369               1.0886852              -3.2935610
           203              -1.1706239               1.5501566              -2.9071717
           204              -1.5191109               2.0116279              -2.5207825
           205               0.0000000               0.0000000              -3.5649247
           206              -0.5799491               0.3590893              -3.4292428
           207              -1.1598982               0.7181786              -3.2935610
           208               0.0000000               0.0000000              -3.5649247
           209              -0.4110684               0.5443426              -3.4292428
           210              -0.8221369               1.0886852              -3.2935610
           211              -3.2374818               0.6051903              -1.3642377
           212              -3.3708534               0.6301217              -0.6821188
           213              -3.5042253               0.6550532               0.0000000
           214              -3.0188620               1.1695135              -1.3642377
           215              -3.1432273               1.2176929              -0.6821188
           216              -3.2675927               1.2658722               0.0000000
           217              -2.8002422               1.7338365              -1.3642377
           218              -2.9156013               1.8052638              -0.6821188
           219              -3.0309601               1.8766911               0.0000000
           220              -2.4778614               0.4631926              -2.5207825
           221              -2.8576717               0.5341914              -1.9425101
           222              -3.2374818               0.6051903              -1.3642377
           223              -2.3105369               0.8951068              -2.5207825
           224              -2.6646996               1.0323101              -1.9425101
           225              -3.0188620               1.1695135              -1.3642377
           226              -2.1432126               1.3270210              -2.5207825
           227              -2.4717274               1.5304288              -1.9425101
           228              -2.8002422               1.7338365              -1.3642377
           229              -1.3410089               0.2506780              -3.2935610
           230              -1.9094352               0.3569353              -2.9071717
           231              -2.4778614               0.4631926              -2.5207825
           232              -1.1598982               0.7181786              -3.2935610
           233              -1.6515553               1.0225998              -2.9071717
           234              -2.1432126               1.3270210              -2.5207825
           235               0.0000000               0.0000000              -3.5649247
           236              -0.6705045               0.1253390              -3.4292428
           237              -1.3410089               0.2506780              -3.2935610
           238               0.0000000               0.0000000              -3.5649247
           239              -0.5799491               0.3590893              -3.4292428
           240              -1.1598982               0.7181786              -3.2935610
           241              -3.2374818              -0.6051903              -1.3642377
           242              -3.3708534              -0.6301217              -0.6821188
           243              -3.5042253              -0.6550532               0.0000000
           244              -3.2374818               0.0000000              -1.3642377
           245              -3.3708534               0.0000000              -0.6821188
           246              -3.5042253               0.0000000               0.0000000
           247              -3.2374818               0.6051903              -1.3642377
           248              -3.3708534               0.6301217              -0.6821188
           249              -3.5042253               0.6550532               0.0000000
           250              -2.4778614              -0.4631926              -2.5207825
           251              -2.8576717              -0.5341914              -1.9425101
           252              -3.2374818              -0.6051903              -1.3642377
           253              -2.4778614               0.0000000              -2.5207825
           254              -2.8576717               0.0000000              -1.9425101
           255              -3.2374818               0.0000000              -1.3642377
           256              -2.4778614               0.4631926              -2.5207825
           257              -2.8576717               0.5341914              -1.9425101
           258              -3.2374818               0.6051903              -1.3642377
           259              -1.3410089              -0.2506780              -3.2935610
           260              -1.9094352              -0.3569353              -2.9071717
           261              -2.4778614              -0.4631926              -2.5207825
           262              -1.3410089               0.2506780              -3.2935610
           263              -1.9094352               0.3569353              -2.9071717
           264              -2.4778614               0.4631926              -2.5207825
           265               0.0000000               0.0000000              -3.5649247
           266              -0.6705045              -0.1253390              -3.4292428
           267              -1.3410089              -0.2506780              -3.2935610
           268               0.0000000               0.0000000              -3.5649247
           269              -0.6705045               0.1253390              -3.4292428
           270              -1.3410089               0.2506780              -3.2935610
           271              -2.8002422              -1.7338365              -1.3642377
           272              -2.9156013              -1.8052638              -0.6821188
           273              -3.0309601              -1.8766911               0.0000000
           274              -3.0188620              -1.1695135              -1.3642377
           275              -3.1432273              -1.2176929              -0.6821188
           276              -3.2675927              -1.2658721               0.0000000
           277              -3.2374818              -0.6051903              -1.3642377
           278              -3.3708534              -0.6301217              -0.6821188
           279              -3.5042253              -0.6550531               0.0000000
           280              -2.1432126              -1.3270210              -2.5207825
           281              -2.4717274              -1.5304288              -1.9425101
           282              -2.8002422              -1.7338365              -1.3642377
           283              -2.3105369              -0.8951068              -2.5207825
           284              -2.6646996              -1.0323101              -1.9425101
           285              -3.0188620              -1.1695135              -1.3642377
           286              -2.4778614              -0.4631926              -2.5207825
           287              -2.8576717              -0.5341914              -1.9425101
           288              -3.2374818              -0.6051903              -1.3642377
           289              -1.1598982              -0.7181786              -3.2935610
           290              -1.6515553              -1.0225998              -2.9071717
           291              -2.1432126              -1.3270210              -2.5207825
           292              -1.3410089              -0.2506780              -3.2935610
           293              -1.9094352              -0.3569353              -2.9071717
           294              -2.4778614              -0.4631926              -2.5207825
           295               0.0000000               0.0000000              -3.5649247
           296              -0.5799491              -0.3590893              -3.4292428
           297              -1.1598982              -0.7181786              -3.2935610
           298               0.0000000               0.0000000              -3.5649247
           299              -0.6705045              -0.1253390              -3.4292428
           300              -1.3410089              -0.2506780              -3.2935610
           301              -1.9848140              -2.6283185              -1.3642377
           302              -2.0665805              -2.7365949              -0.6821188
           303              -2.1483471              -2.8448713               0.0000000
           304              -2.3925281              -2.1810775              -1.3642377
           305              -2.4910908              -2.2709293              -0.6821188
           306              -2.5896535              -2.3607812               0.0000000
           307              -2.8002422              -1.7338365              -1.3642377
           308              -2.9156013              -1.8052638              -0.6821188
           309              -3.0309601              -1.8766911               0.0000000
           310              -1.5191109              -2.0116279              -2.5207825
           311              -1.7519624              -2.3199732              -1.9425101
           312              -1.9848140              -2.6283185              -1.3642377
           313              -1.8311617              -1.6693244              -2.5207825
           314              -2.1118450              -1.9252009              -1.9425101
           315              -2.3925281              -2.1810775              -1.3642377
           316              -2.1432126              -1.3270210              -2.5207825
           317              -2.4717274              -1.5304288              -1.9425101
           318              -2.8002422              -1.7338365              -1.3642377
           319              -0.8221369              -1.0886852              -3.2935610
           320              -1.1706239              -1.5501566              -2.9071717
           321              -1.5191109              -2.0116279              -2.5207825
           322              -1.1598982              -0.7181786              -3.2935610
           323              -1.6515553              -1.0225998              -2.9071717
           324              -2.1432126              -1.3270210              -2.5207825
           325               0.0000000               0.0000000              -3.5649247
           326              -0.4110684              -0.5443426              -3.4292428
           327              -0.8221369              -1.0886852              -3.2935610
           328               0.0000000               0.0000000              -3.5649247
           329              -0.5799491              -0.3590893              -3.4292428
           330              -1.1598982              -0.7181786              -3.2935610
           331              -0.9013258              -3.1678314              -1.3642377
           332              -0.9384569              -3.2983336              -0.6821188
           333              -0.9755880              -3.4288361               0.0000000
           334              -1.4430699              -2.8980751              -1.3642377
           335              -1.5025188              -3.0174644              -0.6821188
           336              -1.5619676              -3.1368537               0.0000000
           337              -1.9848140              -2.6283185              -1.3642377
           338              -2.0665805              -2.7365949              -0.6821188
           339              -2.1483471              -2.8448713               0.0000000
           340              -0.6898449              -2.4245534              -2.5207825
           341              -0.7955854              -2.7961924              -1.9425101
           342              -0.9013258              -3.1678314              -1.3642377
           343              -1.1044779              -2.2180905              -2.5207825
           344              -1.2737739              -2.5580828              -1.9425101
           345              -1.4430699              -2.8980751              -1.3642377
           346              -1.5191109              -2.0116279              -2.5207825
           347              -1.7519624              -2.3199732              -1.9425101
           348              -1.9848140              -2.6283185              -1.3642377
           349              -0.3733414              -1.3121588              -3.2935610
           350              -0.5315931              -1.8683561              -2.9071717
           351              -0.6898449              -2.4245534              -2.5207825
           352              -0.8221369              -1.0886852              -3.2935610
           353              -1.1706239              -1.5501566              -2.9071717
           354              -1.5191109              -2.0116279              -2.5207825
           355               0.0000000               0.0000000              -3.5649247
           356              -0.1866707              -0.6560794              -3.4292428
           357              -0.3733414              -1.3121588              -3.2935610
           358               0.0000000               0.0000000              -3.5649247
           359              -0.4110684              -0.5443426              -3.4292428
           360              -0.8221369              -1.0886852              -3.2935610
           361               0.3038915              -3.2795112              -1.3642377
           362               0.3164107              -3.4146142              -0.6821188
           363               0.3289298              -3.5497174               0.0000000
           364              -0.2987172              -3.2236714              -1.3642377
           365              -0.3110231              -3.3564742              -0.6821188
           366              -0.3233291              -3.4892769               0.0000000
           367              -0.9013258              -3.1678314              -1.3642377
           368              -0.9384570              -3.2983336              -0.6821188
           369              -0.9755881              -3.4288361               0.0000000
           370               0.2325885              -2.5100293              -2.5207825
           371               0.2682400              -2.8947701              -1.9425101
           372               0.3038915              -3.2795112              -1.3642377
           373              -0.2286282              -2.4672914              -2.5207825
           374              -0.2636727              -2.8454814              -1.9425101
           375              -0.2987172              -3.2236714              -1.3642377
           376              -0.6898448              -2.4245534              -2.5207825
           377              -0.7955853              -2.7961924              -1.9425101
           378              -0.9013258              -3.1678314              -1.3642377
           379               0.1258760              -1.3584181              -3.2935610
           380               0.1792322              -1.9342237              -2.9071717
           381               0.2325885              -2.5100293              -2.5207825
           382              -0.3733414              -1.3121588              -3.2935610
           383              -0.5315931              -1.8683561              -2.9071717
           384              -0.6898448              -2.4245534              -2.5207825
           385               0.0000000               0.0000000              -3.5649247
           386               0.0629380              -0.6792091              -3.4292428
           387               0.1258760              -1.3584181              -3.2935610
           388               0.0000000               0.0000000              -3.5649247
           389              -0.1866707              -0.6560794              -3.4292428
           390              -0.3733414              -1.3121588              -3.2935610
           391               1.4680665              -2.9482751              -1.3642377
           392               1.5285451              -3.0697324              -0.6821188
           393               1.5890237              -3.1911898               0.0000000
           394               0.8859790              -3.1138930              -1.3642377
           395               0.9224778              -3.2421732              -0.6821188
           396               0.9589767              -3.3704536               0.0000000
           397               0.3038915              -3.2795112              -1.3642377
           398               0.3164107              -3.4146142              -0.6821188
           399               0.3289298              -3.5497174               0.0000000
           400               1.1236095              -2.2565119              -2.5207825
           401               1.2958380              -2.6023936              -1.9425101
           402               1.4680665              -2.9482751              -1.3642377
           403               0.6780990              -2.3832707              -2.5207825
           404               0.7820390              -2.7485819              -1.9425101
           405               0.8859790              -3.1138930              -1.3642377
           406               0.2325885              -2.5100293              -2.5207825
           407               0.2682400              -2.8947701              -1.9425101
           408               0.3038915              -3.2795112              -1.3642377
           409               0.6080931              -1.2212155              -3.2935610
           410               0.8658513              -1.7388637              -2.9071717
           411               1.1236095              -2.2565119              -2.5207825
           412               0.1258760              -1.3584181              -3.2935610
           413               0.1792323              -1.9342237              -2.9071717
           414               0.2325885              -2.5100293              -2.5207825
           415               0.0000000               0.0000000              -3.5649247
           416               0.3040465              -0.6106077              -3.4292428
           417               0.6080931              -1.2212155              -3.2935610
           418               0.0000000               0.0000000              -3.5649247
           419               0.0629380              -0.6792091              -3.4292428
           420               0.1258760              -1.3584181              -3.2935610
           421               2.4339709              -2.2188578              -1.3642377
           422               2.5342412              -2.3102660              -0.6821188
           423               2.6345112              -2.4016743               0.0000000
           424               1.9510187              -2.5835664              -1.3642377
           425               2.0313931              -2.6899991              -0.6821188
           426               2.1117675              -2.7964320               0.0000000
           427               1.4680665              -2.9482751              -1.3642377
           428               1.5285451              -3.0697324              -0.6821188
           429               1.5890237              -3.1911898               0.0000000
           430               1.8628808              -1.6982402              -2.5207825
           431               2.1484258              -1.9585490              -1.9425101
           432               2.4339709              -2.2188578              -1.3642377
           433               1.4932451              -1.9773760              -2.5207825
           434               1.7221320              -2.2804713              -1.9425101
           435               1.9510187              -2.5835664              -1.3642377
           436               1.1236095              -2.2565119              -2.5207825
           437               1.2958380              -2.6023936              -1.9425101
           438               1.4680665              -2.9482751              -1.3642377
           439               1.0081838              -0.9190810              -3.2935610
           440               1.4355323              -1.3086605              -2.9071717
           441               1.8628808              -1.6982402              -2.5207825
           442               0.6080931              -1.2212155              -3.2935610
           443               0.8658513              -1.7388637              -2.9071717
           444               1.1236095              -2.2565119              -2.5207825
           445               0.0000000               0.0000000              -3.5649247
           446               0.5040919              -0.4595405              -3.4292428
           447               1.0081838              -0.9190810              -3.2935610
           448               0.0000000               0.0000000              -3.5649247
           449               0.3040465              -0.6106077              -3.4292428
           450               0.6080931              -1.2212155              -3.2935610
           451               3.0711541              -1.1897715              -1.3642377
           452               3.1976738              -1.2387855              -0.6821188
           453               3.3241935              -1.2877994               0.0000000
           454               2.7525625              -1.7043147              -1.3642377
           455               2.8659575              -1.7745258              -0.6821188
           456               2.9793525              -1.8447368               0.0000000
           457               2.4339709              -2.2188578              -1.3642377
           458               2.5342412              -2.3102660              -0.6821188
           459               2.6345112              -2.4016743               0.0000000
           460               2.3505597              -0.9106117              -2.5207825
           461               2.7108569              -1.0501916              -1.9425101
           462               3.0711541              -1.1897715              -1.3642377
           463               2.1067202              -1.3044260              -2.5207825
           464               2.4296412              -1.5043703              -1.9425101
           465               2.7525625              -1.7043147              -1.3642377
           466               1.8628808              -1.6982402              -2.5207825
           467               2.1484258              -1.9585490              -1.9425101
           468               2.4339709              -2.2188578              -1.3642377
           469               1.2721137              -0.4928195              -3.2935610
           470               1.8113368              -0.7017156              -2.9071717
           471               2.3505597              -0.9106117              -2.5207825
           472               1.0081838              -0.9190810              -3.2935610
           473               1.4355323              -1.3086605              -2.9071717
           474               1.8628808              -1.6982402              -2.5207825
           475               0.0000000               0.0000000              -3.5649247
           476               0.6360568              -0.2464097              -3.4292428
           477               1.2721137              -0.4928195              -3.2935610
           478               0.0000000               0.0000000              -3.5649247
           479               0.5040919              -0.4595405              -3.4292428
           480               1.0081838              -0.9190810              -3.2935610
           481               3.2935610               0.0000000              -1.3642377
           482               3.4292428               0.0000000              -0.6821188
           483               3.5649247               0.0000000               0.0000000
           484               3.1823575              -0.5948858              -1.3642377
           485               3.3134584              -0.6193928              -0.6821188
           486               3.4445591              -0.6438997               0.0000000
           487               3.0711541              -1.1897715              -1.3642377
           488               3.1976738              -1.2387855              -0.6821188
           489               3.3241935              -1.2877994               0.0000000
           490               2.5207825               0.0000000              -2.5207825
           491               2.9071717               0.0000000              -1.9425101
           492               3.2935610               0.0000000              -1.3642377
           493               2.4356711              -0.4553058              -2.5207825
           494               2.8090143              -0.5250958              -1.9425101
           495               3.1823575              -0.5948858              -1.3642377
           496               2.3505597              -0.9106117              -2.5207825
           497               2.7108569              -1.0501916              -1.9425101
           498               3.0711541              -1.1897715              -1.3642377
           499               1.3642377               0.0000000              -3.2935610
           500               1.9425101               0.0000000              -2.9071717
           501               2.5207825               0.0000000              -2.5207825
           502               1.2721137              -0.4928195              -3.2935610
           503               1.8113368              -0.7017156              -2.9071717
           504               2.3505597              -0.9106117              -2.5207825
           505               0.0000000               0.0000000              -3.5649247
           506               0.6821188               0.0000000              -3.4292428
           507               1.3642377               0.0000000              -3.2935610
           508               0.0000000               0.0000000              -3.5649247
           509               0.6360568              -0.2464097              -3.4292428
           510               1.2721137              -0.4928195              -3.2935610
             0          0.00          0.00          0.00
               1               2               5               4
               2               3               6               5
               4               5               8               7
               5               6               9               8
              10              11              14              13
              11              12              15              14
              13              14              17              16
              14              15              18              17
              19              20              23              22
              20              21              24              23
              25              26              29              28
              26              27              30              29
              31              32              35              34
              32              33              36              35
              34              35              38              37
              35              36              39              38
              40              41              44              43
              41              42              45              44
              43              44              47              46
              44              45              48              47
              49              50              53              52
              50              51              54              53
              55              56              59              58
              56              57              60              59
              61              62              65              64
              62              63              66              65
              64              65              68              67
              65              66              69              68
              70              71              74              73
              71              72              75              74
              73              74              77              76
              74              75              78              77
              79              80              83              82
              80              81              84              83
              85              86              89              88
              86              87              90              89
              91              92              95              94
              92              93              96              95
              94              95              98              97
              95              96              99              98
             100             101             104             103
             101             102             105             104
             103             104             107             106
             104             105             108             107
             109             110             113             112
             110             111             114             113
             115             116             119             118
             116             117             120             119
             121             122             125             124
             122             123             126             125
             124             125             128             127
             125             126             129             128
             130             131             134             133
             131             132             135             134
             133             134             137             136
             134             135             138             137
             139             140             143             142
             140             141             144             143
             145             146             149             148
             146             147             150             149
             151             152             155             154
             152             153             156             155
             154             155             158             157
             155             156             159             158
             160             161             164             163
             161             162             165             164
             163             164             167             166
             164             165             168             167
             169             170             173             172
             170             171             174             173
             175             176             179             178
             176             177             180             179
             181             182             185             184
             182             183             186             185
             184             185             188             187
             185             186             189             188
             190             191             194             193
             191             192             195             194
             193             194             197             196
             194             195             198             197
             199             200             203             202
             200             201             204             203
             205             206             209             208
             206             207             210             209
             211             212             215             214
             212             213             216             215
             214             215             218             217
             215             216             219             218
             220             221             224             223
             221             222             225             224
             223             224             227             226
             224             225             228             227
             229             230             233             232
             230             231             234             233
             235             236             239             238
             236             237             240             239
             241             242             245             244
             242             243             246             245
             244             245             248             247
             245             246             249             248
             250             251             254             253
             251             252             255             254
             253             254             257             256
             254             255             258             257
             259             260             263             262
             260             261             264             263
             265             266             269             268
             266             267             270             269
             271             272             275             274
             272             273             276             275
             274             275             278             277
             275             276             279             278
             280             281             284             283
             281             282             285             284
             283             284             287             286
             284             285             288             287
             289             290             293             292
             290             291             294             293
             295             296             299             298
             296             297             300             299
             301             302             305             304
             302             303             306             305
             304             305             308             307
             305             306             309             308
             310             311             314             313
             311             312             315             314
             313             314             317             316
             314             315             318             317
             319             320             323             322
             320             321             324             323
             325             326             329             328
             326             327             330             329
             331             332             335             334
             332             333             336             335
             334             335             338             337
             335             336             339             338
             340             341             344             343
             341             342             345             344
             343             344             347             346
             344             345             348             347
             349             350             353             352
             350             351             354             353
             355             356             359             358
             356             357             360             359
             361             362             365             364
             362             363             366             365
             364             365             368             367
             365             366             369             368
             370             371             374             373
             371             372             375             374
             373             374             377             376
             374             375             378             377
             379             380             383             382
             380             381             384             383
             385             386             389             388
             386             387             390             389
             391             392             395             394
             392             393             396             395
             394             395             398             397
             395             396             399             398
             400             401             404             403
             401             402             405             404
             403             404             407             406
             404             405             408             407
             409             410             413             412
             410             411             414             413
             415             416             419             418
             416             417             420             419
             421             422             425             424
             422             423             426             425
             424             425             428             427
             425             426             429             428
             430             431             434             433
             431             432             435             434
             433             434             437             436
             434             435             438             437
             439             440             443             442
             440             441             444             443
             445             446             449             448
             446             447             450             449
             451             452             455             454
             452             453             456             455
             454             455             458             457
             455             456             459             458
             460             461             464             463
             461             462             465             464
             463             464             467             466
             464             465             468             467
             469             470             473             472
             470             471             474             473
             475             476             479             478
             476             477             480             479
             481             482             485             484
             482             483             486             485
             484             485             488             487
             485             486             489             488
             490             491             494             493
             491             492             495             494
             493             494             497             496
             494             495             498             497
             499             500             503             502
             500             501             504             503
             505             506             509             508
             506             507             510             509
          0          0          0          0
