                    2          0
             1               0.0000000               0.0000000              -7.8516593
             2               0.1816666               0.0703780              -7.1378722
             3               0.3633333               0.1407561              -6.4240847
             4               0.5449998               0.2111341              -5.7102976
             5               0.7266665               0.2815121              -4.9965105
             6               0.9083331               0.3518901              -4.2827234
             7               1.0899997               0.4222682              -3.5689363
             8               1.2716664               0.4926462              -2.8551488
             9               1.4533330               0.5630242              -2.1413617
            10               1.6349995               0.6334023              -1.4275746
            11               1.8166661               0.7037802              -0.7137871
            12               1.9983329               0.7741583               0.0000005
            13               0.0000000               0.0000000              -7.8516593
            14               0.1948226               0.0000000              -7.1378722
            15               0.3896451               0.0000000              -6.4240847
            16               0.5844677               0.0000000              -5.7102976
            17               0.7792903               0.0000000              -4.9965105
            18               0.9741129               0.0000000              -4.2827234
            19               1.1689354               0.0000000              -3.5689363
            20               1.3637580               0.0000000              -2.8551488
            21               1.5585805               0.0000000              -2.1413617
            22               1.7534031               0.0000000              -1.4275746
            23               1.9482257               0.0000000              -0.7137871
            24               2.1430483               0.0000000               0.0000005
            25               0.0000000               0.0000000              -7.8516593
            26               0.1439756               0.1312511              -7.1378722
            27               0.2879512               0.2625022              -6.4240847
            28               0.4319268               0.3937533              -5.7102976
            29               0.5759024               0.5250044              -4.9965105
            30               0.7198780               0.6562555              -4.2827234
            31               0.8638536               0.7875066              -3.5689363
            32               1.0078292               0.9187578              -2.8551488
            33               1.1518048               1.0500089              -2.1413617
            34               1.2957804               1.1812600              -1.4275746
            35               1.4397560               1.3125111              -0.7137871
            36               1.5837315               1.4437622               0.0000005
            37               0.0000000               0.0000000              -7.8516593
            38               0.1816666               0.0703780              -7.1378722
            39               0.3633333               0.1407561              -6.4240847
            40               0.5449998               0.2111341              -5.7102976
            41               0.7266665               0.2815121              -4.9965105
            42               0.9083331               0.3518901              -4.2827234
            43               1.0899997               0.4222682              -3.5689363
            44               1.2716664               0.4926462              -2.8551488
            45               1.4533330               0.5630242              -2.1413617
            46               1.6349995               0.6334023              -1.4275746
            47               1.8166661               0.7037802              -0.7137871
            48               1.9983329               0.7741583               0.0000005
            49               0.0000000               0.0000000              -7.8516593
            50               0.0868399               0.1743980              -7.1378722
            51               0.1736798               0.3487960              -6.4240847
            52               0.2605197               0.5231941              -5.7102976
            53               0.3473596               0.6975920              -4.9965105
            54               0.4341995               0.8719900              -4.2827234
            55               0.5210394               1.0463881              -3.5689363
            56               0.6078792               1.2207861              -2.8551488
            57               0.6947191               1.3951840              -2.1413617
            58               0.7815590               1.5695821              -1.4275746
            59               0.8683989               1.7439801              -0.7137871
            60               0.9552389               1.9183781               0.0000005
            61               0.0000000               0.0000000              -7.8516593
            62               0.1439756               0.1312511              -7.1378722
            63               0.2879512               0.2625022              -6.4240847
            64               0.4319268               0.3937533              -5.7102976
            65               0.5759024               0.5250044              -4.9965105
            66               0.7198780               0.6562555              -4.2827234
            67               0.8638536               0.7875066              -3.5689363
            68               1.0078292               0.9187578              -2.8551488
            69               1.1518048               1.0500089              -2.1413617
            70               1.2957804               1.1812600              -1.4275746
            71               1.4397560               1.3125111              -0.7137871
            72               1.5837315               1.4437622               0.0000005
            73               0.0000000               0.0000000              -7.8516593
            74               0.0179760               0.1939915              -7.1378722
            75               0.0359519               0.3879830              -6.4240847
            76               0.0539279               0.5819744              -5.7102976
            77               0.0719038               0.7759659              -4.9965105
            78               0.0898798               0.9699574              -4.2827234
            79               0.1078557               1.1639489              -3.5689363
            80               0.1258317               1.3579404              -2.8551488
            81               0.1438076               1.5519319              -2.1413617
            82               0.1617836               1.7459235              -1.4275746
            83               0.1797595               1.9399148              -0.7137871
            84               0.1977355               2.1339064               0.0000005
            85               0.0000000               0.0000000              -7.8516593
            86               0.0868399               0.1743980              -7.1378722
            87               0.1736798               0.3487960              -6.4240847
            88               0.2605197               0.5231941              -5.7102976
            89               0.3473596               0.6975920              -4.9965105
            90               0.4341995               0.8719900              -4.2827234
            91               0.5210394               1.0463881              -3.5689363
            92               0.6078792               1.2207861              -2.8551488
            93               0.6947191               1.3951840              -2.1413617
            94               0.7815590               1.5695821              -1.4275746
            95               0.8683989               1.7439801              -0.7137871
            96               0.9552389               1.9183781               0.0000005
            97               0.0000000               0.0000000              -7.8516593
            98              -0.0533157               0.1873853              -7.1378722
            99              -0.1066315               0.3747707              -6.4240847
           100              -0.1599472               0.5621560              -5.7102976
           101              -0.2132629               0.7495413              -4.9965105
           102              -0.2665786               0.9369268              -4.2827234
           103              -0.3198943               1.1243120              -3.5689363
           104              -0.3732101               1.3116974              -2.8551488
           105              -0.4265258               1.4990827              -2.1413617
           106              -0.4798415               1.6864681              -1.4275746
           107              -0.5331573               1.8738536              -0.7137871
           108              -0.5864730               2.0612388               0.0000005
           109               0.0000000               0.0000000              -7.8516593
           110               0.0179760               0.1939915              -7.1378722
           111               0.0359519               0.3879830              -6.4240847
           112               0.0539279               0.5819744              -5.7102976
           113               0.0719038               0.7759659              -4.9965105
           114               0.0898798               0.9699574              -4.2827234
           115               0.1078557               1.1639489              -3.5689363
           116               0.1258317               1.3579404              -2.8551488
           117               0.1438076               1.5519319              -2.1413617
           118               0.1617836               1.7459235              -1.4275746
           119               0.1797595               1.9399148              -0.7137871
           120               0.1977355               2.1339064               0.0000005
           121               0.0000000               0.0000000              -7.8516593
           122              -0.1174068               0.1554718              -7.1378722
           123              -0.2348136               0.3109435              -6.4240847
           124              -0.3522205               0.4664153              -5.7102976
           125              -0.4696273               0.6218870              -4.9965105
           126              -0.5870342               0.7773588              -4.2827234
           127              -0.7044410               0.9328306              -3.5689363
           128              -0.8218477               1.0883023              -2.8551488
           129              -0.9392546               1.2437741              -2.1413617
           130              -1.0566615               1.3992459              -1.4275746
           131              -1.1740683               1.5547177              -0.7137871
           132              -1.2914751               1.7101893               0.0000005
           133               0.0000000               0.0000000              -7.8516593
           134              -0.0533157               0.1873853              -7.1378722
           135              -0.1066315               0.3747707              -6.4240847
           136              -0.1599472               0.5621560              -5.7102976
           137              -0.2132629               0.7495413              -4.9965105
           138              -0.2665786               0.9369268              -4.2827234
           139              -0.3198943               1.1243120              -3.5689363
           140              -0.3732101               1.3116974              -2.8551488
           141              -0.4265258               1.4990827              -2.1413617
           142              -0.4798415               1.6864681              -1.4275746
           143              -0.5331573               1.8738536              -0.7137871
           144              -0.5864730               2.0612388               0.0000005
           145               0.0000000               0.0000000              -7.8516593
           146              -0.1656415               0.1025609              -7.1378722
           147              -0.3312830               0.2051217              -6.4240847
           148              -0.4969244               0.3076826              -5.7102976
           149              -0.6625659               0.4102435              -4.9965105
           150              -0.8282074               0.5128043              -4.2827234
           151              -0.9938489               0.6153652              -3.5689363
           152              -1.1594905               0.7179261              -2.8551488
           153              -1.3251319               0.8204870              -2.1413617
           154              -1.4907733               0.9230478              -1.4275746
           155              -1.6564147               1.0256087              -0.7137871
           156              -1.8220563               1.1281695               0.0000005
           157               0.0000000               0.0000000              -7.8516593
           158              -0.1174068               0.1554718              -7.1378722
           159              -0.2348136               0.3109435              -6.4240847
           160              -0.3522205               0.4664153              -5.7102976
           161              -0.4696273               0.6218870              -4.9965105
           162              -0.5870342               0.7773588              -4.2827234
           163              -0.7044410               0.9328306              -3.5689363
           164              -0.8218477               1.0883023              -2.8551488
           165              -0.9392546               1.2437741              -2.1413617
           166              -1.0566615               1.3992459              -1.4275746
           167              -1.1740683               1.5547177              -0.7137871
           168              -1.2914751               1.7101893               0.0000005
           169               0.0000000               0.0000000              -7.8516593
           170              -0.1915053               0.0357986              -7.1378722
           171              -0.3830107               0.0715971              -6.4240847
           172              -0.5745161               0.1073957              -5.7102976
           173              -0.7660214               0.1431942              -4.9965105
           174              -0.9575267               0.1789928              -4.2827234
           175              -1.1490321               0.2147913              -3.5689363
           176              -1.3405374               0.2505899              -2.8551488
           177              -1.5320427               0.2863884              -2.1413617
           178              -1.7235482               0.3221870              -1.4275746
           179              -1.9150535               0.3579855              -0.7137871
           180              -2.1065588               0.3937841               0.0000005
           181               0.0000000               0.0000000              -7.8516593
           182              -0.1656415               0.1025609              -7.1378722
           183              -0.3312830               0.2051217              -6.4240847
           184              -0.4969244               0.3076826              -5.7102976
           185              -0.6625659               0.4102435              -4.9965105
           186              -0.8282074               0.5128043              -4.2827234
           187              -0.9938489               0.6153652              -3.5689363
           188              -1.1594905               0.7179261              -2.8551488
           189              -1.3251319               0.8204870              -2.1413617
           190              -1.4907733               0.9230478              -1.4275746
           191              -1.6564147               1.0256087              -0.7137871
           192              -1.8220563               1.1281695               0.0000005
           193               0.0000000               0.0000000              -7.8516593
           194              -0.1915053              -0.0357986              -7.1378722
           195              -0.3830107              -0.0715971              -6.4240847
           196              -0.5745161              -0.1073957              -5.7102976
           197              -0.7660214              -0.1431942              -4.9965105
           198              -0.9575267              -0.1789928              -4.2827234
           199              -1.1490321              -0.2147913              -3.5689363
           200              -1.3405374              -0.2505899              -2.8551488
           201              -1.5320427              -0.2863884              -2.1413617
           202              -1.7235482              -0.3221870              -1.4275746
           203              -1.9150535              -0.3579855              -0.7137871
           204              -2.1065588              -0.3937841               0.0000005
           205               0.0000000               0.0000000              -7.8516593
           206              -0.1915053               0.0357986              -7.1378722
           207              -0.3830107               0.0715971              -6.4240847
           208              -0.5745161               0.1073957              -5.7102976
           209              -0.7660214               0.1431942              -4.9965105
           210              -0.9575267               0.1789928              -4.2827234
           211              -1.1490321               0.2147913              -3.5689363
           212              -1.3405374               0.2505899              -2.8551488
           213              -1.5320427               0.2863884              -2.1413617
           214              -1.7235482               0.3221870              -1.4275746
           215              -1.9150535               0.3579855              -0.7137871
           216              -2.1065588               0.3937841               0.0000005
           217               0.0000000               0.0000000              -7.8516593
           218              -0.1656415              -0.1025609              -7.1378722
           219              -0.3312830              -0.2051217              -6.4240847
           220              -0.4969244              -0.3076826              -5.7102976
           221              -0.6625659              -0.4102435              -4.9965105
           222              -0.8282074              -0.5128043              -4.2827234
           223              -0.9938489              -0.6153652              -3.5689363
           224              -1.1594905              -0.7179261              -2.8551488
           225              -1.3251319              -0.8204870              -2.1413617
           226              -1.4907733              -0.9230478              -1.4275746
           227              -1.6564147              -1.0256087              -0.7137871
           228              -1.8220563              -1.1281695               0.0000005
           229               0.0000000               0.0000000              -7.8516593
           230              -0.1915053              -0.0357986              -7.1378722
           231              -0.3830107              -0.0715971              -6.4240847
           232              -0.5745161              -0.1073957              -5.7102976
           233              -0.7660214              -0.1431942              -4.9965105
           234              -0.9575267              -0.1789928              -4.2827234
           235              -1.1490321              -0.2147913              -3.5689363
           236              -1.3405374              -0.2505899              -2.8551488
           237              -1.5320427              -0.2863884              -2.1413617
           238              -1.7235482              -0.3221870              -1.4275746
           239              -1.9150535              -0.3579855              -0.7137871
           240              -2.1065588              -0.3937841               0.0000005
           241               0.0000000               0.0000000              -7.8516593
           242              -0.1174068              -0.1554718              -7.1378722
           243              -0.2348136              -0.3109435              -6.4240847
           244              -0.3522205              -0.4664153              -5.7102976
           245              -0.4696273              -0.6218870              -4.9965105
           246              -0.5870342              -0.7773588              -4.2827234
           247              -0.7044410              -0.9328306              -3.5689363
           248              -0.8218477              -1.0883023              -2.8551488
           249              -0.9392546              -1.2437741              -2.1413617
           250              -1.0566615              -1.3992459              -1.4275746
           251              -1.1740683              -1.5547177              -0.7137871
           252              -1.2914751              -1.7101893               0.0000005
           253               0.0000000               0.0000000              -7.8516593
           254              -0.1656415              -0.1025609              -7.1378722
           255              -0.3312830              -0.2051217              -6.4240847
           256              -0.4969244              -0.3076826              -5.7102976
           257              -0.6625659              -0.4102435              -4.9965105
           258              -0.8282074              -0.5128043              -4.2827234
           259              -0.9938489              -0.6153652              -3.5689363
           260              -1.1594905              -0.7179261              -2.8551488
           261              -1.3251319              -0.8204870              -2.1413617
           262              -1.4907733              -0.9230478              -1.4275746
           263              -1.6564147              -1.0256087              -0.7137871
           264              -1.8220563              -1.1281695               0.0000005
           265               0.0000000               0.0000000              -7.8516593
           266              -0.0533157              -0.1873853              -7.1378722
           267              -0.1066315              -0.3747707              -6.4240847
           268              -0.1599472              -0.5621560              -5.7102976
           269              -0.2132629              -0.7495413              -4.9965105
           270              -0.2665786              -0.9369268              -4.2827234
           271              -0.3198943              -1.1243120              -3.5689363
           272              -0.3732101              -1.3116974              -2.8551488
           273              -0.4265258              -1.4990827              -2.1413617
           274              -0.4798415              -1.6864681              -1.4275746
           275              -0.5331573              -1.8738536              -0.7137871
           276              -0.5864730              -2.0612388               0.0000005
           277               0.0000000               0.0000000              -7.8516593
           278              -0.1174068              -0.1554718              -7.1378722
           279              -0.2348136              -0.3109435              -6.4240847
           280              -0.3522205              -0.4664153              -5.7102976
           281              -0.4696273              -0.6218870              -4.9965105
           282              -0.5870342              -0.7773588              -4.2827234
           283              -0.7044410              -0.9328306              -3.5689363
           284              -0.8218477              -1.0883023              -2.8551488
           285              -0.9392546              -1.2437741              -2.1413617
           286              -1.0566615              -1.3992459              -1.4275746
           287              -1.1740683              -1.5547177              -0.7137871
           288              -1.2914751              -1.7101893               0.0000005
           289               0.0000000               0.0000000              -7.8516593
           290               0.0179760              -0.1939915              -7.1378722
           291               0.0359519              -0.3879830              -6.4240847
           292               0.0539279              -0.5819744              -5.7102976
           293               0.0719038              -0.7759659              -4.9965105
           294               0.0898798              -0.9699574              -4.2827234
           295               0.1078557              -1.1639489              -3.5689363
           296               0.1258317              -1.3579404              -2.8551488
           297               0.1438076              -1.5519319              -2.1413617
           298               0.1617836              -1.7459235              -1.4275746
           299               0.1797595              -1.9399148              -0.7137871
           300               0.1977355              -2.1339064               0.0000005
           301               0.0000000               0.0000000              -7.8516593
           302              -0.0533157              -0.1873853              -7.1378722
           303              -0.1066315              -0.3747707              -6.4240847
           304              -0.1599472              -0.5621560              -5.7102976
           305              -0.2132629              -0.7495413              -4.9965105
           306              -0.2665786              -0.9369268              -4.2827234
           307              -0.3198943              -1.1243120              -3.5689363
           308              -0.3732101              -1.3116974              -2.8551488
           309              -0.4265258              -1.4990827              -2.1413617
           310              -0.4798415              -1.6864681              -1.4275746
           311              -0.5331573              -1.8738536              -0.7137871
           312              -0.5864730              -2.0612388               0.0000005
           313               0.0000000               0.0000000              -7.8516593
           314               0.0868399              -0.1743980              -7.1378722
           315               0.1736798              -0.3487960              -6.4240847
           316               0.2605197              -0.5231941              -5.7102976
           317               0.3473596              -0.6975920              -4.9965105
           318               0.4341995              -0.8719900              -4.2827234
           319               0.5210394              -1.0463881              -3.5689363
           320               0.6078792              -1.2207861              -2.8551488
           321               0.6947191              -1.3951840              -2.1413617
           322               0.7815590              -1.5695821              -1.4275746
           323               0.8683989              -1.7439801              -0.7137871
           324               0.9552389              -1.9183781               0.0000005
           325               0.0000000               0.0000000              -7.8516593
           326               0.0179760              -0.1939915              -7.1378722
           327               0.0359519              -0.3879830              -6.4240847
           328               0.0539279              -0.5819744              -5.7102976
           329               0.0719038              -0.7759659              -4.9965105
           330               0.0898798              -0.9699574              -4.2827234
           331               0.1078557              -1.1639489              -3.5689363
           332               0.1258317              -1.3579404              -2.8551488
           333               0.1438076              -1.5519319              -2.1413617
           334               0.1617836              -1.7459235              -1.4275746
           335               0.1797595              -1.9399148              -0.7137871
           336               0.1977355              -2.1339064               0.0000005
           337               0.0000000               0.0000000              -7.8516593
           338               0.1439756              -0.1312511              -7.1378722
           339               0.2879512              -0.2625022              -6.4240847
           340               0.4319268              -0.3937533              -5.7102976
           341               0.5759024              -0.5250044              -4.9965105
           342               0.7198780              -0.6562555              -4.2827234
           343               0.8638536              -0.7875066              -3.5689363
           344               1.0078292              -0.9187578              -2.8551488
           345               1.1518048              -1.0500089              -2.1413617
           346               1.2957804              -1.1812600              -1.4275746
           347               1.4397560              -1.3125111              -0.7137871
           348               1.5837315              -1.4437622               0.0000005
           349               0.0000000               0.0000000              -7.8516593
           350               0.0868399              -0.1743980              -7.1378722
           351               0.1736798              -0.3487960              -6.4240847
           352               0.2605197              -0.5231941              -5.7102976
           353               0.3473596              -0.6975920              -4.9965105
           354               0.4341995              -0.8719900              -4.2827234
           355               0.5210394              -1.0463881              -3.5689363
           356               0.6078792              -1.2207861              -2.8551488
           357               0.6947191              -1.3951840              -2.1413617
           358               0.7815590              -1.5695821              -1.4275746
           359               0.8683989              -1.7439801              -0.7137871
           360               0.9552389              -1.9183781               0.0000005
           361               0.0000000               0.0000000              -7.8516593
           362               0.1816666              -0.0703780              -7.1378722
           363               0.3633333              -0.1407561              -6.4240847
           364               0.5449998              -0.2111341              -5.7102976
           365               0.7266665              -0.2815121              -4.9965105
           366               0.9083331              -0.3518901              -4.2827234
           367               1.0899997              -0.4222682              -3.5689363
           368               1.2716664              -0.4926462              -2.8551488
           369               1.4533330              -0.5630242              -2.1413617
           370               1.6349995              -0.6334023              -1.4275746
           371               1.8166661              -0.7037802              -0.7137871
           372               1.9983329              -0.7741583               0.0000005
           373               0.0000000               0.0000000              -7.8516593
           374               0.1439756              -0.1312511              -7.1378722
           375               0.2879512              -0.2625022              -6.4240847
           376               0.4319268              -0.3937533              -5.7102976
           377               0.5759024              -0.5250044              -4.9965105
           378               0.7198780              -0.6562555              -4.2827234
           379               0.8638536              -0.7875066              -3.5689363
           380               1.0078292              -0.9187578              -2.8551488
           381               1.1518048              -1.0500089              -2.1413617
           382               1.2957804              -1.1812600              -1.4275746
           383               1.4397560              -1.3125111              -0.7137871
           384               1.5837315              -1.4437622               0.0000005
           385               0.0000000               0.0000000              -7.8516593
           386               0.1948226               0.0000000              -7.1378722
           387               0.3896451               0.0000000              -6.4240847
           388               0.5844677               0.0000000              -5.7102976
           389               0.7792903               0.0000000              -4.9965105
           390               0.9741129               0.0000000              -4.2827234
           391               1.1689354               0.0000000              -3.5689363
           392               1.3637580               0.0000000              -2.8551488
           393               1.5585805               0.0000000              -2.1413617
           394               1.7534031               0.0000000              -1.4275746
           395               1.9482257               0.0000000              -0.7137871
           396               2.1430483               0.0000000               0.0000005
           397               0.0000000               0.0000000              -7.8516593
           398               0.1816666              -0.0703780              -7.1378722
           399               0.3633333              -0.1407561              -6.4240847
           400               0.5449998              -0.2111341              -5.7102976
           401               0.7266665              -0.2815121              -4.9965105
           402               0.9083331              -0.3518901              -4.2827234
           403               1.0899997              -0.4222682              -3.5689363
           404               1.2716664              -0.4926462              -2.8551488
           405               1.4533330              -0.5630242              -2.1413617
           406               1.6349995              -0.6334023              -1.4275746
           407               1.8166661              -0.7037802              -0.7137871
           408               1.9983329              -0.7741583               0.0000005
             0          0.00          0.00          0.00
               1               2              14              13
               2               3              15              14
               3               4              16              15
               4               5              17              16
               5               6              18              17
               6               7              19              18
               7               8              20              19
               8               9              21              20
               9              10              22              21
              10              11              23              22
              11              12              24              23
              25              26              38              37
              26              27              39              38
              27              28              40              39
              28              29              41              40
              29              30              42              41
              30              31              43              42
              31              32              44              43
              32              33              45              44
              33              34              46              45
              34              35              47              46
              35              36              48              47
              49              50              62              61
              50              51              63              62
              51              52              64              63
              52              53              65              64
              53              54              66              65
              54              55              67              66
              55              56              68              67
              56              57              69              68
              57              58              70              69
              58              59              71              70
              59              60              72              71
              73              74              86              85
              74              75              87              86
              75              76              88              87
              76              77              89              88
              77              78              90              89
              78              79              91              90
              79              80              92              91
              80              81              93              92
              81              82              94              93
              82              83              95              94
              83              84              96              95
              97              98             110             109
              98              99             111             110
              99             100             112             111
             100             101             113             112
             101             102             114             113
             102             103             115             114
             103             104             116             115
             104             105             117             116
             105             106             118             117
             106             107             119             118
             107             108             120             119
             121             122             134             133
             122             123             135             134
             123             124             136             135
             124             125             137             136
             125             126             138             137
             126             127             139             138
             127             128             140             139
             128             129             141             140
             129             130             142             141
             130             131             143             142
             131             132             144             143
             145             146             158             157
             146             147             159             158
             147             148             160             159
             148             149             161             160
             149             150             162             161
             150             151             163             162
             151             152             164             163
             152             153             165             164
             153             154             166             165
             154             155             167             166
             155             156             168             167
             169             170             182             181
             170             171             183             182
             171             172             184             183
             172             173             185             184
             173             174             186             185
             174             175             187             186
             175             176             188             187
             176             177             189             188
             177             178             190             189
             178             179             191             190
             179             180             192             191
             193             194             206             205
             194             195             207             206
             195             196             208             207
             196             197             209             208
             197             198             210             209
             198             199             211             210
             199             200             212             211
             200             201             213             212
             201             202             214             213
             202             203             215             214
             203             204             216             215
             217             218             230             229
             218             219             231             230
             219             220             232             231
             220             221             233             232
             221             222             234             233
             222             223             235             234
             223             224             236             235
             224             225             237             236
             225             226             238             237
             226             227             239             238
             227             228             240             239
             241             242             254             253
             242             243             255             254
             243             244             256             255
             244             245             257             256
             245             246             258             257
             246             247             259             258
             247             248             260             259
             248             249             261             260
             249             250             262             261
             250             251             263             262
             251             252             264             263
             265             266             278             277
             266             267             279             278
             267             268             280             279
             268             269             281             280
             269             270             282             281
             270             271             283             282
             271             272             284             283
             272             273             285             284
             273             274             286             285
             274             275             287             286
             275             276             288             287
             289             290             302             301
             290             291             303             302
             291             292             304             303
             292             293             305             304
             293             294             306             305
             294             295             307             306
             295             296             308             307
             296             297             309             308
             297             298             310             309
             298             299             311             310
             299             300             312             311
             313             314             326             325
             314             315             327             326
             315             316             328             327
             316             317             329             328
             317             318             330             329
             318             319             331             330
             319             320             332             331
             320             321             333             332
             321             322             334             333
             322             323             335             334
             323             324             336             335
             337             338             350             349
             338             339             351             350
             339             340             352             351
             340             341             353             352
             341             342             354             353
             342             343             355             354
             343             344             356             355
             344             345             357             356
             345             346             358             357
             346             347             359             358
             347             348             360             359
             361             362             374             373
             362             363             375             374
             363             364             376             375
             364             365             377             376
             365             366             378             377
             366             367             379             378
             367             368             380             379
             368             369             381             380
             369             370             382             381
             370             371             383             382
             371             372             384             383
             385             386             398             397
             386             387             399             398
             387             388             400             399
             388             389             401             400
             389             390             402             401
             390             391             403             402
             391             392             404             403
             392             393             405             404
             393             394             406             405
             394             395             407             406
             395             396             408             407
          0          0          0          0
