                    2          0
             1              -3.3486075               4.6620150              -2.6041501
             2              -3.3486075               4.6620150              -1.7361000
             3              -3.3486075               4.6620150              -0.8680500
             4              -3.3486075               4.6620150               0.0000000
             5              -2.5114555               4.6620150              -2.6041501
             6              -2.5114555               4.6620150              -1.7361000
             7              -2.5114555               4.6620150              -0.8680500
             8              -2.5114555               4.6620150               0.0000000
             9              -1.6743038               4.6620150              -2.6041501
            10              -1.6743038               4.6620150              -1.7361000
            11              -1.6743038               4.6620150              -0.8680500
            12              -1.6743038               4.6620150               0.0000000
            13              -0.8371520               4.6620150              -2.6041501
            14              -0.8371520               4.6620150              -1.7361000
            15              -0.8371520               4.6620150              -0.8680500
            16              -0.8371520               4.6620150               0.0000000
            17               0.0000000               4.6620150              -2.6041501
            18               0.0000000               4.6620150              -1.7361000
            19               0.0000000               4.6620150              -0.8680500
            20               0.0000000               4.6620150               0.0000000
            21               0.8371520               4.6620150              -2.6041501
            22               0.8371520               4.6620150              -1.7361000
            23               0.8371520               4.6620150              -0.8680500
            24               0.8371520               4.6620150               0.0000000
            25               1.6743035               4.6620150              -2.6041501
            26               1.6743035               4.6620150              -1.7361000
            27               1.6743035               4.6620150              -0.8680500
            28               1.6743035               4.6620150               0.0000000
            29               2.5114555               4.6620150              -2.6041501
            30               2.5114555               4.6620150              -1.7361000
            31               2.5114555               4.6620150              -0.8680500
            32               2.5114555               4.6620150               0.0000000
            33               3.3486075               4.6620150              -2.6041501
            34               3.3486075               4.6620150              -1.7361000
            35               3.3486075               4.6620150              -0.8680500
            36               3.3486075               4.6620150               0.0000000
            37               3.3486075               4.6620150              -2.6041501
            38               3.3486075               4.6620150              -1.7361000
            39               3.3486075               4.6620150              -0.8680500
            40               3.3486075               4.6620150               0.0000000
            41               3.3486075               3.7296119              -2.6041501
            42               3.3486075               3.7296119              -1.7361000
            43               3.3486075               3.7296119              -0.8680500
            44               3.3486075               3.7296119               0.0000000
            45               3.3486075               2.7972090              -2.6041501
            46               3.3486075               2.7972090              -1.7361000
            47               3.3486075               2.7972090              -0.8680500
            48               3.3486075               2.7972090               0.0000000
            49               3.3486075               1.8648059              -2.6041501
            50               3.3486075               1.8648059              -1.7361000
            51               3.3486075               1.8648059              -0.8680500
            52               3.3486075               1.8648059               0.0000000
            53               3.3486075               0.9324031              -2.6041501
            54               3.3486075               0.9324031              -1.7361000
            55               3.3486075               0.9324031              -0.8680500
            56               3.3486075               0.9324031               0.0000000
            57               3.3486075               0.0000000              -2.6041501
            58               3.3486075               0.0000000              -1.7361000
            59               3.3486075               0.0000000              -0.8680500
            60               3.3486075               0.0000000               0.0000000
            61               3.3486075              -0.9324031              -2.6041501
            62               3.3486075              -0.9324031              -1.7361000
            63               3.3486075              -0.9324031              -0.8680500
            64               3.3486075              -0.9324031               0.0000000
            65               3.3486075              -1.8648062              -2.6041501
            66               3.3486075              -1.8648062              -1.7361000
            67               3.3486075              -1.8648062              -0.8680500
            68               3.3486075              -1.8648062               0.0000000
            69               3.3486075              -2.7972088              -2.6041501
            70               3.3486075              -2.7972088              -1.7361000
            71               3.3486075              -2.7972088              -0.8680500
            72               3.3486075              -2.7972088               0.0000000
            73               3.3486075              -3.7296114              -2.6041501
            74               3.3486075              -3.7296114              -1.7361000
            75               3.3486075              -3.7296114              -0.8680500
            76               3.3486075              -3.7296114               0.0000000
            77               3.3486075              -4.6620150              -2.6041501
            78               3.3486075              -4.6620150              -1.7361000
            79               3.3486075              -4.6620150              -0.8680500
            80               3.3486075              -4.6620150               0.0000000
            81               3.3486075              -4.6620150              -2.6041501
            82               3.3486075              -4.6620150              -1.7361000
            83               3.3486075              -4.6620150              -0.8680500
            84               3.3486075              -4.6620150               0.0000000
            85               2.5114555              -4.6620150              -2.6041501
            86               2.5114555              -4.6620150              -1.7361000
            87               2.5114555              -4.6620150              -0.8680500
            88               2.5114555              -4.6620150               0.0000000
            89               1.6743038              -4.6620150              -2.6041501
            90               1.6743038              -4.6620150              -1.7361000
            91               1.6743038              -4.6620150              -0.8680500
            92               1.6743038              -4.6620150               0.0000000
            93               0.8371520              -4.6620150              -2.6041501
            94               0.8371520              -4.6620150              -1.7361000
            95               0.8371520              -4.6620150              -0.8680500
            96               0.8371520              -4.6620150               0.0000000
            97               0.0000000              -4.6620150              -2.6041501
            98               0.0000000              -4.6620150              -1.7361000
            99               0.0000000              -4.6620150              -0.8680500
           100               0.0000000              -4.6620150               0.0000000
           101              -0.8371520              -4.6620150              -2.6041501
           102              -0.8371520              -4.6620150              -1.7361000
           103              -0.8371520              -4.6620150              -0.8680500
           104              -0.8371520              -4.6620150               0.0000000
           105              -1.6743035              -4.6620150              -2.6041501
           106              -1.6743035              -4.6620150              -1.7361000
           107              -1.6743035              -4.6620150              -0.8680500
           108              -1.6743035              -4.6620150               0.0000000
           109              -2.5114555              -4.6620150              -2.6041501
           110              -2.5114555              -4.6620150              -1.7361000
           111              -2.5114555              -4.6620150              -0.8680500
           112              -2.5114555              -4.6620150               0.0000000
           113              -3.3486075              -4.6620150              -2.6041501
           114              -3.3486075              -4.6620150              -1.7361000
           115              -3.3486075              -4.6620150              -0.8680500
           116              -3.3486075              -4.6620150               0.0000000
           117              -3.3486075              -4.6620150              -2.6041501
           118              -3.3486075              -4.6620150              -1.7361000
           119              -3.3486075              -4.6620150              -0.8680500
           120              -3.3486075              -4.6620150               0.0000000
           121              -3.3486075              -3.7296119              -2.6041501
           122              -3.3486075              -3.7296119              -1.7361000
           123              -3.3486075              -3.7296119              -0.8680500
           124              -3.3486075              -3.7296119               0.0000000
           125              -3.3486075              -2.7972090              -2.6041501
           126              -3.3486075              -2.7972090              -1.7361000
           127              -3.3486075              -2.7972090              -0.8680500
           128              -3.3486075              -2.7972090               0.0000000
           129              -3.3486075              -1.8648059              -2.6041501
           130              -3.3486075              -1.8648059              -1.7361000
           131              -3.3486075              -1.8648059              -0.8680500
           132              -3.3486075              -1.8648059               0.0000000
           133              -3.3486075              -0.9324031              -2.6041501
           134              -3.3486075              -0.9324031              -1.7361000
           135              -3.3486075              -0.9324031              -0.8680500
           136              -3.3486075              -0.9324031               0.0000000
           137              -3.3486075               0.0000000              -2.6041501
           138              -3.3486075               0.0000000              -1.7361000
           139              -3.3486075               0.0000000              -0.8680500
           140              -3.3486075               0.0000000               0.0000000
           141              -3.3486075               0.9324031              -2.6041501
           142              -3.3486075               0.9324031              -1.7361000
           143              -3.3486075               0.9324031              -0.8680500
           144              -3.3486075               0.9324031               0.0000000
           145              -3.3486075               1.8648062              -2.6041501
           146              -3.3486075               1.8648062              -1.7361000
           147              -3.3486075               1.8648062              -0.8680500
           148              -3.3486075               1.8648062               0.0000000
           149              -3.3486075               2.7972088              -2.6041501
           150              -3.3486075               2.7972088              -1.7361000
           151              -3.3486075               2.7972088              -0.8680500
           152              -3.3486075               2.7972088               0.0000000
           153              -3.3486075               3.7296114              -2.6041501
           154              -3.3486075               3.7296114              -1.7361000
           155              -3.3486075               3.7296114              -0.8680500
           156              -3.3486075               3.7296114               0.0000000
           157              -3.3486075               4.6620150              -2.6041501
           158              -3.3486075               4.6620150              -1.7361000
           159              -3.3486075               4.6620150              -0.8680500
           160              -3.3486075               4.6620150               0.0000000
           161               3.3486075              -4.6620150              -2.6041501
           162               2.5114555              -4.6620150              -2.6041501
           163               1.6743038              -4.6620150              -2.6041501
           164               0.8371520              -4.6620150              -2.6041501
           165               0.0000000              -4.6620150              -2.6041501
           166              -0.8371520              -4.6620150              -2.6041501
           167              -1.6743035              -4.6620150              -2.6041501
           168              -2.5114555              -4.6620150              -2.6041501
           169              -3.3486075              -4.6620150              -2.6041501
           170               3.3486075              -3.7296119              -2.6041501
           171               2.5114555              -3.7296119              -2.6041501
           172               1.6743038              -3.7296119              -2.6041501
           173               0.8371520              -3.7296119              -2.6041501
           174               0.0000000              -3.7296119              -2.6041501
           175              -0.8371520              -3.7296119              -2.6041501
           176              -1.6743035              -3.7296119              -2.6041501
           177              -2.5114555              -3.7296119              -2.6041501
           178              -3.3486075              -3.7296119              -2.6041501
           179               3.3486075              -2.7972090              -2.6041501
           180               2.5114555              -2.7972090              -2.6041501
           181               1.6743038              -2.7972090              -2.6041501
           182               0.8371520              -2.7972090              -2.6041501
           183               0.0000000              -2.7972090              -2.6041501
           184              -0.8371520              -2.7972090              -2.6041501
           185              -1.6743035              -2.7972090              -2.6041501
           186              -2.5114555              -2.7972090              -2.6041501
           187              -3.3486075              -2.7972090              -2.6041501
           188               3.3486075              -1.8648059              -2.6041501
           189               2.5114555              -1.8648059              -2.6041501
           190               1.6743038              -1.8648059              -2.6041501
           191               0.8371520              -1.8648059              -2.6041501
           192               0.0000000              -1.8648059              -2.6041501
           193              -0.8371520              -1.8648059              -2.6041501
           194              -1.6743035              -1.8648059              -2.6041501
           195              -2.5114555              -1.8648059              -2.6041501
           196              -3.3486075              -1.8648059              -2.6041501
           197               3.3486075              -0.9324031              -2.6041501
           198               2.5114555              -0.9324031              -2.6041501
           199               1.6743038              -0.9324031              -2.6041501
           200               0.8371520              -0.9324031              -2.6041501
           201               0.0000000              -0.9324031              -2.6041501
           202              -0.8371520              -0.9324031              -2.6041501
           203              -1.6743035              -0.9324031              -2.6041501
           204              -2.5114555              -0.9324031              -2.6041501
           205              -3.3486075              -0.9324031              -2.6041501
           206               3.3486075               0.0000000              -2.6041501
           207               2.5114555               0.0000000              -2.6041501
           208               1.6743038               0.0000000              -2.6041501
           209               0.8371520               0.0000000              -2.6041501
           210               0.0000000               0.0000000              -2.6041501
           211              -0.8371520               0.0000000              -2.6041501
           212              -1.6743035               0.0000000              -2.6041501
           213              -2.5114555               0.0000000              -2.6041501
           214              -3.3486075               0.0000000              -2.6041501
           215               3.3486075               0.9324031              -2.6041501
           216               2.5114555               0.9324031              -2.6041501
           217               1.6743038               0.9324031              -2.6041501
           218               0.8371520               0.9324031              -2.6041501
           219               0.0000000               0.9324031              -2.6041501
           220              -0.8371520               0.9324031              -2.6041501
           221              -1.6743035               0.9324031              -2.6041501
           222              -2.5114555               0.9324031              -2.6041501
           223              -3.3486075               0.9324031              -2.6041501
           224               3.3486075               1.8648062              -2.6041501
           225               2.5114555               1.8648062              -2.6041501
           226               1.6743038               1.8648062              -2.6041501
           227               0.8371520               1.8648062              -2.6041501
           228               0.0000000               1.8648062              -2.6041501
           229              -0.8371520               1.8648062              -2.6041501
           230              -1.6743035               1.8648062              -2.6041501
           231              -2.5114555               1.8648062              -2.6041501
           232              -3.3486075               1.8648062              -2.6041501
           233               3.3486075               2.7972088              -2.6041501
           234               2.5114555               2.7972088              -2.6041501
           235               1.6743038               2.7972088              -2.6041501
           236               0.8371520               2.7972088              -2.6041501
           237               0.0000000               2.7972088              -2.6041501
           238              -0.8371520               2.7972088              -2.6041501
           239              -1.6743035               2.7972088              -2.6041501
           240              -2.5114555               2.7972088              -2.6041501
           241              -3.3486075               2.7972088              -2.6041501
           242               3.3486075               3.7296114              -2.6041501
           243               2.5114555               3.7296114              -2.6041501
           244               1.6743038               3.7296114              -2.6041501
           245               0.8371520               3.7296114              -2.6041501
           246               0.0000000               3.7296114              -2.6041501
           247              -0.8371520               3.7296114              -2.6041501
           248              -1.6743035               3.7296114              -2.6041501
           249              -2.5114555               3.7296114              -2.6041501
           250              -3.3486075               3.7296114              -2.6041501
           251               3.3486075               4.6620150              -2.6041501
           252               2.5114555               4.6620150              -2.6041501
           253               1.6743038               4.6620150              -2.6041501
           254               0.8371520               4.6620150              -2.6041501
           255               0.0000000               4.6620150              -2.6041501
           256              -0.8371520               4.6620150              -2.6041501
           257              -1.6743035               4.6620150              -2.6041501
           258              -2.5114555               4.6620150              -2.6041501
           259              -3.3486075               4.6620150              -2.6041501
             0          0.00          0.00          0.00
               1               2               6               5
               2               3               7               6
               3               4               8               7
               5               6              10               9
               6               7              11              10
               7               8              12              11
               9              10              14              13
              10              11              15              14
              11              12              16              15
              13              14              18              17
              14              15              19              18
              15              16              20              19
              17              18              22              21
              18              19              23              22
              19              20              24              23
              21              22              26              25
              22              23              27              26
              23              24              28              27
              25              26              30              29
              26              27              31              30
              27              28              32              31
              29              30              34              33
              30              31              35              34
              31              32              36              35
              37              38              42              41
              38              39              43              42
              39              40              44              43
              41              42              46              45
              42              43              47              46
              43              44              48              47
              45              46              50              49
              46              47              51              50
              47              48              52              51
              49              50              54              53
              50              51              55              54
              51              52              56              55
              53              54              58              57
              54              55              59              58
              55              56              60              59
              57              58              62              61
              58              59              63              62
              59              60              64              63
              61              62              66              65
              62              63              67              66
              63              64              68              67
              65              66              70              69
              66              67              71              70
              67              68              72              71
              69              70              74              73
              70              71              75              74
              71              72              76              75
              73              74              78              77
              74              75              79              78
              75              76              80              79
              81              82              86              85
              82              83              87              86
              83              84              88              87
              85              86              90              89
              86              87              91              90
              87              88              92              91
              89              90              94              93
              90              91              95              94
              91              92              96              95
              93              94              98              97
              94              95              99              98
              95              96             100              99
              97              98             102             101
              98              99             103             102
              99             100             104             103
             101             102             106             105
             102             103             107             106
             103             104             108             107
             105             106             110             109
             106             107             111             110
             107             108             112             111
             109             110             114             113
             110             111             115             114
             111             112             116             115
             117             118             122             121
             118             119             123             122
             119             120             124             123
             121             122             126             125
             122             123             127             126
             123             124             128             127
             125             126             130             129
             126             127             131             130
             127             128             132             131
             129             130             134             133
             130             131             135             134
             131             132             136             135
             133             134             138             137
             134             135             139             138
             135             136             140             139
             137             138             142             141
             138             139             143             142
             139             140             144             143
             141             142             146             145
             142             143             147             146
             143             144             148             147
             145             146             150             149
             146             147             151             150
             147             148             152             151
             149             150             154             153
             150             151             155             154
             151             152             156             155
             153             154             158             157
             154             155             159             158
             155             156             160             159
             161             162             171             170
             162             163             172             171
             163             164             173             172
             164             165             174             173
             165             166             175             174
             166             167             176             175
             167             168             177             176
             168             169             178             177
             170             171             180             179
             171             172             181             180
             172             173             182             181
             173             174             183             182
             174             175             184             183
             175             176             185             184
             176             177             186             185
             177             178             187             186
             179             180             189             188
             180             181             190             189
             181             182             191             190
             182             183             192             191
             183             184             193             192
             184             185             194             193
             185             186             195             194
             186             187             196             195
             188             189             198             197
             189             190             199             198
             190             191             200             199
             191             192             201             200
             192             193             202             201
             193             194             203             202
             194             195             204             203
             195             196             205             204
             197             198             207             206
             198             199             208             207
             199             200             209             208
             200             201             210             209
             201             202             211             210
             202             203             212             211
             203             204             213             212
             204             205             214             213
             206             207             216             215
             207             208             217             216
             208             209             218             217
             209             210             219             218
             210             211             220             219
             211             212             221             220
             212             213             222             221
             213             214             223             222
             215             216             225             224
             216             217             226             225
             217             218             227             226
             218             219             228             227
             219             220             229             228
             220             221             230             229
             221             222             231             230
             222             223             232             231
             224             225             234             233
             225             226             235             234
             226             227             236             235
             227             228             237             236
             228             229             238             237
             229             230             239             238
             230             231             240             239
             231             232             241             240
             233             234             243             242
             234             235             244             243
             235             236             245             244
             236             237             246             245
             237             238             247             246
             238             239             248             247
             239             240             249             248
             240             241             250             249
             242             243             252             251
             243             244             253             252
             244             245             254             253
             245             246             255             254
             246             247             256             255
             247             248             257             256
             248             249             258             257
             249             250             259             258
          0          0          0          0
