                    2          0
             1               2.0305560               0.7866415              -4.2871509
             2               2.0305560               0.7866415              -3.5726256
             3               2.0305560               0.7866415              -2.8581004
             4               2.0305560               0.7866415              -2.1435754
             5               2.0305560               0.7866415              -1.4290502
             6               2.0305560               0.7866415              -0.7145250
             7               2.0305560               0.7866415               0.0000000
             8               2.1040802               0.3933207              -4.2871509
             9               2.1040802               0.3933207              -3.5726256
            10               2.1040802               0.3933207              -2.8581004
            11               2.1040802               0.3933207              -2.1435754
            12               2.1040802               0.3933207              -1.4290502
            13               2.1040802               0.3933207              -0.7145250
            14               2.1040802               0.3933207               0.0000000
            15               2.1776047               0.0000000              -4.2871509
            16               2.1776047               0.0000000              -3.5726256
            17               2.1776047               0.0000000              -2.8581004
            18               2.1776047               0.0000000              -2.1435754
            19               2.1776047               0.0000000              -1.4290502
            20               2.1776047               0.0000000              -0.7145250
            21               2.1776047               0.0000000               0.0000000
            22               1.6092693               1.4670428              -4.2871509
            23               1.6092693               1.4670428              -3.5726256
            24               1.6092693               1.4670428              -2.8581004
            25               1.6092693               1.4670428              -2.1435754
            26               1.6092693               1.4670428              -1.4290502
            27               1.6092693               1.4670428              -0.7145250
            28               1.6092693               1.4670428               0.0000000
            29               1.8199127               1.1268421              -4.2871509
            30               1.8199127               1.1268421              -3.5726256
            31               1.8199127               1.1268421              -2.8581004
            32               1.8199127               1.1268421              -2.1435754
            33               1.8199127               1.1268421              -1.4290502
            34               1.8199127               1.1268421              -0.7145250
            35               1.8199127               1.1268421               0.0000000
            36               2.0305560               0.7866415              -4.2871509
            37               2.0305560               0.7866415              -3.5726256
            38               2.0305560               0.7866415              -2.8581004
            39               2.0305560               0.7866415              -2.1435754
            40               2.0305560               0.7866415              -1.4290502
            41               2.0305560               0.7866415              -0.7145250
            42               2.0305560               0.7866415               0.0000000
            43               0.9706419               1.9493119              -4.2871509
            44               0.9706419               1.9493119              -3.5726256
            45               0.9706419               1.9493119              -2.8581004
            46               0.9706419               1.9493119              -2.1435754
            47               0.9706419               1.9493119              -1.4290502
            48               0.9706419               1.9493119              -0.7145250
            49               0.9706419               1.9493119               0.0000000
            50               1.2899556               1.7081773              -4.2871509
            51               1.2899556               1.7081773              -3.5726256
            52               1.2899556               1.7081773              -2.8581004
            53               1.2899556               1.7081773              -2.1435754
            54               1.2899556               1.7081773              -1.4290502
            55               1.2899556               1.7081773              -0.7145250
            56               1.2899556               1.7081773               0.0000000
            57               1.6092693               1.4670428              -4.2871509
            58               1.6092693               1.4670428              -3.5726256
            59               1.6092693               1.4670428              -2.8581004
            60               1.6092693               1.4670428              -2.1435754
            61               1.6092693               1.4670428              -1.4290502
            62               1.6092693               1.4670428              -0.7145250
            63               1.6092693               1.4670428               0.0000000
            64               0.2009240               2.1683154              -4.2871509
            65               0.2009240               2.1683154              -3.5726256
            66               0.2009240               2.1683154              -2.8581004
            67               0.2009240               2.1683154              -2.1435754
            68               0.2009240               2.1683154              -1.4290502
            69               0.2009240               2.1683154              -0.7145250
            70               0.2009240               2.1683154               0.0000000
            71               0.5857829               2.0588136              -4.2871509
            72               0.5857829               2.0588136              -3.5726256
            73               0.5857829               2.0588136              -2.8581004
            74               0.5857829               2.0588136              -2.1435754
            75               0.5857829               2.0588136              -1.4290502
            76               0.5857829               2.0588136              -0.7145250
            77               0.5857829               2.0588136               0.0000000
            78               0.9706419               1.9493119              -4.2871509
            79               0.9706419               1.9493119              -3.5726256
            80               0.9706419               1.9493119              -2.8581004
            81               0.9706419               1.9493119              -2.1435754
            82               0.9706419               1.9493119              -1.4290502
            83               0.9706419               1.9493119              -0.7145250
            84               0.9706419               1.9493119               0.0000000
            85              -0.5959298               2.0944760              -4.2871509
            86              -0.5959298               2.0944760              -3.5726256
            87              -0.5959298               2.0944760              -2.8581004
            88              -0.5959298               2.0944760              -2.1435754
            89              -0.5959298               2.0944760              -1.4290502
            90              -0.5959298               2.0944760              -0.7145250
            91              -0.5959298               2.0944760               0.0000000
            92              -0.1975029               2.1313958              -4.2871509
            93              -0.1975029               2.1313958              -3.5726256
            94              -0.1975029               2.1313958              -2.8581004
            95              -0.1975029               2.1313958              -2.1435754
            96              -0.1975029               2.1313958              -1.4290502
            97              -0.1975029               2.1313958              -0.7145250
            98              -0.1975029               2.1313958               0.0000000
            99               0.2009240               2.1683154              -4.2871509
           100               0.2009240               2.1683154              -3.5726256
           101               0.2009240               2.1683154              -2.8581004
           102               0.2009240               2.1683154              -2.1435754
           103               0.2009240               2.1683154              -1.4290502
           104               0.2009240               2.1683154              -0.7145250
           105               0.2009240               2.1683154               0.0000000
           106              -1.3123000               1.7377660              -4.2871509
           107              -1.3123000               1.7377660              -3.5726256
           108              -1.3123000               1.7377660              -2.8581004
           109              -1.3123000               1.7377660              -2.1435754
           110              -1.3123000               1.7377660              -1.4290502
           111              -1.3123000               1.7377660              -0.7145250
           112              -1.3123000               1.7377660               0.0000000
           113              -0.9541149               1.9161210              -4.2871509
           114              -0.9541149               1.9161210              -3.5726256
           115              -0.9541149               1.9161210              -2.8581004
           116              -0.9541149               1.9161210              -2.1435754
           117              -0.9541149               1.9161210              -1.4290502
           118              -0.9541149               1.9161210              -0.7145250
           119              -0.9541149               1.9161210               0.0000000
           120              -0.5959298               2.0944760              -4.2871509
           121              -0.5959298               2.0944760              -3.5726256
           122              -0.5959298               2.0944760              -2.8581004
           123              -0.5959298               2.0944760              -2.1435754
           124              -0.5959298               2.0944760              -1.4290502
           125              -0.5959298               2.0944760              -0.7145250
           126              -0.5959298               2.0944760               0.0000000
           127              -1.8514369               1.1463611              -4.2871509
           128              -1.8514369               1.1463611              -3.5726256
           129              -1.8514369               1.1463611              -2.8581004
           130              -1.8514369               1.1463611              -2.1435754
           131              -1.8514369               1.1463611              -1.4290502
           132              -1.8514369               1.1463611              -0.7145250
           133              -1.8514369               1.1463611               0.0000000
           134              -1.5818684               1.4420636              -4.2871509
           135              -1.5818684               1.4420636              -3.5726256
           136              -1.5818684               1.4420636              -2.8581004
           137              -1.5818684               1.4420636              -2.1435754
           138              -1.5818684               1.4420636              -1.4290502
           139              -1.5818684               1.4420636              -0.7145250
           140              -1.5818684               1.4420636               0.0000000
           141              -1.3123000               1.7377660              -4.2871509
           142              -1.3123000               1.7377660              -3.5726256
           143              -1.3123000               1.7377660              -2.8581004
           144              -1.3123000               1.7377660              -2.1435754
           145              -1.3123000               1.7377660              -1.4290502
           146              -1.3123000               1.7377660              -0.7145250
           147              -1.3123000               1.7377660               0.0000000
           148              -2.1405268               0.4001338              -4.2871509
           149              -2.1405268               0.4001338              -3.5726256
           150              -2.1405268               0.4001338              -2.8581004
           151              -2.1405268               0.4001338              -2.1435754
           152              -2.1405268               0.4001338              -1.4290502
           153              -2.1405268               0.4001338              -0.7145250
           154              -2.1405268               0.4001338               0.0000000
           155              -1.9959818               0.7732475              -4.2871509
           156              -1.9959818               0.7732475              -3.5726256
           157              -1.9959818               0.7732475              -2.8581004
           158              -1.9959818               0.7732475              -2.1435754
           159              -1.9959818               0.7732475              -1.4290502
           160              -1.9959818               0.7732475              -0.7145250
           161              -1.9959818               0.7732475               0.0000000
           162              -1.8514369               1.1463611              -4.2871509
           163              -1.8514369               1.1463611              -3.5726256
           164              -1.8514369               1.1463611              -2.8581004
           165              -1.8514369               1.1463611              -2.1435754
           166              -1.8514369               1.1463611              -1.4290502
           167              -1.8514369               1.1463611              -0.7145250
           168              -1.8514369               1.1463611               0.0000000
           169              -2.1405268              -0.4001338              -4.2871509
           170              -2.1405268              -0.4001338              -3.5726256
           171              -2.1405268              -0.4001338              -2.8581004
           172              -2.1405268              -0.4001338              -2.1435754
           173              -2.1405268              -0.4001338              -1.4290502
           174              -2.1405268              -0.4001338              -0.7145250
           175              -2.1405268              -0.4001338               0.0000000
           176              -2.1405268               0.0000000              -4.2871509
           177              -2.1405268               0.0000000              -3.5726256
           178              -2.1405268               0.0000000              -2.8581004
           179              -2.1405268               0.0000000              -2.1435754
           180              -2.1405268               0.0000000              -1.4290502
           181              -2.1405268               0.0000000              -0.7145250
           182              -2.1405268               0.0000000               0.0000000
           183              -2.1405268               0.4001338              -4.2871509
           184              -2.1405268               0.4001338              -3.5726256
           185              -2.1405268               0.4001338              -2.8581004
           186              -2.1405268               0.4001338              -2.1435754
           187              -2.1405268               0.4001338              -1.4290502
           188              -2.1405268               0.4001338              -0.7145250
           189              -2.1405268               0.4001338               0.0000000
           190              -1.8514369              -1.1463611              -4.2871509
           191              -1.8514369              -1.1463611              -3.5726256
           192              -1.8514369              -1.1463611              -2.8581004
           193              -1.8514369              -1.1463611              -2.1435754
           194              -1.8514369              -1.1463611              -1.4290502
           195              -1.8514369              -1.1463611              -0.7145250
           196              -1.8514369              -1.1463611               0.0000000
           197              -1.9959818              -0.7732475              -4.2871509
           198              -1.9959818              -0.7732475              -3.5726256
           199              -1.9959818              -0.7732475              -2.8581004
           200              -1.9959818              -0.7732475              -2.1435754
           201              -1.9959818              -0.7732475              -1.4290502
           202              -1.9959818              -0.7732475              -0.7145250
           203              -1.9959818              -0.7732475               0.0000000
           204              -2.1405268              -0.4001338              -4.2871509
           205              -2.1405268              -0.4001338              -3.5726256
           206              -2.1405268              -0.4001338              -2.8581004
           207              -2.1405268              -0.4001338              -2.1435754
           208              -2.1405268              -0.4001338              -1.4290502
           209              -2.1405268              -0.4001338              -0.7145250
           210              -2.1405268              -0.4001338               0.0000000
           211              -1.3123000              -1.7377660              -4.2871509
           212              -1.3123000              -1.7377660              -3.5726256
           213              -1.3123000              -1.7377660              -2.8581004
           214              -1.3123000              -1.7377660              -2.1435754
           215              -1.3123000              -1.7377660              -1.4290502
           216              -1.3123000              -1.7377660              -0.7145250
           217              -1.3123000              -1.7377660               0.0000000
           218              -1.5818684              -1.4420636              -4.2871509
           219              -1.5818684              -1.4420636              -3.5726256
           220              -1.5818684              -1.4420636              -2.8581004
           221              -1.5818684              -1.4420636              -2.1435754
           222              -1.5818684              -1.4420636              -1.4290502
           223              -1.5818684              -1.4420636              -0.7145250
           224              -1.5818684              -1.4420636               0.0000000
           225              -1.8514369              -1.1463611              -4.2871509
           226              -1.8514369              -1.1463611              -3.5726256
           227              -1.8514369              -1.1463611              -2.8581004
           228              -1.8514369              -1.1463611              -2.1435754
           229              -1.8514369              -1.1463611              -1.4290502
           230              -1.8514369              -1.1463611              -0.7145250
           231              -1.8514369              -1.1463611               0.0000000
           232              -0.5959298              -2.0944760              -4.2871509
           233              -0.5959298              -2.0944760              -3.5726256
           234              -0.5959298              -2.0944760              -2.8581004
           235              -0.5959298              -2.0944760              -2.1435754
           236              -0.5959298              -2.0944760              -1.4290502
           237              -0.5959298              -2.0944760              -0.7145250
           238              -0.5959298              -2.0944760               0.0000000
           239              -0.9541149              -1.9161210              -4.2871509
           240              -0.9541149              -1.9161210              -3.5726256
           241              -0.9541149              -1.9161210              -2.8581004
           242              -0.9541149              -1.9161210              -2.1435754
           243              -0.9541149              -1.9161210              -1.4290502
           244              -0.9541149              -1.9161210              -0.7145250
           245              -0.9541149              -1.9161210               0.0000000
           246              -1.3123000              -1.7377660              -4.2871509
           247              -1.3123000              -1.7377660              -3.5726256
           248              -1.3123000              -1.7377660              -2.8581004
           249              -1.3123000              -1.7377660              -2.1435754
           250              -1.3123000              -1.7377660              -1.4290502
           251              -1.3123000              -1.7377660              -0.7145250
           252              -1.3123000              -1.7377660               0.0000000
           253               0.2009240              -2.1683154              -4.2871509
           254               0.2009240              -2.1683154              -3.5726256
           255               0.2009240              -2.1683154              -2.8581004
           256               0.2009240              -2.1683154              -2.1435754
           257               0.2009240              -2.1683154              -1.4290502
           258               0.2009240              -2.1683154              -0.7145250
           259               0.2009240              -2.1683154               0.0000000
           260              -0.1975029              -2.1313958              -4.2871509
           261              -0.1975029              -2.1313958              -3.5726256
           262              -0.1975029              -2.1313958              -2.8581004
           263              -0.1975029              -2.1313958              -2.1435754
           264              -0.1975029              -2.1313958              -1.4290502
           265              -0.1975029              -2.1313958              -0.7145250
           266              -0.1975029              -2.1313958               0.0000000
           267              -0.5959298              -2.0944760              -4.2871509
           268              -0.5959298              -2.0944760              -3.5726256
           269              -0.5959298              -2.0944760              -2.8581004
           270              -0.5959298              -2.0944760              -2.1435754
           271              -0.5959298              -2.0944760              -1.4290502
           272              -0.5959298              -2.0944760              -0.7145250
           273              -0.5959298              -2.0944760               0.0000000
           274               0.9706419              -1.9493119              -4.2871509
           275               0.9706419              -1.9493119              -3.5726256
           276               0.9706419              -1.9493119              -2.8581004
           277               0.9706419              -1.9493119              -2.1435754
           278               0.9706419              -1.9493119              -1.4290502
           279               0.9706419              -1.9493119              -0.7145250
           280               0.9706419              -1.9493119               0.0000000
           281               0.5857829              -2.0588136              -4.2871509
           282               0.5857829              -2.0588136              -3.5726256
           283               0.5857829              -2.0588136              -2.8581004
           284               0.5857829              -2.0588136              -2.1435754
           285               0.5857829              -2.0588136              -1.4290502
           286               0.5857829              -2.0588136              -0.7145250
           287               0.5857829              -2.0588136               0.0000000
           288               0.2009240              -2.1683154              -4.2871509
           289               0.2009240              -2.1683154              -3.5726256
           290               0.2009240              -2.1683154              -2.8581004
           291               0.2009240              -2.1683154              -2.1435754
           292               0.2009240              -2.1683154              -1.4290502
           293               0.2009240              -2.1683154              -0.7145250
           294               0.2009240              -2.1683154               0.0000000
           295               1.6092693              -1.4670428              -4.2871509
           296               1.6092693              -1.4670428              -3.5726256
           297               1.6092693              -1.4670428              -2.8581004
           298               1.6092693              -1.4670428              -2.1435754
           299               1.6092693              -1.4670428              -1.4290502
           300               1.6092693              -1.4670428              -0.7145250
           301               1.6092693              -1.4670428               0.0000000
           302               1.2899556              -1.7081773              -4.2871509
           303               1.2899556              -1.7081773              -3.5726256
           304               1.2899556              -1.7081773              -2.8581004
           305               1.2899556              -1.7081773              -2.1435754
           306               1.2899556              -1.7081773              -1.4290502
           307               1.2899556              -1.7081773              -0.7145250
           308               1.2899556              -1.7081773               0.0000000
           309               0.9706419              -1.9493119              -4.2871509
           310               0.9706419              -1.9493119              -3.5726256
           311               0.9706419              -1.9493119              -2.8581004
           312               0.9706419              -1.9493119              -2.1435754
           313               0.9706419              -1.9493119              -1.4290502
           314               0.9706419              -1.9493119              -0.7145250
           315               0.9706419              -1.9493119               0.0000000
           316               2.0305560              -0.7866415              -4.2871509
           317               2.0305560              -0.7866415              -3.5726256
           318               2.0305560              -0.7866415              -2.8581004
           319               2.0305560              -0.7866415              -2.1435754
           320               2.0305560              -0.7866415              -1.4290502
           321               2.0305560              -0.7866415              -0.7145250
           322               2.0305560              -0.7866415               0.0000000
           323               1.8199127              -1.1268421              -4.2871509
           324               1.8199127              -1.1268421              -3.5726256
           325               1.8199127              -1.1268421              -2.8581004
           326               1.8199127              -1.1268421              -2.1435754
           327               1.8199127              -1.1268421              -1.4290502
           328               1.8199127              -1.1268421              -0.7145250
           329               1.8199127              -1.1268421               0.0000000
           330               1.6092693              -1.4670428              -4.2871509
           331               1.6092693              -1.4670428              -3.5726256
           332               1.6092693              -1.4670428              -2.8581004
           333               1.6092693              -1.4670428              -2.1435754
           334               1.6092693              -1.4670428              -1.4290502
           335               1.6092693              -1.4670428              -0.7145250
           336               1.6092693              -1.4670428               0.0000000
           337               2.1776047               0.0000000              -4.2871509
           338               2.1776047               0.0000000              -3.5726256
           339               2.1776047               0.0000000              -2.8581004
           340               2.1776047               0.0000000              -2.1435754
           341               2.1776047               0.0000000              -1.4290502
           342               2.1776047               0.0000000              -0.7145250
           343               2.1776047               0.0000000               0.0000000
           344               2.1040802              -0.3933207              -4.2871509
           345               2.1040802              -0.3933207              -3.5726256
           346               2.1040802              -0.3933207              -2.8581004
           347               2.1040802              -0.3933207              -2.1435754
           348               2.1040802              -0.3933207              -1.4290502
           349               2.1040802              -0.3933207              -0.7145250
           350               2.1040802              -0.3933207               0.0000000
           351               2.0305560              -0.7866415              -4.2871509
           352               2.0305560              -0.7866415              -3.5726256
           353               2.0305560              -0.7866415              -2.8581004
           354               2.0305560              -0.7866415              -2.1435754
           355               2.0305560              -0.7866415              -1.4290502
           356               2.0305560              -0.7866415              -0.7145250
           357               2.0305560              -0.7866415               0.0000000
           358               0.0000000               0.0000000              -4.2871509
           359               0.0000000               0.0000000              -4.2871509
           360               0.7258682               0.0000000              -4.2871509
           361               0.6768520               0.2622138              -4.2871509
           362               1.4517365               0.0000000              -4.2871509
           363               1.3537040               0.5244277              -4.2871509
           364               2.1776047               0.0000000              -4.2871509
           365               2.0305560               0.7866414              -4.2871509
           366               0.0000000               0.0000000              -4.2871509
           367               0.0000000               0.0000000              -4.2871509
           368               0.6768520               0.2622138              -4.2871509
           369               0.5364231               0.4890143              -4.2871509
           370               1.3537040               0.5244277              -4.2871509
           371               1.0728462               0.9780285              -4.2871509
           372               2.0305560               0.7866414              -4.2871509
           373               1.6092693               1.4670428              -4.2871509
           374               0.0000000               0.0000000              -4.2871509
           375               0.0000000               0.0000000              -4.2871509
           376               0.5364231               0.4890143              -4.2871509
           377               0.3235473               0.6497706              -4.2871509
           378               1.0728462               0.9780285              -4.2871509
           379               0.6470946               1.2995412              -4.2871509
           380               1.6092693               1.4670428              -4.2871509
           381               0.9706419               1.9493119              -4.2871509
           382               0.0000000               0.0000000              -4.2871509
           383               0.0000000               0.0000000              -4.2871509
           384               0.3235473               0.6497706              -4.2871509
           385               0.0669747               0.7227718              -4.2871509
           386               0.6470946               1.2995412              -4.2871509
           387               0.1339493               1.4455436              -4.2871509
           388               0.9706419               1.9493119              -4.2871509
           389               0.2009240               2.1683154              -4.2871509
           390               0.0000000               0.0000000              -4.2871509
           391               0.0000000               0.0000000              -4.2871509
           392               0.0669747               0.7227718              -4.2871509
           393              -0.1986433               0.6981587              -4.2871509
           394               0.1339493               1.4455436              -4.2871509
           395              -0.3972865               1.3963174              -4.2871509
           396               0.2009240               2.1683154              -4.2871509
           397              -0.5959298               2.0944760              -4.2871509
           398               0.0000000               0.0000000              -4.2871509
           399               0.0000000               0.0000000              -4.2871509
           400              -0.1986433               0.6981587              -4.2871509
           401              -0.4374333               0.5792553              -4.2871509
           402              -0.3972865               1.3963174              -4.2871509
           403              -0.8748667               1.1585107              -4.2871509
           404              -0.5959298               2.0944760              -4.2871509
           405              -1.3123000               1.7377659              -4.2871509
           406               0.0000000               0.0000000              -4.2871509
           407               0.0000000               0.0000000              -4.2871509
           408              -0.4374333               0.5792553              -4.2871509
           409              -0.6171456               0.3821204              -4.2871509
           410              -0.8748667               1.1585107              -4.2871509
           411              -1.2342912               0.7642407              -4.2871509
           412              -1.3123000               1.7377659              -4.2871509
           413              -1.8514370               1.1463611              -4.2871509
           414               0.0000000               0.0000000              -4.2871509
           415               0.0000000               0.0000000              -4.2871509
           416              -0.6171456               0.3821204              -4.2871509
           417              -0.7135089               0.1333779              -4.2871509
           418              -1.2342912               0.7642407              -4.2871509
           419              -1.4270178               0.2667558              -4.2871509
           420              -1.8514370               1.1463611              -4.2871509
           421              -2.1405268               0.4001337              -4.2871509
           422               0.0000000               0.0000000              -4.2871509
           423               0.0000000               0.0000000              -4.2871509
           424              -0.7135089               0.1333779              -4.2871509
           425              -0.7135089              -0.1333779              -4.2871509
           426              -1.4270178               0.2667558              -4.2871509
           427              -1.4270178              -0.2667558              -4.2871509
           428              -2.1405268               0.4001338              -4.2871509
           429              -2.1405268              -0.4001338              -4.2871509
           430               0.0000000               0.0000000              -4.2871509
           431               0.0000000               0.0000000              -4.2871509
           432              -0.7135089              -0.1333779              -4.2871509
           433              -0.6171456              -0.3821204              -4.2871509
           434              -1.4270178              -0.2667558              -4.2871509
           435              -1.2342912              -0.7642407              -4.2871509
           436              -2.1405268              -0.4001338              -4.2871509
           437              -1.8514370              -1.1463611              -4.2871509
           438               0.0000000               0.0000000              -4.2871509
           439               0.0000000               0.0000000              -4.2871509
           440              -0.6171456              -0.3821204              -4.2871509
           441              -0.4374333              -0.5792553              -4.2871509
           442              -1.2342912              -0.7642407              -4.2871509
           443              -0.8748667              -1.1585107              -4.2871509
           444              -1.8514370              -1.1463611              -4.2871509
           445              -1.3123000              -1.7377659              -4.2871509
           446               0.0000000               0.0000000              -4.2871509
           447               0.0000000               0.0000000              -4.2871509
           448              -0.4374333              -0.5792553              -4.2871509
           449              -0.1986433              -0.6981587              -4.2871509
           450              -0.8748667              -1.1585107              -4.2871509
           451              -0.3972865              -1.3963174              -4.2871509
           452              -1.3123000              -1.7377659              -4.2871509
           453              -0.5959298              -2.0944760              -4.2871509
           454               0.0000000               0.0000000              -4.2871509
           455               0.0000000               0.0000000              -4.2871509
           456              -0.1986433              -0.6981587              -4.2871509
           457               0.0669747              -0.7227718              -4.2871509
           458              -0.3972865              -1.3963174              -4.2871509
           459               0.1339493              -1.4455436              -4.2871509
           460              -0.5959298              -2.0944760              -4.2871509
           461               0.2009240              -2.1683154              -4.2871509
           462               0.0000000               0.0000000              -4.2871509
           463               0.0000000               0.0000000              -4.2871509
           464               0.0669747              -0.7227718              -4.2871509
           465               0.3235473              -0.6497706              -4.2871509
           466               0.1339493              -1.4455436              -4.2871509
           467               0.6470946              -1.2995412              -4.2871509
           468               0.2009240              -2.1683154              -4.2871509
           469               0.9706419              -1.9493119              -4.2871509
           470               0.0000000               0.0000000              -4.2871509
           471               0.0000000               0.0000000              -4.2871509
           472               0.3235473              -0.6497706              -4.2871509
           473               0.5364231              -0.4890143              -4.2871509
           474               0.6470946              -1.2995412              -4.2871509
           475               1.0728462              -0.9780285              -4.2871509
           476               0.9706419              -1.9493119              -4.2871509
           477               1.6092693              -1.4670428              -4.2871509
           478               0.0000000               0.0000000              -4.2871509
           479               0.0000000               0.0000000              -4.2871509
           480               0.5364231              -0.4890143              -4.2871509
           481               0.6768520              -0.2622138              -4.2871509
           482               1.0728462              -0.9780285              -4.2871509
           483               1.3537040              -0.5244277              -4.2871509
           484               1.6092693              -1.4670428              -4.2871509
           485               2.0305560              -0.7866414              -4.2871509
           486               0.0000000               0.0000000              -4.2871509
           487               0.0000000               0.0000000              -4.2871509
           488               0.6768520              -0.2622138              -4.2871509
           489               0.7258682               0.0000000              -4.2871509
           490               1.3537040              -0.5244277              -4.2871509
           491               1.4517365               0.0000000              -4.2871509
           492               2.0305560              -0.7866414              -4.2871509
           493               2.1776047               0.0000000              -4.2871509
             0          0.00          0.00          0.00
               1               2               9               8
               2               3              10               9
               3               4              11              10
               4               5              12              11
               5               6              13              12
               6               7              14              13
               8               9              16              15
               9              10              17              16
              10              11              18              17
              11              12              19              18
              12              13              20              19
              13              14              21              20
              22              23              30              29
              23              24              31              30
              24              25              32              31
              25              26              33              32
              26              27              34              33
              27              28              35              34
              29              30              37              36
              30              31              38              37
              31              32              39              38
              32              33              40              39
              33              34              41              40
              34              35              42              41
              43              44              51              50
              44              45              52              51
              45              46              53              52
              46              47              54              53
              47              48              55              54
              48              49              56              55
              50              51              58              57
              51              52              59              58
              52              53              60              59
              53              54              61              60
              54              55              62              61
              55              56              63              62
              64              65              72              71
              65              66              73              72
              66              67              74              73
              67              68              75              74
              68              69              76              75
              69              70              77              76
              71              72              79              78
              72              73              80              79
              73              74              81              80
              74              75              82              81
              75              76              83              82
              76              77              84              83
              85              86              93              92
              86              87              94              93
              87              88              95              94
              88              89              96              95
              89              90              97              96
              90              91              98              97
              92              93             100              99
              93              94             101             100
              94              95             102             101
              95              96             103             102
              96              97             104             103
              97              98             105             104
             106             107             114             113
             107             108             115             114
             108             109             116             115
             109             110             117             116
             110             111             118             117
             111             112             119             118
             113             114             121             120
             114             115             122             121
             115             116             123             122
             116             117             124             123
             117             118             125             124
             118             119             126             125
             127             128             135             134
             128             129             136             135
             129             130             137             136
             130             131             138             137
             131             132             139             138
             132             133             140             139
             134             135             142             141
             135             136             143             142
             136             137             144             143
             137             138             145             144
             138             139             146             145
             139             140             147             146
             148             149             156             155
             149             150             157             156
             150             151             158             157
             151             152             159             158
             152             153             160             159
             153             154             161             160
             155             156             163             162
             156             157             164             163
             157             158             165             164
             158             159             166             165
             159             160             167             166
             160             161             168             167
             169             170             177             176
             170             171             178             177
             171             172             179             178
             172             173             180             179
             173             174             181             180
             174             175             182             181
             176             177             184             183
             177             178             185             184
             178             179             186             185
             179             180             187             186
             180             181             188             187
             181             182             189             188
             190             191             198             197
             191             192             199             198
             192             193             200             199
             193             194             201             200
             194             195             202             201
             195             196             203             202
             197             198             205             204
             198             199             206             205
             199             200             207             206
             200             201             208             207
             201             202             209             208
             202             203             210             209
             211             212             219             218
             212             213             220             219
             213             214             221             220
             214             215             222             221
             215             216             223             222
             216             217             224             223
             218             219             226             225
             219             220             227             226
             220             221             228             227
             221             222             229             228
             222             223             230             229
             223             224             231             230
             232             233             240             239
             233             234             241             240
             234             235             242             241
             235             236             243             242
             236             237             244             243
             237             238             245             244
             239             240             247             246
             240             241             248             247
             241             242             249             248
             242             243             250             249
             243             244             251             250
             244             245             252             251
             253             254             261             260
             254             255             262             261
             255             256             263             262
             256             257             264             263
             257             258             265             264
             258             259             266             265
             260             261             268             267
             261             262             269             268
             262             263             270             269
             263             264             271             270
             264             265             272             271
             265             266             273             272
             274             275             282             281
             275             276             283             282
             276             277             284             283
             277             278             285             284
             278             279             286             285
             279             280             287             286
             281             282             289             288
             282             283             290             289
             283             284             291             290
             284             285             292             291
             285             286             293             292
             286             287             294             293
             295             296             303             302
             296             297             304             303
             297             298             305             304
             298             299             306             305
             299             300             307             306
             300             301             308             307
             302             303             310             309
             303             304             311             310
             304             305             312             311
             305             306             313             312
             306             307             314             313
             307             308             315             314
             316             317             324             323
             317             318             325             324
             318             319             326             325
             319             320             327             326
             320             321             328             327
             321             322             329             328
             323             324             331             330
             324             325             332             331
             325             326             333             332
             326             327             334             333
             327             328             335             334
             328             329             336             335
             337             338             345             344
             338             339             346             345
             339             340             347             346
             340             341             348             347
             341             342             349             348
             342             343             350             349
             344             345             352             351
             345             346             353             352
             346             347             354             353
             347             348             355             354
             348             349             356             355
             349             350             357             356
             358             359             361             360
             360             361             363             362
             362             363             365             364
             366             367             369             368
             368             369             371             370
             370             371             373             372
             374             375             377             376
             376             377             379             378
             378             379             381             380
             382             383             385             384
             384             385             387             386
             386             387             389             388
             390             391             393             392
             392             393             395             394
             394             395             397             396
             398             399             401             400
             400             401             403             402
             402             403             405             404
             406             407             409             408
             408             409             411             410
             410             411             413             412
             414             415             417             416
             416             417             419             418
             418             419             421             420
             422             423             425             424
             424             425             427             426
             426             427             429             428
             430             431             433             432
             432             433             435             434
             434             435             437             436
             438             439             441             440
             440             441             443             442
             442             443             445             444
             446             447             449             448
             448             449             451             450
             450             451             453             452
             454             455             457             456
             456             457             459             458
             458             459             461             460
             462             463             465             464
             464             465             467             466
             466             467             469             468
             470             471             473             472
             472             473             475             474
             474             475             477             476
             478             479             481             480
             480             481             483             482
             482             483             485             484
             486             487             489             488
             488             489             491             490
             490             491             493             492
          0          0          0          0
