                    2          0
             1               0.0000000               1.9065679              -3.2495351
             2              -0.3369350               1.9065679              -2.9541228
             3              -0.6738699               1.9065679              -2.6587105
             4              -1.0108049               1.9065679              -2.3632982
             5              -1.3477398               1.9065679              -2.0678859
             6              -1.6846747               1.9065679              -1.7724737
             7              -2.0216098               1.9065679              -1.4770613
             8              -2.3585448               1.9065679              -1.1816490
             9              -2.6954796               1.9065679              -0.8862369
            10              -3.0324144               1.9065679              -0.5908246
            11              -3.3693495               1.9065679              -0.2954123
            12              -3.7062845               1.9065679              -0.0000002
            13               0.0000000               1.9065679              -3.2495351
            14               0.3369350               1.9065679              -2.9541228
            15               0.6738699               1.9065679              -2.6587105
            16               1.0108049               1.9065679              -2.3632982
            17               1.3477398               1.9065679              -2.0678859
            18               1.6846747               1.9065679              -1.7724737
            19               2.0216098               1.9065679              -1.4770613
            20               2.3585448               1.9065679              -1.1816490
            21               2.6954796               1.9065679              -0.8862369
            22               3.0324144               1.9065679              -0.5908246
            23               3.3693495               1.9065679              -0.2954123
            24               3.7062845               1.9065679              -0.0000002
            25               0.0000000               1.9065679              -3.2495351
            26               0.3369350               1.9065679              -2.9541228
            27               0.6738699               1.9065679              -2.6587105
            28               1.0108049               1.9065679              -2.3632982
            29               1.3477398               1.9065679              -2.0678859
            30               1.6846747               1.9065679              -1.7724737
            31               2.0216098               1.9065679              -1.4770613
            32               2.3585448               1.9065679              -1.1816490
            33               2.6954796               1.9065679              -0.8862369
            34               3.0324144               1.9065679              -0.5908246
            35               3.3693495               1.9065679              -0.2954123
            36               3.7062845               1.9065679              -0.0000002
            37               0.0000000               1.4299259              -3.2495351
            38               0.3369350               1.4299259              -2.9541228
            39               0.6738699               1.4299259              -2.6587105
            40               1.0108049               1.4299259              -2.3632982
            41               1.3477398               1.4299259              -2.0678859
            42               1.6846747               1.4299259              -1.7724737
            43               2.0216098               1.4299259              -1.4770613
            44               2.3585448               1.4299259              -1.1816490
            45               2.6954796               1.4299259              -0.8862369
            46               3.0324144               1.4299259              -0.5908246
            47               3.3693495               1.4299259              -0.2954123
            48               3.7062845               1.4299259              -0.0000002
            49               0.0000000               0.9532840              -3.2495351
            50               0.3369350               0.9532840              -2.9541228
            51               0.6738699               0.9532840              -2.6587105
            52               1.0108049               0.9532840              -2.3632982
            53               1.3477398               0.9532840              -2.0678859
            54               1.6846747               0.9532840              -1.7724737
            55               2.0216098               0.9532840              -1.4770613
            56               2.3585448               0.9532840              -1.1816490
            57               2.6954796               0.9532840              -0.8862369
            58               3.0324144               0.9532840              -0.5908246
            59               3.3693495               0.9532840              -0.2954123
            60               3.7062845               0.9532840              -0.0000002
            61               0.0000000               0.4766420              -3.2495351
            62               0.3369350               0.4766420              -2.9541228
            63               0.6738699               0.4766420              -2.6587105
            64               1.0108049               0.4766420              -2.3632982
            65               1.3477398               0.4766420              -2.0678859
            66               1.6846747               0.4766420              -1.7724737
            67               2.0216098               0.4766420              -1.4770613
            68               2.3585448               0.4766420              -1.1816490
            69               2.6954796               0.4766420              -0.8862369
            70               3.0324144               0.4766420              -0.5908246
            71               3.3693495               0.4766420              -0.2954123
            72               3.7062845               0.4766420              -0.0000002
            73               0.0000000               0.0000000              -3.2495351
            74               0.3369350               0.0000000              -2.9541228
            75               0.6738699               0.0000000              -2.6587105
            76               1.0108049               0.0000000              -2.3632982
            77               1.3477398               0.0000000              -2.0678859
            78               1.6846747               0.0000000              -1.7724737
            79               2.0216098               0.0000000              -1.4770613
            80               2.3585448               0.0000000              -1.1816490
            81               2.6954796               0.0000000              -0.8862369
            82               3.0324144               0.0000000              -0.5908246
            83               3.3693495               0.0000000              -0.2954123
            84               3.7062845               0.0000000              -0.0000002
            85               0.0000000              -0.4766420              -3.2495351
            86               0.3369350              -0.4766420              -2.9541228
            87               0.6738699              -0.4766420              -2.6587105
            88               1.0108049              -0.4766420              -2.3632982
            89               1.3477398              -0.4766420              -2.0678859
            90               1.6846747              -0.4766420              -1.7724737
            91               2.0216098              -0.4766420              -1.4770613
            92               2.3585448              -0.4766420              -1.1816490
            93               2.6954796              -0.4766420              -0.8862369
            94               3.0324144              -0.4766420              -0.5908246
            95               3.3693495              -0.4766420              -0.2954123
            96               3.7062845              -0.4766420              -0.0000002
            97               0.0000000              -0.9532839              -3.2495351
            98               0.3369350              -0.9532839              -2.9541228
            99               0.6738699              -0.9532839              -2.6587105
           100               1.0108049              -0.9532839              -2.3632982
           101               1.3477398              -0.9532839              -2.0678859
           102               1.6846747              -0.9532839              -1.7724737
           103               2.0216098              -0.9532839              -1.4770613
           104               2.3585448              -0.9532839              -1.1816490
           105               2.6954796              -0.9532839              -0.8862369
           106               3.0324144              -0.9532839              -0.5908246
           107               3.3693495              -0.9532839              -0.2954123
           108               3.7062845              -0.9532839              -0.0000002
           109               0.0000000              -1.4299260              -3.2495351
           110               0.3369350              -1.4299260              -2.9541228
           111               0.6738699              -1.4299260              -2.6587105
           112               1.0108049              -1.4299260              -2.3632982
           113               1.3477398              -1.4299260              -2.0678859
           114               1.6846747              -1.4299260              -1.7724737
           115               2.0216098              -1.4299260              -1.4770613
           116               2.3585448              -1.4299260              -1.1816490
           117               2.6954796              -1.4299260              -0.8862369
           118               3.0324144              -1.4299260              -0.5908246
           119               3.3693495              -1.4299260              -0.2954123
           120               3.7062845              -1.4299260              -0.0000002
           121               0.0000000              -1.9065679              -3.2495351
           122               0.3369350              -1.9065679              -2.9541228
           123               0.6738699              -1.9065679              -2.6587105
           124               1.0108049              -1.9065679              -2.3632982
           125               1.3477398              -1.9065679              -2.0678859
           126               1.6846747              -1.9065679              -1.7724737
           127               2.0216098              -1.9065679              -1.4770613
           128               2.3585448              -1.9065679              -1.1816490
           129               2.6954796              -1.9065679              -0.8862369
           130               3.0324144              -1.9065679              -0.5908246
           131               3.3693495              -1.9065679              -0.2954123
           132               3.7062845              -1.9065679              -0.0000002
           133               0.0000000              -1.9065679              -3.2495351
           134               0.3369350              -1.9065679              -2.9541228
           135               0.6738699              -1.9065679              -2.6587105
           136               1.0108049              -1.9065679              -2.3632982
           137               1.3477398              -1.9065679              -2.0678859
           138               1.6846747              -1.9065679              -1.7724737
           139               2.0216098              -1.9065679              -1.4770613
           140               2.3585448              -1.9065679              -1.1816490
           141               2.6954796              -1.9065679              -0.8862369
           142               3.0324144              -1.9065679              -0.5908246
           143               3.3693495              -1.9065679              -0.2954123
           144               3.7062845              -1.9065679              -0.0000002
           145               0.0000000              -1.9065679              -3.2495351
           146              -0.3369350              -1.9065679              -2.9541228
           147              -0.6738699              -1.9065679              -2.6587105
           148              -1.0108049              -1.9065679              -2.3632982
           149              -1.3477398              -1.9065679              -2.0678859
           150              -1.6846747              -1.9065679              -1.7724737
           151              -2.0216098              -1.9065679              -1.4770613
           152              -2.3585448              -1.9065679              -1.1816490
           153              -2.6954796              -1.9065679              -0.8862369
           154              -3.0324144              -1.9065679              -0.5908246
           155              -3.3693495              -1.9065679              -0.2954123
           156              -3.7062845              -1.9065679              -0.0000002
           157               0.0000000              -1.9065679              -3.2495351
           158              -0.3369350              -1.9065679              -2.9541228
           159              -0.6738699              -1.9065679              -2.6587105
           160              -1.0108049              -1.9065679              -2.3632982
           161              -1.3477398              -1.9065679              -2.0678859
           162              -1.6846747              -1.9065679              -1.7724737
           163              -2.0216098              -1.9065679              -1.4770613
           164              -2.3585448              -1.9065679              -1.1816490
           165              -2.6954796              -1.9065679              -0.8862369
           166              -3.0324144              -1.9065679              -0.5908246
           167              -3.3693495              -1.9065679              -0.2954123
           168              -3.7062845              -1.9065679              -0.0000002
           169               0.0000000              -1.4299259              -3.2495351
           170              -0.3369350              -1.4299259              -2.9541228
           171              -0.6738699              -1.4299259              -2.6587105
           172              -1.0108049              -1.4299259              -2.3632982
           173              -1.3477398              -1.4299259              -2.0678859
           174              -1.6846747              -1.4299259              -1.7724737
           175              -2.0216098              -1.4299259              -1.4770613
           176              -2.3585448              -1.4299259              -1.1816490
           177              -2.6954796              -1.4299259              -0.8862369
           178              -3.0324144              -1.4299259              -0.5908246
           179              -3.3693495              -1.4299259              -0.2954123
           180              -3.7062845              -1.4299259              -0.0000002
           181               0.0000000              -0.9532840              -3.2495351
           182              -0.3369350              -0.9532840              -2.9541228
           183              -0.6738699              -0.9532840              -2.6587105
           184              -1.0108049              -0.9532840              -2.3632982
           185              -1.3477398              -0.9532840              -2.0678859
           186              -1.6846747              -0.9532840              -1.7724737
           187              -2.0216098              -0.9532840              -1.4770613
           188              -2.3585448              -0.9532840              -1.1816490
           189              -2.6954796              -0.9532840              -0.8862369
           190              -3.0324144              -0.9532840              -0.5908246
           191              -3.3693495              -0.9532840              -0.2954123
           192              -3.7062845              -0.9532840              -0.0000002
           193               0.0000000              -0.4766420              -3.2495351
           194              -0.3369350              -0.4766420              -2.9541228
           195              -0.6738699              -0.4766420              -2.6587105
           196              -1.0108049              -0.4766420              -2.3632982
           197              -1.3477398              -0.4766420              -2.0678859
           198              -1.6846747              -0.4766420              -1.7724737
           199              -2.0216098              -0.4766420              -1.4770613
           200              -2.3585448              -0.4766420              -1.1816490
           201              -2.6954796              -0.4766420              -0.8862369
           202              -3.0324144              -0.4766420              -0.5908246
           203              -3.3693495              -0.4766420              -0.2954123
           204              -3.7062845              -0.4766420              -0.0000002
           205               0.0000000               0.0000000              -3.2495351
           206              -0.3369350               0.0000000              -2.9541228
           207              -0.6738699               0.0000000              -2.6587105
           208              -1.0108049               0.0000000              -2.3632982
           209              -1.3477398               0.0000000              -2.0678859
           210              -1.6846747               0.0000000              -1.7724737
           211              -2.0216098               0.0000000              -1.4770613
           212              -2.3585448               0.0000000              -1.1816490
           213              -2.6954796               0.0000000              -0.8862369
           214              -3.0324144               0.0000000              -0.5908246
           215              -3.3693495               0.0000000              -0.2954123
           216              -3.7062845               0.0000000              -0.0000002
           217               0.0000000               0.4766420              -3.2495351
           218              -0.3369350               0.4766420              -2.9541228
           219              -0.6738699               0.4766420              -2.6587105
           220              -1.0108049               0.4766420              -2.3632982
           221              -1.3477398               0.4766420              -2.0678859
           222              -1.6846747               0.4766420              -1.7724737
           223              -2.0216098               0.4766420              -1.4770613
           224              -2.3585448               0.4766420              -1.1816490
           225              -2.6954796               0.4766420              -0.8862369
           226              -3.0324144               0.4766420              -0.5908246
           227              -3.3693495               0.4766420              -0.2954123
           228              -3.7062845               0.4766420              -0.0000002
           229               0.0000000               0.9532839              -3.2495351
           230              -0.3369350               0.9532839              -2.9541228
           231              -0.6738699               0.9532839              -2.6587105
           232              -1.0108049               0.9532839              -2.3632982
           233              -1.3477398               0.9532839              -2.0678859
           234              -1.6846747               0.9532839              -1.7724737
           235              -2.0216098               0.9532839              -1.4770613
           236              -2.3585448               0.9532839              -1.1816490
           237              -2.6954796               0.9532839              -0.8862369
           238              -3.0324144               0.9532839              -0.5908246
           239              -3.3693495               0.9532839              -0.2954123
           240              -3.7062845               0.9532839              -0.0000002
           241               0.0000000               1.4299260              -3.2495351
           242              -0.3369350               1.4299260              -2.9541228
           243              -0.6738699               1.4299260              -2.6587105
           244              -1.0108049               1.4299260              -2.3632982
           245              -1.3477398               1.4299260              -2.0678859
           246              -1.6846747               1.4299260              -1.7724737
           247              -2.0216098               1.4299260              -1.4770613
           248              -2.3585448               1.4299260              -1.1816490
           249              -2.6954796               1.4299260              -0.8862369
           250              -3.0324144               1.4299260              -0.5908246
           251              -3.3693495               1.4299260              -0.2954123
           252              -3.7062845               1.4299260              -0.0000002
           253               0.0000000               1.9065679              -3.2495351
           254              -0.3369350               1.9065679              -2.9541228
           255              -0.6738699               1.9065679              -2.6587105
           256              -1.0108049               1.9065679              -2.3632982
           257              -1.3477398               1.9065679              -2.0678859
           258              -1.6846747               1.9065679              -1.7724737
           259              -2.0216098               1.9065679              -1.4770613
           260              -2.3585448               1.9065679              -1.1816490
           261              -2.6954796               1.9065679              -0.8862369
           262              -3.0324144               1.9065679              -0.5908246
           263              -3.3693495               1.9065679              -0.2954123
           264              -3.7062845               1.9065679              -0.0000002
             0          0.00          0.00          0.00
               1               2              14              13
               2               3              15              14
               3               4              16              15
               4               5              17              16
               5               6              18              17
               6               7              19              18
               7               8              20              19
               8               9              21              20
               9              10              22              21
              10              11              23              22
              11              12              24              23
              25              26              38              37
              26              27              39              38
              27              28              40              39
              28              29              41              40
              29              30              42              41
              30              31              43              42
              31              32              44              43
              32              33              45              44
              33              34              46              45
              34              35              47              46
              35              36              48              47
              37              38              50              49
              38              39              51              50
              39              40              52              51
              40              41              53              52
              41              42              54              53
              42              43              55              54
              43              44              56              55
              44              45              57              56
              45              46              58              57
              46              47              59              58
              47              48              60              59
              49              50              62              61
              50              51              63              62
              51              52              64              63
              52              53              65              64
              53              54              66              65
              54              55              67              66
              55              56              68              67
              56              57              69              68
              57              58              70              69
              58              59              71              70
              59              60              72              71
              61              62              74              73
              62              63              75              74
              63              64              76              75
              64              65              77              76
              65              66              78              77
              66              67              79              78
              67              68              80              79
              68              69              81              80
              69              70              82              81
              70              71              83              82
              71              72              84              83
              73              74              86              85
              74              75              87              86
              75              76              88              87
              76              77              89              88
              77              78              90              89
              78              79              91              90
              79              80              92              91
              80              81              93              92
              81              82              94              93
              82              83              95              94
              83              84              96              95
              85              86              98              97
              86              87              99              98
              87              88             100              99
              88              89             101             100
              89              90             102             101
              90              91             103             102
              91              92             104             103
              92              93             105             104
              93              94             106             105
              94              95             107             106
              95              96             108             107
              97              98             110             109
              98              99             111             110
              99             100             112             111
             100             101             113             112
             101             102             114             113
             102             103             115             114
             103             104             116             115
             104             105             117             116
             105             106             118             117
             106             107             119             118
             107             108             120             119
             109             110             122             121
             110             111             123             122
             111             112             124             123
             112             113             125             124
             113             114             126             125
             114             115             127             126
             115             116             128             127
             116             117             129             128
             117             118             130             129
             118             119             131             130
             119             120             132             131
             133             134             146             145
             134             135             147             146
             135             136             148             147
             136             137             149             148
             137             138             150             149
             138             139             151             150
             139             140             152             151
             140             141             153             152
             141             142             154             153
             142             143             155             154
             143             144             156             155
             157             158             170             169
             158             159             171             170
             159             160             172             171
             160             161             173             172
             161             162             174             173
             162             163             175             174
             163             164             176             175
             164             165             177             176
             165             166             178             177
             166             167             179             178
             167             168             180             179
             169             170             182             181
             170             171             183             182
             171             172             184             183
             172             173             185             184
             173             174             186             185
             174             175             187             186
             175             176             188             187
             176             177             189             188
             177             178             190             189
             178             179             191             190
             179             180             192             191
             181             182             194             193
             182             183             195             194
             183             184             196             195
             184             185             197             196
             185             186             198             197
             186             187             199             198
             187             188             200             199
             188             189             201             200
             189             190             202             201
             190             191             203             202
             191             192             204             203
             193             194             206             205
             194             195             207             206
             195             196             208             207
             196             197             209             208
             197             198             210             209
             198             199             211             210
             199             200             212             211
             200             201             213             212
             201             202             214             213
             202             203             215             214
             203             204             216             215
             205             206             218             217
             206             207             219             218
             207             208             220             219
             208             209             221             220
             209             210             222             221
             210             211             223             222
             211             212             224             223
             212             213             225             224
             213             214             226             225
             214             215             227             226
             215             216             228             227
             217             218             230             229
             218             219             231             230
             219             220             232             231
             220             221             233             232
             221             222             234             233
             222             223             235             234
             223             224             236             235
             224             225             237             236
             225             226             238             237
             226             227             239             238
             227             228             240             239
             229             230             242             241
             230             231             243             242
             231             232             244             243
             232             233             245             244
             233             234             246             245
             234             235             247             246
             235             236             248             247
             236             237             249             248
             237             238             250             249
             238             239             251             250
             239             240             252             251
             241             242             254             253
             242             243             255             254
             243             244             256             255
             244             245             257             256
             245             246             258             257
             246             247             259             258
             247             248             260             259
             248             249             261             260
             249             250             262             261
             250             251             263             262
             251             252             264             263
          0          0          0          0
