                    2          0
             1               0.0000000               0.0000000              -3.8538685
             2               0.1321055               0.0511780              -3.5035167
             3               0.2642111               0.1023559              -3.1531651
             4               0.3963166               0.1535339              -2.8028135
             5               0.5284222               0.2047119              -2.4524617
             6               0.6605278               0.2558898              -2.1021099
             7               0.7926332               0.3070678              -1.7517583
             8               0.9247388               0.3582457              -1.4014068
             9               1.0568444               0.4094237              -1.0510550
            10               1.1889499               0.4606017              -0.7007036
            11               1.3210555               0.5117796              -0.3503516
            12               1.4531610               0.5629576               0.0000002
            13               0.0000000               0.0000000              -3.8538685
            14               0.1416724               0.0000000              -3.5035167
            15               0.2833447               0.0000000              -3.1531651
            16               0.4250171               0.0000000              -2.8028135
            17               0.5666894               0.0000000              -2.4524617
            18               0.7083618               0.0000000              -2.1021099
            19               0.8500342               0.0000000              -1.7517583
            20               0.9917065               0.0000000              -1.4014068
            21               1.1333789               0.0000000              -1.0510550
            22               1.2750512               0.0000000              -0.7007036
            23               1.4167236               0.0000000              -0.3503516
            24               1.5583959               0.0000000               0.0000002
            25               0.0000000               0.0000000              -3.8538685
            26               0.1046971               0.0954441              -3.5035167
            27               0.2093943               0.1908881              -3.1531651
            28               0.3140914               0.2863322              -2.8028135
            29               0.4187886               0.3817762              -2.4524617
            30               0.5234857               0.4772203              -2.1021099
            31               0.6281828               0.5726643              -1.7517583
            32               0.7328800               0.6681083              -1.4014068
            33               0.8375771               0.7635524              -1.0510550
            34               0.9422743               0.8589965              -0.7007036
            35               1.0469714               0.9544405              -0.3503516
            36               1.1516685               1.0498846               0.0000002
            37               0.0000000               0.0000000              -3.8538685
            38               0.1321055               0.0511780              -3.5035167
            39               0.2642111               0.1023559              -3.1531651
            40               0.3963166               0.1535339              -2.8028135
            41               0.5284222               0.2047119              -2.4524617
            42               0.6605278               0.2558898              -2.1021099
            43               0.7926332               0.3070678              -1.7517583
            44               0.9247388               0.3582457              -1.4014068
            45               1.0568444               0.4094237              -1.0510550
            46               1.1889499               0.4606017              -0.7007036
            47               1.3210555               0.5117796              -0.3503516
            48               1.4531610               0.5629576               0.0000002
            49               0.0000000               0.0000000              -3.8538685
            50               0.0631488               0.1268199              -3.5035167
            51               0.1262976               0.2536398              -3.1531651
            52               0.1894464               0.3804597              -2.8028135
            53               0.2525952               0.5072796              -2.4524617
            54               0.3157440               0.6340995              -2.1021099
            55               0.3788929               0.7609194              -1.7517583
            56               0.4420417               0.8877394              -1.4014068
            57               0.5051904               1.0145593              -1.0510550
            58               0.5683393               1.1413791              -0.7007036
            59               0.6314881               1.2681991              -0.3503516
            60               0.6946369               1.3950189               0.0000002
            61               0.0000000               0.0000000              -3.8538685
            62               0.1046971               0.0954441              -3.5035167
            63               0.2093943               0.1908881              -3.1531651
            64               0.3140914               0.2863322              -2.8028135
            65               0.4187886               0.3817762              -2.4524617
            66               0.5234857               0.4772203              -2.1021099
            67               0.6281828               0.5726643              -1.7517583
            68               0.7328800               0.6681083              -1.4014068
            69               0.8375771               0.7635524              -1.0510550
            70               0.9422743               0.8589965              -0.7007036
            71               1.0469714               0.9544405              -0.3503516
            72               1.1516685               1.0498846               0.0000002
            73               0.0000000               0.0000000              -3.8538685
            74               0.0130719               0.1410680              -3.5035167
            75               0.0261437               0.2821360              -3.1531651
            76               0.0392156               0.4232040              -2.8028135
            77               0.0522875               0.5642720              -2.4524617
            78               0.0653594               0.7053401              -2.1021099
            79               0.0784312               0.8464081              -1.7517583
            80               0.0915031               0.9874761              -1.4014068
            81               0.1045750               1.1285441              -1.0510550
            82               0.1176469               1.2696122              -0.7007036
            83               0.1307187               1.4106802              -0.3503516
            84               0.1437906               1.5517482               0.0000002
            85               0.0000000               0.0000000              -3.8538685
            86               0.0631488               0.1268199              -3.5035167
            87               0.1262976               0.2536398              -3.1531651
            88               0.1894464               0.3804597              -2.8028135
            89               0.2525952               0.5072796              -2.4524617
            90               0.3157440               0.6340995              -2.1021099
            91               0.3788929               0.7609194              -1.7517583
            92               0.4420417               0.8877394              -1.4014068
            93               0.5051904               1.0145593              -1.0510550
            94               0.5683393               1.1413791              -0.7007036
            95               0.6314881               1.2681991              -0.3503516
            96               0.6946369               1.3950189               0.0000002
            97               0.0000000               0.0000000              -3.8538685
            98              -0.0387705               0.1362641              -3.5035167
            99              -0.0775410               0.2725282              -3.1531651
           100              -0.1163114               0.4087923              -2.8028135
           101              -0.1550819               0.5450564              -2.4524617
           102              -0.1938524               0.6813205              -2.1021099
           103              -0.2326229               0.8175846              -1.7517583
           104              -0.2713934               0.9538488              -1.4014068
           105              -0.3101639               1.0901128              -1.0510550
           106              -0.3489343               1.2263770              -0.7007036
           107              -0.3877048               1.3626411              -0.3503516
           108              -0.4264753               1.4989052               0.0000002
           109               0.0000000               0.0000000              -3.8538685
           110               0.0130719               0.1410680              -3.5035167
           111               0.0261437               0.2821360              -3.1531651
           112               0.0392156               0.4232040              -2.8028135
           113               0.0522875               0.5642720              -2.4524617
           114               0.0653594               0.7053401              -2.1021099
           115               0.0784312               0.8464081              -1.7517583
           116               0.0915031               0.9874761              -1.4014068
           117               0.1045750               1.1285441              -1.0510550
           118               0.1176469               1.2696122              -0.7007036
           119               0.1307187               1.4106802              -0.3503516
           120               0.1437906               1.5517482               0.0000002
           121               0.0000000               0.0000000              -3.8538685
           122              -0.0853767               0.1130570              -3.5035167
           123              -0.1707533               0.2261140              -3.1531651
           124              -0.2561300               0.3391710              -2.8028135
           125              -0.3415067               0.4522280              -2.4524617
           126              -0.4268833               0.5652849              -2.1021099
           127              -0.5122600               0.6783419              -1.7517583
           128              -0.5976368               0.7913989              -1.4014068
           129              -0.6830134               0.9044559              -1.0510550
           130              -0.7683901               1.0175128              -0.7007036
           131              -0.8537667               1.1305698              -0.3503516
           132              -0.9391434               1.2436268               0.0000002
           133               0.0000000               0.0000000              -3.8538685
           134              -0.0387705               0.1362641              -3.5035167
           135              -0.0775410               0.2725282              -3.1531651
           136              -0.1163114               0.4087923              -2.8028135
           137              -0.1550819               0.5450564              -2.4524617
           138              -0.1938524               0.6813205              -2.1021099
           139              -0.2326229               0.8175846              -1.7517583
           140              -0.2713934               0.9538488              -1.4014068
           141              -0.3101639               1.0901128              -1.0510550
           142              -0.3489343               1.2263770              -0.7007036
           143              -0.3877048               1.3626411              -0.3503516
           144              -0.4264753               1.4989052               0.0000002
           145               0.0000000               0.0000000              -3.8538685
           146              -0.1204523               0.0745809              -3.5035167
           147              -0.2409046               0.1491618              -3.1531651
           148              -0.3613568               0.2237427              -2.8028135
           149              -0.4818091               0.2983236              -2.4524617
           150              -0.6022614               0.3729045              -2.1021099
           151              -0.7227136               0.4474854              -1.7517583
           152              -0.8431659               0.5220662              -1.4014068
           153              -0.9636182               0.5966471              -1.0510550
           154              -1.0840704               0.6712280              -0.7007036
           155              -1.2045227               0.7458090              -0.3503516
           156              -1.3249750               0.8203898               0.0000002
           157               0.0000000               0.0000000              -3.8538685
           158              -0.0853767               0.1130570              -3.5035167
           159              -0.1707533               0.2261140              -3.1531651
           160              -0.2561300               0.3391710              -2.8028135
           161              -0.3415067               0.4522280              -2.4524617
           162              -0.4268833               0.5652849              -2.1021099
           163              -0.5122600               0.6783419              -1.7517583
           164              -0.5976368               0.7913989              -1.4014068
           165              -0.6830134               0.9044559              -1.0510550
           166              -0.7683901               1.0175128              -0.7007036
           167              -0.8537667               1.1305698              -0.3503516
           168              -0.9391434               1.2436268               0.0000002
           169               0.0000000               0.0000000              -3.8538685
           170              -0.1392601               0.0260322              -3.5035167
           171              -0.2785202               0.0520645              -3.1531651
           172              -0.4177804               0.0780967              -2.8028135
           173              -0.5570405               0.1041289              -2.4524617
           174              -0.6963006               0.1301612              -2.1021099
           175              -0.8355607               0.1561934              -1.7517583
           176              -0.9748209               0.1822256              -1.4014068
           177              -1.1140809               0.2082578              -1.0510550
           178              -1.2533411               0.2342901              -0.7007036
           179              -1.3926011               0.2603223              -0.3503516
           180              -1.5318614               0.2863545               0.0000002
           181               0.0000000               0.0000000              -3.8538685
           182              -0.1204523               0.0745809              -3.5035167
           183              -0.2409046               0.1491618              -3.1531651
           184              -0.3613568               0.2237427              -2.8028135
           185              -0.4818091               0.2983236              -2.4524617
           186              -0.6022614               0.3729045              -2.1021099
           187              -0.7227136               0.4474854              -1.7517583
           188              -0.8431659               0.5220663              -1.4014068
           189              -0.9636182               0.5966472              -1.0510550
           190              -1.0840704               0.6712281              -0.7007036
           191              -1.2045227               0.7458090              -0.3503516
           192              -1.3249750               0.8203898               0.0000002
           193               0.0000000               0.0000000              -3.8538685
           194              -0.1392601              -0.0260322              -3.5035167
           195              -0.2785202              -0.0520645              -3.1531651
           196              -0.4177804              -0.0780967              -2.8028135
           197              -0.5570405              -0.1041289              -2.4524617
           198              -0.6963006              -0.1301612              -2.1021099
           199              -0.8355607              -0.1561934              -1.7517583
           200              -0.9748209              -0.1822256              -1.4014068
           201              -1.1140809              -0.2082578              -1.0510550
           202              -1.2533411              -0.2342901              -0.7007036
           203              -1.3926011              -0.2603223              -0.3503516
           204              -1.5318614              -0.2863545               0.0000002
           205               0.0000000               0.0000000              -3.8538685
           206              -0.1392601               0.0260322              -3.5035167
           207              -0.2785202               0.0520645              -3.1531651
           208              -0.4177804               0.0780967              -2.8028135
           209              -0.5570405               0.1041289              -2.4524617
           210              -0.6963006               0.1301612              -2.1021099
           211              -0.8355607               0.1561934              -1.7517583
           212              -0.9748209               0.1822256              -1.4014068
           213              -1.1140809               0.2082578              -1.0510550
           214              -1.2533411               0.2342901              -0.7007036
           215              -1.3926011               0.2603223              -0.3503516
           216              -1.5318614               0.2863545               0.0000002
           217               0.0000000               0.0000000              -3.8538685
           218              -0.1204523              -0.0745809              -3.5035167
           219              -0.2409046              -0.1491618              -3.1531651
           220              -0.3613568              -0.2237427              -2.8028135
           221              -0.4818091              -0.2983236              -2.4524617
           222              -0.6022614              -0.3729045              -2.1021099
           223              -0.7227136              -0.4474854              -1.7517583
           224              -0.8431659              -0.5220662              -1.4014068
           225              -0.9636182              -0.5966471              -1.0510550
           226              -1.0840704              -0.6712280              -0.7007036
           227              -1.2045227              -0.7458090              -0.3503516
           228              -1.3249750              -0.8203898               0.0000002
           229               0.0000000               0.0000000              -3.8538685
           230              -0.1392601              -0.0260322              -3.5035167
           231              -0.2785202              -0.0520645              -3.1531651
           232              -0.4177804              -0.0780967              -2.8028135
           233              -0.5570405              -0.1041289              -2.4524617
           234              -0.6963006              -0.1301611              -2.1021099
           235              -0.8355607              -0.1561934              -1.7517583
           236              -0.9748209              -0.1822256              -1.4014068
           237              -1.1140809              -0.2082578              -1.0510550
           238              -1.2533411              -0.2342900              -0.7007036
           239              -1.3926011              -0.2603223              -0.3503516
           240              -1.5318614              -0.2863545               0.0000002
           241               0.0000000               0.0000000              -3.8538685
           242              -0.0853767              -0.1130570              -3.5035167
           243              -0.1707533              -0.2261140              -3.1531651
           244              -0.2561300              -0.3391710              -2.8028135
           245              -0.3415067              -0.4522280              -2.4524617
           246              -0.4268833              -0.5652849              -2.1021099
           247              -0.5122600              -0.6783419              -1.7517583
           248              -0.5976368              -0.7913989              -1.4014068
           249              -0.6830134              -0.9044559              -1.0510550
           250              -0.7683901              -1.0175128              -0.7007036
           251              -0.8537667              -1.1305698              -0.3503516
           252              -0.9391434              -1.2436268               0.0000002
           253               0.0000000               0.0000000              -3.8538685
           254              -0.1204523              -0.0745809              -3.5035167
           255              -0.2409046              -0.1491618              -3.1531651
           256              -0.3613568              -0.2237427              -2.8028135
           257              -0.4818091              -0.2983236              -2.4524617
           258              -0.6022614              -0.3729045              -2.1021099
           259              -0.7227136              -0.4474854              -1.7517583
           260              -0.8431659              -0.5220662              -1.4014068
           261              -0.9636182              -0.5966471              -1.0510550
           262              -1.0840704              -0.6712280              -0.7007036
           263              -1.2045227              -0.7458090              -0.3503516
           264              -1.3249750              -0.8203898               0.0000002
           265               0.0000000               0.0000000              -3.8538685
           266              -0.0387705              -0.1362641              -3.5035167
           267              -0.0775410              -0.2725282              -3.1531651
           268              -0.1163114              -0.4087923              -2.8028135
           269              -0.1550819              -0.5450564              -2.4524617
           270              -0.1938524              -0.6813205              -2.1021099
           271              -0.2326229              -0.8175846              -1.7517583
           272              -0.2713934              -0.9538488              -1.4014068
           273              -0.3101639              -1.0901128              -1.0510550
           274              -0.3489343              -1.2263770              -0.7007036
           275              -0.3877048              -1.3626411              -0.3503516
           276              -0.4264753              -1.4989052               0.0000002
           277               0.0000000               0.0000000              -3.8538685
           278              -0.0853767              -0.1130570              -3.5035167
           279              -0.1707533              -0.2261140              -3.1531651
           280              -0.2561300              -0.3391710              -2.8028135
           281              -0.3415067              -0.4522280              -2.4524617
           282              -0.4268833              -0.5652849              -2.1021099
           283              -0.5122600              -0.6783419              -1.7517583
           284              -0.5976368              -0.7913989              -1.4014068
           285              -0.6830134              -0.9044559              -1.0510550
           286              -0.7683901              -1.0175128              -0.7007036
           287              -0.8537667              -1.1305698              -0.3503516
           288              -0.9391434              -1.2436268               0.0000002
           289               0.0000000               0.0000000              -3.8538685
           290               0.0130719              -0.1410680              -3.5035167
           291               0.0261437              -0.2821360              -3.1531651
           292               0.0392156              -0.4232040              -2.8028135
           293               0.0522875              -0.5642720              -2.4524617
           294               0.0653594              -0.7053401              -2.1021099
           295               0.0784312              -0.8464081              -1.7517583
           296               0.0915031              -0.9874761              -1.4014068
           297               0.1045750              -1.1285441              -1.0510550
           298               0.1176469              -1.2696122              -0.7007036
           299               0.1307187              -1.4106802              -0.3503516
           300               0.1437906              -1.5517482               0.0000002
           301               0.0000000               0.0000000              -3.8538685
           302              -0.0387705              -0.1362641              -3.5035167
           303              -0.0775410              -0.2725282              -3.1531651
           304              -0.1163114              -0.4087923              -2.8028135
           305              -0.1550819              -0.5450564              -2.4524617
           306              -0.1938524              -0.6813205              -2.1021099
           307              -0.2326229              -0.8175846              -1.7517583
           308              -0.2713934              -0.9538488              -1.4014068
           309              -0.3101639              -1.0901128              -1.0510550
           310              -0.3489343              -1.2263770              -0.7007036
           311              -0.3877048              -1.3626411              -0.3503516
           312              -0.4264753              -1.4989052               0.0000002
           313               0.0000000               0.0000000              -3.8538685
           314               0.0631488              -0.1268199              -3.5035167
           315               0.1262976              -0.2536398              -3.1531651
           316               0.1894464              -0.3804597              -2.8028135
           317               0.2525952              -0.5072796              -2.4524617
           318               0.3157440              -0.6340995              -2.1021099
           319               0.3788929              -0.7609194              -1.7517583
           320               0.4420417              -0.8877394              -1.4014068
           321               0.5051904              -1.0145593              -1.0510550
           322               0.5683393              -1.1413791              -0.7007036
           323               0.6314881              -1.2681991              -0.3503516
           324               0.6946369              -1.3950189               0.0000002
           325               0.0000000               0.0000000              -3.8538685
           326               0.0130719              -0.1410680              -3.5035167
           327               0.0261437              -0.2821360              -3.1531651
           328               0.0392156              -0.4232040              -2.8028135
           329               0.0522875              -0.5642720              -2.4524617
           330               0.0653594              -0.7053401              -2.1021099
           331               0.0784312              -0.8464081              -1.7517583
           332               0.0915031              -0.9874761              -1.4014068
           333               0.1045750              -1.1285441              -1.0510550
           334               0.1176469              -1.2696122              -0.7007036
           335               0.1307187              -1.4106802              -0.3503516
           336               0.1437906              -1.5517482               0.0000002
           337               0.0000000               0.0000000              -3.8538685
           338               0.1046971              -0.0954441              -3.5035167
           339               0.2093943              -0.1908881              -3.1531651
           340               0.3140914              -0.2863322              -2.8028135
           341               0.4187886              -0.3817762              -2.4524617
           342               0.5234857              -0.4772203              -2.1021099
           343               0.6281828              -0.5726643              -1.7517583
           344               0.7328800              -0.6681083              -1.4014068
           345               0.8375771              -0.7635524              -1.0510550
           346               0.9422743              -0.8589965              -0.7007036
           347               1.0469714              -0.9544405              -0.3503516
           348               1.1516685              -1.0498846               0.0000002
           349               0.0000000               0.0000000              -3.8538685
           350               0.0631488              -0.1268199              -3.5035167
           351               0.1262976              -0.2536398              -3.1531651
           352               0.1894464              -0.3804597              -2.8028135
           353               0.2525952              -0.5072796              -2.4524617
           354               0.3157440              -0.6340995              -2.1021099
           355               0.3788929              -0.7609194              -1.7517583
           356               0.4420417              -0.8877394              -1.4014068
           357               0.5051904              -1.0145593              -1.0510550
           358               0.5683393              -1.1413791              -0.7007036
           359               0.6314881              -1.2681991              -0.3503516
           360               0.6946369              -1.3950189               0.0000002
           361               0.0000000               0.0000000              -3.8538685
           362               0.1321055              -0.0511780              -3.5035167
           363               0.2642111              -0.1023559              -3.1531651
           364               0.3963166              -0.1535339              -2.8028135
           365               0.5284222              -0.2047119              -2.4524617
           366               0.6605278              -0.2558898              -2.1021099
           367               0.7926332              -0.3070678              -1.7517583
           368               0.9247388              -0.3582457              -1.4014068
           369               1.0568444              -0.4094237              -1.0510550
           370               1.1889499              -0.4606017              -0.7007036
           371               1.3210555              -0.5117796              -0.3503516
           372               1.4531610              -0.5629576               0.0000002
           373               0.0000000               0.0000000              -3.8538685
           374               0.1046971              -0.0954441              -3.5035167
           375               0.2093943              -0.1908881              -3.1531651
           376               0.3140914              -0.2863322              -2.8028135
           377               0.4187886              -0.3817762              -2.4524617
           378               0.5234857              -0.4772203              -2.1021099
           379               0.6281828              -0.5726643              -1.7517583
           380               0.7328800              -0.6681083              -1.4014068
           381               0.8375771              -0.7635524              -1.0510550
           382               0.9422743              -0.8589965              -0.7007036
           383               1.0469714              -0.9544405              -0.3503516
           384               1.1516685              -1.0498846               0.0000002
           385               0.0000000               0.0000000              -3.8538685
           386               0.1416724               0.0000000              -3.5035167
           387               0.2833447               0.0000000              -3.1531651
           388               0.4250171               0.0000000              -2.8028135
           389               0.5666894               0.0000000              -2.4524617
           390               0.7083618               0.0000000              -2.1021099
           391               0.8500342               0.0000000              -1.7517583
           392               0.9917065               0.0000000              -1.4014068
           393               1.1333789               0.0000000              -1.0510550
           394               1.2750512               0.0000000              -0.7007036
           395               1.4167236               0.0000000              -0.3503516
           396               1.5583959               0.0000000               0.0000002
           397               0.0000000               0.0000000              -3.8538685
           398               0.1321055              -0.0511780              -3.5035167
           399               0.2642111              -0.1023559              -3.1531651
           400               0.3963166              -0.1535339              -2.8028135
           401               0.5284222              -0.2047119              -2.4524617
           402               0.6605278              -0.2558898              -2.1021099
           403               0.7926332              -0.3070678              -1.7517583
           404               0.9247388              -0.3582457              -1.4014068
           405               1.0568444              -0.4094237              -1.0510550
           406               1.1889499              -0.4606017              -0.7007036
           407               1.3210555              -0.5117796              -0.3503516
           408               1.4531610              -0.5629576               0.0000002
             0          0.00          0.00          0.00
               1               2              14              13
               2               3              15              14
               3               4              16              15
               4               5              17              16
               5               6              18              17
               6               7              19              18
               7               8              20              19
               8               9              21              20
               9              10              22              21
              10              11              23              22
              11              12              24              23
              25              26              38              37
              26              27              39              38
              27              28              40              39
              28              29              41              40
              29              30              42              41
              30              31              43              42
              31              32              44              43
              32              33              45              44
              33              34              46              45
              34              35              47              46
              35              36              48              47
              49              50              62              61
              50              51              63              62
              51              52              64              63
              52              53              65              64
              53              54              66              65
              54              55              67              66
              55              56              68              67
              56              57              69              68
              57              58              70              69
              58              59              71              70
              59              60              72              71
              73              74              86              85
              74              75              87              86
              75              76              88              87
              76              77              89              88
              77              78              90              89
              78              79              91              90
              79              80              92              91
              80              81              93              92
              81              82              94              93
              82              83              95              94
              83              84              96              95
              97              98             110             109
              98              99             111             110
              99             100             112             111
             100             101             113             112
             101             102             114             113
             102             103             115             114
             103             104             116             115
             104             105             117             116
             105             106             118             117
             106             107             119             118
             107             108             120             119
             121             122             134             133
             122             123             135             134
             123             124             136             135
             124             125             137             136
             125             126             138             137
             126             127             139             138
             127             128             140             139
             128             129             141             140
             129             130             142             141
             130             131             143             142
             131             132             144             143
             145             146             158             157
             146             147             159             158
             147             148             160             159
             148             149             161             160
             149             150             162             161
             150             151             163             162
             151             152             164             163
             152             153             165             164
             153             154             166             165
             154             155             167             166
             155             156             168             167
             169             170             182             181
             170             171             183             182
             171             172             184             183
             172             173             185             184
             173             174             186             185
             174             175             187             186
             175             176             188             187
             176             177             189             188
             177             178             190             189
             178             179             191             190
             179             180             192             191
             193             194             206             205
             194             195             207             206
             195             196             208             207
             196             197             209             208
             197             198             210             209
             198             199             211             210
             199             200             212             211
             200             201             213             212
             201             202             214             213
             202             203             215             214
             203             204             216             215
             217             218             230             229
             218             219             231             230
             219             220             232             231
             220             221             233             232
             221             222             234             233
             222             223             235             234
             223             224             236             235
             224             225             237             236
             225             226             238             237
             226             227             239             238
             227             228             240             239
             241             242             254             253
             242             243             255             254
             243             244             256             255
             244             245             257             256
             245             246             258             257
             246             247             259             258
             247             248             260             259
             248             249             261             260
             249             250             262             261
             250             251             263             262
             251             252             264             263
             265             266             278             277
             266             267             279             278
             267             268             280             279
             268             269             281             280
             269             270             282             281
             270             271             283             282
             271             272             284             283
             272             273             285             284
             273             274             286             285
             274             275             287             286
             275             276             288             287
             289             290             302             301
             290             291             303             302
             291             292             304             303
             292             293             305             304
             293             294             306             305
             294             295             307             306
             295             296             308             307
             296             297             309             308
             297             298             310             309
             298             299             311             310
             299             300             312             311
             313             314             326             325
             314             315             327             326
             315             316             328             327
             316             317             329             328
             317             318             330             329
             318             319             331             330
             319             320             332             331
             320             321             333             332
             321             322             334             333
             322             323             335             334
             323             324             336             335
             337             338             350             349
             338             339             351             350
             339             340             352             351
             340             341             353             352
             341             342             354             353
             342             343             355             354
             343             344             356             355
             344             345             357             356
             345             346             358             357
             346             347             359             358
             347             348             360             359
             361             362             374             373
             362             363             375             374
             363             364             376             375
             364             365             377             376
             365             366             378             377
             366             367             379             378
             367             368             380             379
             368             369             381             380
             369             370             382             381
             370             371             383             382
             371             372             384             383
             385             386             398             397
             386             387             399             398
             387             388             400             399
             388             389             401             400
             389             390             402             401
             390             391             403             402
             391             392             404             403
             392             393             405             404
             393             394             406             405
             394             395             407             406
             395             396             408             407
          0          0          0          0
